[preset00]
fRating=5.000000
fGammaAdj=2.000000
fDecay=0.950000
fVideoEchoZoom=0.996630
fVideoEchoAlpha=0.500000
nVideoEchoOrientation=1
nWaveMode=6
bAdditiveWaves=0
bWaveDots=0
bModWaveAlphaByVolume=0
bMaximizeWaveColor=0
bTexWrap=0
bDarkenCenter=1
bRedBlueStereo=0
bBrighten=0
bDarken=1
bSolarize=0
bInvert=0
fWaveAlpha=100.000000
fWaveScale=0.880224
fWaveSmoothing=0.000000
fWaveParam=-1.000000
fModWaveAlphaStart=0.750000
fModWaveAlphaEnd=0.950000
fWarpAnimSpeed=1.000000
fWarpScale=1.000000
fZoomExponent=2.279703
fShader=1.000000
zoom=1.000000
rot=0.000000
cx=0.500000
cy=0.500000
dx=0.000000
dy=0.000000
warp=1.000000
sx=0.869963
sy=0.960980
wave_r=0.500000
wave_g=0.500000
wave_b=0.500000
wave_x=0.500000
wave_y=0.500000
ob_size=0.010000
ob_r=0.000000
ob_g=0.000000
ob_b=0.000000
ob_a=0.000000
ib_size=0.010000
ib_r=0.250000
ib_g=0.250000
ib_b=0.250000
ib_a=0.000000
nMotionVectorsX=12.000000
nMotionVectorsY=9.000000
mv_l=0.900000
mv_r=1.000000
mv_g=1.000000
mv_b=1.000000
mv_a=0.400000
per_frame_1=warp = 0;
per_frame_2=wave_r = wave_r + .5*sin(time*333) + bass*.3;
per_frame_3=wave_g = wave_g + .5*sin(time*222) + treb*.3;
per_frame_4=wave_b = wave_b + .5*sin(time*111) + mid*.3;
per_frame_5=rot = .4*sin(mid_att*.05);
per_frame_6=mv_x=2;
per_frame_7=mv_y=40;
per_frame_8=mv_l=mid;
per_pixel_1=ray = pow(rad,1.8)+.05;
per_pixel_2=zoom = (ray/rad)*1.4 + .3*sin(ang*(bass*5))+(bass*.2);
