[preset00]
fRating=2.000000
fGammaAdj=0.100000
fDecay=0.910000
fVideoEchoZoom=1.010137
fVideoEchoAlpha=0.500000
nVideoEchoOrientation=2
nWaveMode=3
bAdditiveWaves=0
bWaveDots=0
bWaveThick=1
bModWaveAlphaByVolume=0
bMaximizeWaveColor=0
bTexWrap=1
bDarkenCenter=0
bRedBlueStereo=0
bBrighten=0
bDarken=0
bSolarize=1
bInvert=0
fWaveAlpha=0.800000
fWaveScale=0.094479
fWaveSmoothing=0.750000
fWaveParam=0.000000
fModWaveAlphaStart=0.750000
fModWaveAlphaEnd=0.950000
fWarpAnimSpeed=1.000000
fWarpScale=1.000000
fZoomExponent=1.000000
fShader=0.000000
zoom=1.110000
rot=0.000000
cx=0.500000
cy=0.500000
dx=0.015000
dy=0.000000
warp=2.143582
sx=1.000000
sy=1.000000
wave_r=0.500000
wave_g=0.500000
wave_b=0.500000
wave_x=0.500000
wave_y=0.500000
ob_size=0.010000
ob_r=0.000000
ob_g=0.000000
ob_b=0.000000
ob_a=0.000000
ib_size=0.010000
ib_r=0.250000
ib_g=0.250000
ib_b=0.250000
ib_a=0.000000
nMotionVectorsX=12.000000
nMotionVectorsY=9.000000
mv_dx=0.000000
mv_dy=0.000000
mv_l=0.900000
mv_r=1.000000
mv_g=1.000000
mv_b=1.000000
mv_a=0.000000
wavecode_0_enabled=0
wavecode_0_samples=512
wavecode_0_sep=0
wavecode_0_bSpectrum=0
wavecode_0_bUseDots=0
wavecode_0_bDrawThick=0
wavecode_0_bAdditive=0
wavecode_0_scaling=1.000000
wavecode_0_smoothing=0.500000
wavecode_0_r=1.000000
wavecode_0_g=1.000000
wavecode_0_b=1.000000
wavecode_0_a=1.000000
wavecode_1_enabled=0
wavecode_1_samples=512
wavecode_1_sep=0
wavecode_1_bSpectrum=0
wavecode_1_bUseDots=0
wavecode_1_bDrawThick=0
wavecode_1_bAdditive=0
wavecode_1_scaling=1.000000
wavecode_1_smoothing=0.500000
wavecode_1_r=1.000000
wavecode_1_g=1.000000
wavecode_1_b=1.000000
wavecode_1_a=1.000000
wavecode_2_enabled=0
wavecode_2_samples=512
wavecode_2_sep=0
wavecode_2_bSpectrum=0
wavecode_2_bUseDots=0
wavecode_2_bDrawThick=0
wavecode_2_bAdditive=0
wavecode_2_scaling=1.000000
wavecode_2_smoothing=0.500000
wavecode_2_r=1.000000
wavecode_2_g=1.000000
wavecode_2_b=1.000000
wavecode_2_a=1.000000
shapecode_0_enabled=0
shapecode_0_sides=4
shapecode_0_additive=0
shapecode_0_thickOutline=0
shapecode_0_x=0.500000
shapecode_0_y=0.500000
shapecode_0_rad=0.100000
shapecode_0_ang=0.000000
shapecode_0_r=1.000000
shapecode_0_g=0.000000
shapecode_0_b=0.000000
shapecode_0_a=1.000000
shapecode_0_r2=0.000000
shapecode_0_g2=1.000000
shapecode_0_b2=0.000000
shapecode_0_a2=0.000000
shapecode_0_border_r=1.000000
shapecode_0_border_g=1.000000
shapecode_0_border_b=1.000000
shapecode_0_border_a=0.100000
shapecode_1_enabled=0
shapecode_1_sides=4
shapecode_1_additive=0
shapecode_1_thickOutline=0
shapecode_1_x=0.500000
shapecode_1_y=0.500000
shapecode_1_rad=0.100000
shapecode_1_ang=0.000000
shapecode_1_r=1.000000
shapecode_1_g=0.000000
shapecode_1_b=0.000000
shapecode_1_a=1.000000
shapecode_1_r2=0.000000
shapecode_1_g2=1.000000
shapecode_1_b2=0.000000
shapecode_1_a2=0.000000
shapecode_1_border_r=1.000000
shapecode_1_border_g=1.000000
shapecode_1_border_b=1.000000
shapecode_1_border_a=0.100000
shapecode_2_enabled=0
shapecode_2_sides=4
shapecode_2_additive=0
shapecode_2_thickOutline=0
shapecode_2_x=0.500000
shapecode_2_y=0.500000
shapecode_2_rad=0.100000
shapecode_2_ang=0.000000
shapecode_2_r=1.000000
shapecode_2_g=0.000000
shapecode_2_b=0.000000
shapecode_2_a=1.000000
shapecode_2_r2=0.000000
shapecode_2_g2=1.000000
shapecode_2_b2=0.000000
shapecode_2_a2=0.000000
shapecode_2_border_r=1.000000
shapecode_2_border_g=1.000000
shapecode_2_border_b=1.000000
shapecode_2_border_a=0.100000
per_frame_1=warp = 0;
per_frame_2=wave_mystery = .3*sin(time);
per_frame_3=wave_r = wave_r + .25*sin(time*.666);
per_frame_4=wave_g = wave_g - wave_mystery;
per_pixel_1=rot = rot + .1*sin((pow(x,2))*50+(time*5));
per_pixel_2=dy = rot;
