[preset00]
fRating=2.000000
fGammaAdj=1.700000
fDecay=0.990000
fVideoEchoZoom=1.000000
fVideoEchoAlpha=0.000000
nVideoEchoOrientation=1
nWaveMode=5
bAdditiveWaves=0
bWaveDots=0
bWaveThick=0
bModWaveAlphaByVolume=1
bMaximizeWaveColor=0
bTexWrap=1
bDarkenCenter=0
bRedBlueStereo=0
bBrighten=1
bDarken=0
bSolarize=0
bInvert=0
fWaveAlpha=100.000000
fWaveScale=0.359495
fWaveSmoothing=0.500000
fWaveParam=0.000000
fModWaveAlphaStart=0.500000
fModWaveAlphaEnd=1.000000
fWarpAnimSpeed=1.000000
fWarpScale=0.050534
fZoomExponent=1.000000
fShader=0.000000
zoom=1.000000
rot=0.000000
cx=0.500000
cy=0.500000
dx=0.000010
dy=0.000010
warp=0.010000
sx=1.000000
sy=1.000000
wave_r=1.000000
wave_g=1.000000
wave_b=1.000000
wave_x=0.500000
wave_y=0.500000
ob_size=0.005000
ob_r=0.000000
ob_g=0.000000
ob_b=0.000000
ob_a=0.300000
ib_size=0.010000
ib_r=1.000000
ib_g=1.000000
ib_b=1.000000
ib_a=0.300000
nMotionVectorsX=0.000000
nMotionVectorsY=0.000000
mv_dx=0.000000
mv_dy=0.000000
mv_l=1.000000
mv_r=1.000000
mv_g=1.000000
mv_b=1.000000
mv_a=0.000000
per_frame_1=rot = rot + if (above(treb,1), 0.01, -0.01);
per_frame_2=dy = dy + if (above(bass,1), 0.01, -0.01);
per_frame_3=warp = warp + if (above(mid,1), +0.2, 0);
per_frame_4=dx = dx + if (above(bass,1.5), 0.01, - 0.0005);
per_frame_5=zoom = zoom + if (above(treb,1.5), 0.01, -0.0001);
per_frame_6=rot = rot + if (above(mid,1.5), +(mid-bass)*0.1, 0);
per_pixel_1=thresh = above(bass_att,thresh)*2 + (1-above(bass_att,thresh))*((thresh-1.1)*0.96+1.1);
per_pixel_2=dx_r = equal (thresh,2)*0.016*sin(time*7) + (1-equal(thresh,2))*dx_r;
per_pixel_3=dy_r = equal (thresh,2)*0.015*sin(time*8) + (1-equal(thresh,2))*dy_r;
per_pixel_4=dx = dx + dx_r*(2*rad);
per_pixel_5=dy = dy + dy_r*(2*rad);
