[preset00]
fRating=3.000000
fGammaAdj=1.000000
fDecay=1.000000
fVideoEchoZoom=1.000000
fVideoEchoAlpha=0.000000
nVideoEchoOrientation=1
nWaveMode=5
bAdditiveWaves=0
bWaveDots=1
bWaveThick=0
bModWaveAlphaByVolume=0
bMaximizeWaveColor=0
bTexWrap=0
bDarkenCenter=0
bRedBlueStereo=0
bBrighten=0
bDarken=0
bSolarize=0
bInvert=0
fWaveAlpha=100.000000
fWaveScale=0.600126
fWaveSmoothing=0.900000
fWaveParam=-0.500000
fModWaveAlphaStart=0.500000
fModWaveAlphaEnd=1.000000
fWarpAnimSpeed=1.000000
fWarpScale=1.000000
fZoomExponent=1.000000
fShader=1.000000
zoom=1.000000
rot=0.000000
cx=0.500000
cy=0.500000
dx=0.000010
dy=0.000010
warp=0.010000
sx=1.000000
sy=1.000000
wave_r=0.000000
wave_g=0.700000
wave_b=0.700000
wave_x=0.200000
wave_y=0.200000
ob_size=0.005000
ob_r=0.050000
ob_g=0.400000
ob_b=0.400000
ob_a=0.310000
ib_size=0.500000
ib_r=0.000000
ib_g=0.000000
ib_b=0.000000
ib_a=0.010000
nMotionVectorsX=0.000000
nMotionVectorsY=0.000000
mv_dx=0.000000
mv_dy=0.000000
mv_l=1.000000
mv_r=1.000000
mv_g=1.000000
mv_b=1.000000
mv_a=0.000000
per_frame_1=dx = dx - 0.0007;
per_frame_2=dy = dy - 0.0007;
per_frame_3=wave_x = if(above(bass,1), 0.7, 0.3);
per_frame_4=ib_r = 0.75 + 0.2*sin(5*bass_att);
per_frame_5=ib_g = 0.75 + 0.2*sin(5*bass_att);
per_frame_6=ib_b = 0.75 + 0.2*sin(5*bass_att);
per_frame_7=wave_r = wave_r + 5*sin(5*bass);
per_pixel_1=dx = dx + if (below(x,0.45), if(above(y,0.35), + 0.005, -0.005), 0);
per_pixel_2=dx = dx + if (above(x,0.55), if(above(y,0.35), - 0.005, +0.005), 0);
per_pixel_3=dy = dy + if (above(x,0.35), if(below(x,0.4), -0.01*sin(bass), 0), 0);
per_pixel_4=dy = dy + if (above(x,0.6), if(below(x,0.65), -0.01*sin(bass), 0), 0);
per_pixel_5=dy = dy + if (above(x,0.4), if(below(x,0.6),  -0.02*sin(bass), 0), 0);
per_pixel_6=rot = rot + if(above(x,0.4), if(below(x,0.6),  -0.00*sin(4*time), 0), 0);
per_pixel_7=warp = warp +if(above(x,0.4), if(below(x,0.6), +0.7, 0), 0);
