[preset00]
fRating=3.000000
fGammaAdj=1.000000
fDecay=0.900000
fVideoEchoZoom=0.996630
fVideoEchoAlpha=1.000000
nVideoEchoOrientation=2
nWaveMode=7
bAdditiveWaves=1
bWaveDots=0
bWaveThick=1
bModWaveAlphaByVolume=0
bMaximizeWaveColor=1
bTexWrap=0
bDarkenCenter=0
bRedBlueStereo=0
bBrighten=0
bDarken=0
bSolarize=0
bInvert=0
fWaveAlpha=4.099998
fWaveScale=0.225434
fWaveSmoothing=0.900000
fWaveParam=-1.000000
fModWaveAlphaStart=0.600000
fModWaveAlphaEnd=1.200000
fWarpAnimSpeed=1.000000
fWarpScale=1.331000
fZoomExponent=1.000157
fShader=0.000000
zoom=0.994554
rot=0.000000
cx=0.500000
cy=0.500000
dx=0.000000
dy=0.000000
warp=0.010000
sx=1.000000
sy=1.000000
wave_r=0.500000
wave_g=0.500000
wave_b=0.500000
wave_x=0.500000
wave_y=0.600000
ob_size=0.000000
ob_r=0.010000
ob_g=0.000000
ob_b=0.000000
ob_a=1.000000
ib_size=0.000000
ib_r=0.400000
ib_g=0.400000
ib_b=0.600000
ib_a=1.000000
nMotionVectorsX=12.000000
nMotionVectorsY=9.000000
mv_dx=0.000000
mv_dy=0.000000
mv_l=0.900000
mv_r=1.000000
mv_g=1.000000
mv_b=1.000000
mv_a=0.000000
per_frame_1=wave_y = wave_y + 0.150*(0.60*sin(1.742*bass) + 0.35*sin(1.921*time));
per_frame_2=wave_x = wave_x + 0.150*(0.60*sin(2.111*time) + 0.35*sin(1.111*time));
per_frame_3=wave_mystery = wave_mystery +0.05*sin(5.1*time) + 0.04*sin(4.5*time);
per_frame_4=wave_r = wave_r + 0.5*sin(1.11*time);
per_frame_5=wave_b = wave_b + 0.5*sin(1.3*time);
per_frame_6=wave_g = wave_g + 0.5*sin(1.2*time);
per_frame_7=dx = dx + 0.01*sin(5*time);
per_frame_8=dy = dy + 0.01*sin(10*time);
per_frame_9=zoom = zoom - 0.05*sin(0.2*mid);
per_frame_10=rot = rot + 0.005*sin(bass);
per_frame_11=cx = cx + 0.25*sin(0.5*bass);
per_frame_12=cy = cy + 0.25*cos(0.5*treb);
per_frame_13=dx = dx + 0.01*sin(0.25*time);
per_frame_14=dy = dy + 0.01*sin(0.25*time);
per_pixel_1=sim = 1.5*sin(1.5*bass);
per_pixel_2=zoom = zoom - if(above(sim,0.75), (1-rad)*0.2, 0);
