[preset00]
fRating=3.000000
fGammaAdj=1.000000
fDecay=0.990000
fVideoEchoZoom=0.999998
fVideoEchoAlpha=0.500000
nVideoEchoOrientation=3
nWaveMode=0
bAdditiveWaves=0
bWaveDots=0
bWaveThick=1
bModWaveAlphaByVolume=0
bMaximizeWaveColor=0
bTexWrap=1
bDarkenCenter=0
bRedBlueStereo=0
bBrighten=0
bDarken=0
bSolarize=0
bInvert=0
fWaveAlpha=0.255374
fWaveScale=100.000000
fWaveSmoothing=0.900000
fWaveParam=0.900000
fModWaveAlphaStart=0.500000
fModWaveAlphaEnd=1.000000
fWarpAnimSpeed=100.000000
fWarpScale=1.000000
fZoomExponent=1.999100
fShader=1.000000
zoom=1.000000
rot=0.000000
cx=0.500000
cy=0.500000
dx=0.000010
dy=0.004010
warp=0.010000
sx=1.000000
sy=1.000000
wave_r=1.000000
wave_g=1.000000
wave_b=1.000000
wave_x=0.500000
wave_y=0.500000
ob_size=0.005000
ob_r=1.000000
ob_g=0.000000
ob_b=0.000000
ob_a=1.000000
ib_size=0.010000
ib_r=1.000000
ib_g=1.000000
ib_b=0.000000
ib_a=1.000000
nMotionVectorsX=12.799999
nMotionVectorsY=14.400005
mv_dx=0.000000
mv_dy=0.000000
mv_l=5.000000
mv_r=0.000000
mv_g=0.600000
mv_b=1.000000
mv_a=0.000000
per_frame_1=cx = cx + 0.25*cos(5*time);
per_frame_2=cy = cy + 0.25*sin(5*time);
per_frame_3=cx = cx +0.2*sin(time);
per_frame_4=rot = rot + 0.03*sin(time);
per_frame_5=wave_r = 0.55*bass_att;
per_frame_6=wave_g = 0.55*bass_att;
per_frame_7=wave_b = 0.75 + 0.25*sin(bass_att);
per_pixel_1=rot = rot + (0.75-rad)*sin(time)*rad/bass/treb/mid/20*sin(time);
per_pixel_2=zoom = zoom + 0.01*rad/1.7*cos(bass);
per_pixel_3=warp = warp + 0.1*rad-rad*sin(time)/treb;
per_pixel_4=zoomexp = zoomexp + 0.2*(treb-bass)*(1-rad);
