[preset00]
fRating=2.000000
fGammaAdj=1.000000
fDecay=1.000000
fVideoEchoZoom=1.000000
fVideoEchoAlpha=0.000000
nVideoEchoOrientation=1
nWaveMode=5
bAdditiveWaves=0
bWaveDots=1
bWaveThick=0
bModWaveAlphaByVolume=1
bMaximizeWaveColor=0
bTexWrap=0
bDarkenCenter=0
bRedBlueStereo=0
bBrighten=1
bDarken=0
bSolarize=0
bInvert=0
fWaveAlpha=100.000000
fWaveScale=2.000451
fWaveSmoothing=0.900000
fWaveParam=0.000000
fModWaveAlphaStart=0.500000
fModWaveAlphaEnd=1.000000
fWarpAnimSpeed=1.000000
fWarpScale=0.010000
fZoomExponent=1.000000
fShader=0.000000
zoom=1.000000
rot=0.000000
cx=0.500000
cy=0.500000
dx=0.000010
dy=0.000010
warp=0.010000
sx=1.000000
sy=1.000000
wave_r=0.000000
wave_g=0.000000
wave_b=0.000000
wave_x=0.500000
wave_y=0.400000
ob_size=0.000000
ob_r=0.000000
ob_g=0.000000
ob_b=0.000000
ob_a=1.000000
ib_size=0.100000
ib_r=0.100000
ib_g=0.400000
ib_b=0.500000
ib_a=1.000000
nMotionVectorsX=0.000000
nMotionVectorsY=0.000000
mv_dx=0.000000
mv_dy=0.000000
mv_l=1.000000
mv_r=1.000000
mv_g=1.000000
mv_b=1.000000
mv_a=0.000000
per_frame_1=wave_r = 11;
per_frame_2=wave_g = -11;
per_frame_3=wave_b =-11;
per_frame_4=ob_size = 0.1 + 0.1*cos(8*time);
per_frame_5=zoom = zoom + 0.5*tan(0.05*bass);
per_frame_6=zoom  = zoom + 0.01;
per_pixel_1=whirl = 0.1 + 0.1*cos(8*time);
per_pixel_2=dy = dy + if(above(y,0.5), +0.0025*sin(bass), 0);
per_pixel_3=dy = dy + if(below(y,0.5), -0.0025*sin(bass), 0);
per_pixel_4=dx = dx + if(above(y,0.4), if(below(y,0.6),
per_pixel_5=if(above(x,0.5), -0.02*bass, 0), 0), 0);
per_pixel_6=dx = dx + if(above(y,0.4), if(below(y,0.6),
per_pixel_7=if(below(x,0.5), +0.02*bass, 0), 0), 0);
per_pixel_8=warp = warp + if(below(y,0.2), if(below(whirl,0.1), +1*bass, 0), 0);
per_pixel_9=warp = warp + if(above(y,0.8), if(below(whirl,0.1), +1*bass, 0), 0);
per_pixel_10=dy = dy + if(above(x,0.3), if(below(x,0.7),
per_pixel_11=if(below(whirl,0.05), if(below(y,0.5), +0.025*bass, 0), 0), 0), 0);
per_pixel_12=dy = dy + if(above(x,0.3), if(below(x,0.7),
per_pixel_13=if(below(whirl,0.05), if(above(y,0.5), -0.025*bass, 0), 0), 0), 0);
per_pixel_14=rot = rot + if(above(whirl,0.1), + 0.1*bass*sin(time), 0.0);
