[preset00]
fRating=3.000000
fGammaAdj=1.000000
fDecay=0.995000
fVideoEchoZoom=1.000000
fVideoEchoAlpha=0.000000
nVideoEchoOrientation=1
nWaveMode=0
bAdditiveWaves=0
bWaveDots=0
bWaveThick=1
bModWaveAlphaByVolume=0
bMaximizeWaveColor=1
bTexWrap=0
bDarkenCenter=0
bRedBlueStereo=0
bBrighten=0
bDarken=0
bSolarize=0
bInvert=0
fWaveAlpha=100.000000
fWaveScale=1.999100
fWaveSmoothing=0.000000
fWaveParam=-0.500000
fModWaveAlphaStart=0.500000
fModWaveAlphaEnd=1.000000
fWarpAnimSpeed=1.000000
fWarpScale=0.819542
fZoomExponent=1.000000
fShader=0.000000
zoom=1.000000
rot=0.000000
cx=0.500000
cy=0.500000
dx=0.000010
dy=0.000010
warp=0.010000
sx=1.000000
sy=1.000000
wave_r=0.500000
wave_g=0.500000
wave_b=0.500000
wave_x=0.500000
wave_y=0.500000
ob_size=0.300000
ob_r=1.000000
ob_g=0.200000
ob_b=0.000000
ob_a=0.040000
ib_size=0.400000
ib_r=1.000000
ib_g=0.700000
ib_b=0.000000
ib_a=0.100000
nMotionVectorsX=6.399996
nMotionVectorsY=9.600006
mv_dx=0.000000
mv_dy=0.000000
mv_l=5.000000
mv_r=0.000000
mv_g=0.000000
mv_b=1.000000
mv_a=0.000000
per_frame_1=ob_size = ob_size + 0.08*sin(bass_att);
per_frame_2=ib_size = ib_size + 0.08*sin(treb_att);
per_frame_3=truecolors = 2*sin(0.75*time);
per_frame_4=warp = 0;
per_frame_5=wave_r = wave_r + 0.25*sin(1.2*sin(1.44*time) + 0.158*sin(1.84*time));
per_frame_6=wave_b = wave_b + 0.25*sin(1.4*sin(1.24*time) + 0.173*sin(1.59*time));
per_frame_7=wave_g = wave_g + 0.25*sin(1.3*sin(1.33*time) + 0.162*sin(1.75*time));
per_frame_8=
per_frame_9=ob_r = if (above(truecolors, 0), wave_b*0.9, wave_r*0.9);
per_frame_10=ob_g = if (above(truecolors, 0), wave_r*0.9, wave_g*0.9);
per_frame_11=ob_b = if (above(truecolors, 0), wave_g*0.9, wave_b*0.9);
per_frame_12=
per_frame_13=ib_r = if (above(truecolors, 0), wave_r*0.75, wave_g*0.75);
per_frame_14=ib_g = if (above(truecolors, 0), wave_g*0.75, wave_b*0.75);
per_frame_15=ib_b = if (above(truecolors, 0), wave_b*0.75, wave_r*0.75);
per_pixel_1=caps = (2 - rad)/2;
per_pixel_2=rot = rot + ((0.1*sqr(caps))*sin(bass_att))* 3*sin(time);
per_pixel_3=zoom = zoom + 0.025*(caps/bass_att);
