[preset00]
fRating=2.000000
fGammaAdj=1.000000
fDecay=1.000000
fVideoEchoZoom=1.000000
fVideoEchoAlpha=0.500000
nVideoEchoOrientation=3
nWaveMode=5
bAdditiveWaves=0
bWaveDots=0
bWaveThick=0
bModWaveAlphaByVolume=0
bMaximizeWaveColor=1
bTexWrap=0
bDarkenCenter=0
bRedBlueStereo=0
bBrighten=0
bDarken=0
bSolarize=0
bInvert=0
fWaveAlpha=100.000000
fWaveScale=0.591237
fWaveSmoothing=0.000000
fWaveParam=0.000000
fModWaveAlphaStart=0.500000
fModWaveAlphaEnd=1.000000
fWarpAnimSpeed=1.000000
fWarpScale=1.000000
fZoomExponent=1.000000
fShader=0.000000
zoom=1.000000
rot=0.000000
cx=0.500000
cy=0.500000
dx=0.000010
dy=0.000010
warp=0.010000
sx=1.000000
sy=1.000000
wave_r=0.500000
wave_g=0.500000
wave_b=0.500000
wave_x=0.500000
wave_y=0.500000
ob_size=0.005000
ob_r=0.000000
ob_g=0.000000
ob_b=0.000000
ob_a=1.000000
ib_size=0.000000
ib_r=0.000000
ib_g=0.000000
ib_b=0.000000
ib_a=0.000000
nMotionVectorsX=64.000000
nMotionVectorsY=19.000000
mv_dx=0.000000
mv_dy=0.000000
mv_l=5.000000
mv_r=0.500000
mv_g=0.500000
mv_b=0.500000
mv_a=0.000000
per_frame_1=warp = 0;
per_frame_2=wave_r = wave_r + 1.2*(0.25*sin(1.25*time) + 0.2*sin(2.1*time));
per_frame_3=wave_b = wave_b + 1.2*(0.25*cos(1.25*time) + 0.2*cos(2*time));
per_frame_4=wave_g = wave_g + 1.2*(0.28*sin(1.2*time) + 0.22*cos(1.88*time));
per_pixel_1=thresh = above(bass_att,thresh)*2+(1-above(bass_att,thresh))*((thresh-1.3)*0.96+1.3);
per_pixel_2=dx_r = equal(thresh,2)*0.015*sin(5*time)+(1-equal(thresh,2))*dx_r;
per_pixel_3=dy_r = equal(thresh,2)*0.015*sin(6*time)+(1-equal(thresh,2))*dy_r;
per_pixel_4=
per_pixel_5=zoom = zoom + sin(0.05*(2.5*sin(2*time*(0.5*cos(64*rad*(sin(1+rad))))*12*dx_r)));
per_pixel_6=
per_pixel_7=sx = sx + (12.5*sin(0.5*time))*above(rad,0.45)*below(rad,0.8)*dx_r;
per_pixel_8=sy = sy + (12.5*abs(cos((0.5*time))))*above(rad,0.35)*below(rad,0.8)*dy_r;
