[preset00]
fRating=2.000000
fGammaAdj=1.000000
fDecay=0.995000
fVideoEchoZoom=1.000000
fVideoEchoAlpha=0.000000
nVideoEchoOrientation=1
nWaveMode=0
bAdditiveWaves=1
bWaveDots=0
bWaveThick=1
bModWaveAlphaByVolume=0
bMaximizeWaveColor=0
bTexWrap=0
bDarkenCenter=0
bRedBlueStereo=0
bBrighten=0
bDarken=0
bSolarize=0
bInvert=0
fWaveAlpha=100.000000
fWaveScale=1.999106
fWaveSmoothing=0.000000
fWaveParam=-0.500000
fModWaveAlphaStart=0.500000
fModWaveAlphaEnd=1.000000
fWarpAnimSpeed=1.000000
fWarpScale=0.819542
fZoomExponent=1.000000
fShader=0.000000
zoom=1.000000
rot=0.000000
cx=0.500000
cy=0.500000
dx=0.000010
dy=0.000010
warp=0.010000
sx=1.000000
sy=1.000000
wave_r=1.000000
wave_g=0.000000
wave_b=0.000000
wave_x=0.500000
wave_y=0.500000
ob_size=0.300000
ob_r=1.000000
ob_g=0.200000
ob_b=0.000000
ob_a=0.020000
ib_size=0.400000
ib_r=1.000000
ib_g=0.700000
ib_b=0.000000
ib_a=0.100000
nMotionVectorsX=6.399996
nMotionVectorsY=9.600006
mv_dx=0.000000
mv_dy=0.000000
mv_l=5.000000
mv_r=0.000000
mv_g=0.000000
mv_b=1.000000
mv_a=0.000000
per_frame_1=mv_l = bass;
per_frame_2=wave_r = wave_r + 6*bass_att;
per_frame_3=ob_size = ob_size + 0.08*sin(bass_att);
per_frame_4=ib_size = ib_size + 0.08*sin(treb_att);
per_frame_5=truecolors = 2*sin(0.75*time);
per_frame_6=ob_r = if (above(truecolors, 0), 1, 0.1);
per_frame_7=ob_g = if (above(truecolors, 0), 0.2, 0.2);
per_frame_8=ob_b = if (above(truecolors, 0), 0, 0.9);
per_frame_9=
per_frame_10=ib_r = if (above(truecolors, 0), 1, 0);
per_frame_11=ib_g = if (above(truecolors, 0), 0.7, 0.7);
per_frame_12=ib_b = if (above(truecolors, 0), 0, 0.5);
per_pixel_1=caps = (2 - rad)/2;
per_pixel_2=rot = rot + ((0.1*sqr(caps))*sin(bass_att))* 3*sin(time);
per_pixel_3=zoom = zoom + 0.025*(caps/bass_att);
per_pixel_4=warp = 0;
