[preset00]
fRating=3.000000
fGammaAdj=1.000000
fDecay=1.000000
fVideoEchoZoom=0.999998
fVideoEchoAlpha=0.500000
nVideoEchoOrientation=3
nWaveMode=5
bAdditiveWaves=0
bWaveDots=0
bWaveThick=0
bModWaveAlphaByVolume=0
bMaximizeWaveColor=0
bTexWrap=0
bDarkenCenter=0
bRedBlueStereo=0
bBrighten=0
bDarken=0
bSolarize=0
bInvert=0
fWaveAlpha=100.000000
fWaveScale=0.999839
fWaveSmoothing=0.900000
fWaveParam=0.000000
fModWaveAlphaStart=0.500000
fModWaveAlphaEnd=1.000000
fWarpAnimSpeed=1.000000
fWarpScale=1.000000
fZoomExponent=0.999996
fShader=0.000000
zoom=1.000000
rot=0.000000
cx=0.500000
cy=0.500000
dx=0.000010
dy=0.000010
warp=0.010000
sx=1.000000
sy=1.000000
wave_r=1.000000
wave_g=1.000000
wave_b=1.000000
wave_x=0.500000
wave_y=0.500000
ob_size=0.100000
ob_r=0.000000
ob_g=0.000000
ob_b=0.000000
ob_a=1.000000
ib_size=0.500000
ib_r=0.350000
ib_g=1.000000
ib_b=0.150000
ib_a=0.010000
nMotionVectorsX=0.000000
nMotionVectorsY=0.000000
mv_dx=0.000000
mv_dy=0.000000
mv_l=1.000000
mv_r=1.000000
mv_g=1.000000
mv_b=1.000000
mv_a=0.000000
per_frame_1=trip = above(bass_att,trip)*2 + (1-above(bass_att,trip))*((trip-1.3)*0.96+1.3);
per_frame_2=cip = equal(trip,2)*0.95*sin(5*time) + (1-equal(trip,2))*cip;
per_frame_3=ib_r = ib_r - cip;
per_frame_4=ib_g = ib_g - cip;
per_frame_5=ib_b = 0.25;
per_frame_6=wave_g = ib_r - 0.5 + ib_b;
per_frame_7=wave_b = ib_g - 0.5 + ib_r;
per_frame_8=wave_r = ib_b - 0.5 + ib_g;
per_frame_9=warp = 0;
per_frame_10=dy = dy + ((0.5*mid_att*(0.5*treb_att*(0.5*bass_att*(0.2*time))))*0.0001)*cos(time);
per_frame_11=dx = dx + ((0.5*mid_att*(0.5*treb_att*(0.5*bass_att*(0.2*time))))*0.0001)*sin(time);
per_pixel_1=zoom = zoom - (sqrt(0.005*rad + 0.005*sin(time)) - 0.05*cos(rad*sin(time)))*sin(0.5*bass);
