[preset00]
fRating=4.000000
fGammaAdj=1.000000
fDecay=0.980000
fVideoEchoZoom=1.347846
fVideoEchoAlpha=0.500000
nVideoEchoOrientation=1
nWaveMode=6
bAdditiveWaves=1
bWaveDots=0
bWaveThick=1
bModWaveAlphaByVolume=1
bMaximizeWaveColor=0
bTexWrap=0
bDarkenCenter=0
bRedBlueStereo=0
bBrighten=0
bDarken=0
bSolarize=0
bInvert=0
fWaveAlpha=100.000000
fWaveScale=0.499724
fWaveSmoothing=0.500000
fWaveParam=0.000000
fModWaveAlphaStart=0.500000
fModWaveAlphaEnd=1.000000
fWarpAnimSpeed=1.000000
fWarpScale=100.000000
fZoomExponent=1.000000
fShader=0.000000
zoom=1.000000
rot=0.000000
cx=0.500000
cy=0.500000
dx=0.000010
dy=0.000010
warp=0.010000
sx=1.000000
sy=1.000000
wave_r=1.000000
wave_g=1.000000
wave_b=1.000000
wave_x=0.500000
wave_y=0.500000
ob_size=0.005000
ob_r=0.000000
ob_g=0.000000
ob_b=0.000000
ob_a=1.000000
ib_size=0.250000
ib_r=0.250000
ib_g=0.250000
ib_b=0.250000
ib_a=0.000000
nMotionVectorsX=0.000000
nMotionVectorsY=0.000000
mv_dx=0.000000
mv_dy=0.000000
mv_l=1.000000
mv_r=1.000000
mv_g=1.000000
mv_b=1.000000
mv_a=0.000000
per_pixel_1=rot = rot + if (above(rad,0.4), if(below(rad,0.7), if(above(y,0.5), if(below(x,0.5), +0.04*sin(bass_att), 0), 0), 0), 0);
per_pixel_2=rot = rot + if (above(rad,0.4), if(below(rad,0.7), if(above(y,0.5), if(above(x,0.5), -0.04*sin(bass_att), 0), 0), 0), 0);
per_pixel_3=zoom = zoom + if(below(rad,0.7), -0.005, 0);
per_pixel_4=sx = sx + if (above(rad,0.7), -0.05, 0);
per_pixel_5=dy = dy+ if(below(y,0.5), if(below(rad,0.5+0.05*sin(bass)), if(above(x,0.4), if(below(x,0.6), - 0.012, 0), 0), 0), 0);
per_pixel_6=dy = dy + if(below(y,0.15),  - 0.02, 0);
per_pixel_7=rot = rot + if(below(y,0.5), if(below(x,0.5), if(below(rad,0.7), +0.04*sin(mid_att), 0), 0), 0);
per_pixel_8=rot = rot + if(below(y,0.5), if(above(x,0.5), if(below(rad,0.7), -0.04*sin(mid_att), 0), 0), 0);
per_pixel_9=
per_pixel_10=warp = warp + if (above(y,0.45), if(below(y,0.85), +0.5, 0), 0);
per_pixel_11=zoom = zoom + if(below(y,0.5), - 0.04, 0);
