[preset00]
fRating=2.000000
fGammaAdj=1.000000
fDecay=0.950000
fVideoEchoZoom=1.000000
fVideoEchoAlpha=0.000000
nVideoEchoOrientation=1
nWaveMode=2
bAdditiveWaves=1
bWaveDots=0
bWaveThick=0
bModWaveAlphaByVolume=0
bMaximizeWaveColor=0
bTexWrap=1
bDarkenCenter=0
bRedBlueStereo=0
bBrighten=0
bDarken=1
bSolarize=0
bInvert=0
fWaveAlpha=100.000000
fWaveScale=0.319033
fWaveSmoothing=0.000000
fWaveParam=0.000000
fModWaveAlphaStart=0.500000
fModWaveAlphaEnd=1.000000
fWarpAnimSpeed=1.000000
fWarpScale=79.689735
fZoomExponent=1.009994
fShader=0.000000
zoom=1.000000
rot=0.000000
cx=0.500000
cy=0.500000
dx=0.000010
dy=0.000010
warp=0.010000
sx=1.000000
sy=1.000000
wave_r=1.000000
wave_g=1.000000
wave_b=1.000000
wave_x=0.500000
wave_y=0.500000
ob_size=0.010000
ob_r=1.000000
ob_g=1.000000
ob_b=1.000000
ob_a=0.400000
ib_size=0.010000
ib_r=0.000000
ib_g=0.000000
ib_b=0.500000
ib_a=0.400000
nMotionVectorsX=6.400000
nMotionVectorsY=4.800000
mv_dx=0.000000
mv_dy=0.000000
mv_l=1.000000
mv_r=1.000000
mv_g=1.000000
mv_b=1.000000
mv_a=0.000000
per_frame_1=wave_r = wave_r - 1 + 0.3*sin(5*treb) + 0.7*sin(4*bass) + 0.2*sin(9*mid);
per_frame_2=wave_b = wave_b  - 2;
per_frame_3=wave_g = wave_g + 2;
per_frame_4=dx = dx + dx_r;
per_frame_5=dy = dy + dy_r;
per_frame_6=warp = warp + 0.5*(2*atan(time) - 3*abs(bass_att)) *zoom*zoom;
per_frame_7=rot = rot + 0.2*(0.5*atan(bass_att)-0.5*abs(bass_att)/mid_att*0.5);
per_frame_8=turn = above(bass_att,turn)*2 + (1-above(bass_att,turn))*((turn-1.3)*0.96+1.3);
per_frame_9=dx_r = equal(turn,2)*0.016*sin(6*time) + (1-equal(turn,2))*dx_r;
per_frame_10=dy_r = equal(turn,2)*0.012*sin(8*time) + (1-equal(turn,2))*dy_r;
per_pixel_1=zoom = zoom - (0.5-rad)*(pow(bass,treb) - abs(5*mid) / bass+treb)*0.15;
