[preset00]
fRating=4.000000
fGammaAdj=1.700000
fDecay=0.995000
fVideoEchoZoom=2.000769
fVideoEchoAlpha=0.500000
nVideoEchoOrientation=0
nWaveMode=7
bAdditiveWaves=0
bWaveDots=0
bWaveThick=1
bModWaveAlphaByVolume=0
bMaximizeWaveColor=0
bTexWrap=0
bDarkenCenter=0
bRedBlueStereo=0
bBrighten=0
bDarken=0
bSolarize=0
bInvert=0
fWaveAlpha=100.000000
fWaveScale=0.010000
fWaveSmoothing=0.500000
fWaveParam=1.000000
fModWaveAlphaStart=0.500000
fModWaveAlphaEnd=1.000000
fWarpAnimSpeed=1.000000
fWarpScale=1.000000
fZoomExponent=1.000000
fShader=1.000000
zoom=1.000000
rot=0.000000
cx=0.500000
cy=0.500000
dx=0.000010
dy=0.000010
warp=0.010000
sx=1.000000
sy=1.000000
wave_r=0.500000
wave_g=0.500000
wave_b=0.500000
wave_x=0.500000
wave_y=0.500000
ob_size=0.500000
ob_r=0.000000
ob_g=0.000000
ob_b=0.000000
ob_a=0.000000
ib_size=0.100000
ib_r=0.000000
ib_g=0.000000
ib_b=0.000000
ib_a=1.000000
nMotionVectorsX=0.000000
nMotionVectorsY=0.000000
mv_dx=0.000000
mv_dy=0.000000
mv_l=1.000000
mv_r=1.000000
mv_g=1.000000
mv_b=1.000000
mv_a=0.000000
per_frame_1=wave_r = wave_r + 0.25*sin(1.4*time) + 0.25*sin(2.25*time);
per_frame_2=wave_g = wave_g + 0.25*sin(1.7*time) + 0.25*sin(2.11*time);
per_frame_3=wave_b = wave_b + 0.25*sin(1.84*time) + 0.25*sin(2.3*time);
per_frame_4=warp = 0;
per_frame_5=wave_mystery = wave_myster + above(bass,0.9)*1;
per_frame_6=//ob_size = ob_size + 0.25*cos(bass);
per_frame_7=//ib_size = 0.25*sin(time);
per_pixel_1=thresh = above(bass_att,thresh)*2+(1-above(bass_att,thresh))*((thresh-1.3)*0.96+1.3);
per_pixel_2=dx_r = equal(thresh,2)*0.015*sin(5*time)+(1-equal(thresh,2))*dx_r;
per_pixel_3=dy_r = equal(thresh,2)*0.015*sin(6*time)+(1-equal(thresh,2))*dy_r;
per_pixel_4=
per_pixel_5=dx = dx + above(bass,0.9)*above(x,0.5)*-dx_r*(1.75*cos(1.5*bass));
per_pixel_6=dx = dx + above(bass,0.9)*below(x,0.5)*dx_r*(1.75*cos(1.5*bass));
per_pixel_7=dy = dy +below(bass,0.9)*above(y,0.5)*dy_r*(1.75*sin(1.5*treb));
per_pixel_8=dy = dy +below(bass,0.9)*below(y,0.5)*-dy_r*(1.75*sin(1.5*treb));
