[preset00]
fRating=3.000000
fGammaAdj=1.000000
fDecay=1.000000
fVideoEchoZoom=1.000000
fVideoEchoAlpha=0.000000
nVideoEchoOrientation=1
nWaveMode=5
bAdditiveWaves=0
bWaveDots=0
bWaveThick=0
bModWaveAlphaByVolume=0
bMaximizeWaveColor=0
bTexWrap=1
bDarkenCenter=0
bRedBlueStereo=0
bBrighten=0
bDarken=0
bSolarize=0
bInvert=0
fWaveAlpha=100.000000
fWaveScale=0.991912
fWaveSmoothing=0.900000
fWaveParam=-0.500000
fModWaveAlphaStart=0.500000
fModWaveAlphaEnd=1.000000
fWarpAnimSpeed=1.000000
fWarpScale=1.000000
fZoomExponent=0.999997
fShader=0.000000
zoom=1.000000
rot=0.000000
cx=0.500000
cy=0.500000
dx=0.000010
dy=0.000010
warp=0.010000
sx=1.000000
sy=1.000000
wave_r=0.000000
wave_g=0.000000
wave_b=0.000000
wave_x=0.500000
wave_y=0.500000
ob_size=0.005000
ob_r=0.900000
ob_g=0.300000
ob_b=0.000000
ob_a=0.050000
ib_size=0.005000
ib_r=1.000000
ib_g=0.000000
ib_b=0.000000
ib_a=0.050000
nMotionVectorsX=0.000000
nMotionVectorsY=0.000000
mv_dx=0.000000
mv_dy=0.000000
mv_l=1.000000
mv_r=1.000000
mv_g=1.000000
mv_b=1.000000
mv_a=0.000000
per_frame_1=wave_r = wave_r + 0.5 + 0.25*sin(1.3*time) + 0.25*sin(treb_att);
per_frame_2=wave_g = wave_g + 0.5 + 0.25*sin(1.7*time) + 0.25*sin(bass_att);
per_frame_3=wave_b = wave_b + 0.5 + 0.25*sin(1.5*time) + 0.25*sin(mid_att);
per_frame_4=ob_r = wave_r *0.515;
per_frame_5=ob_g = wave_g *0.515;
per_frame_6=ob_b = wave_b *0.515;
per_frame_7=ib_r = wave_r *0.3125;
per_frame_8=ib_g = wave_g*0.3125;
per_frame_9=ib_b = wave_b*0.3125;
per_frame_10=warp = 0;
per_frame_11=debased = sqrt(min((bass-bass_att)*0.25, (treb-treb_att)*0.25));
per_frame_12=rot = rot + if (above(bass,1.2), +0.05, 0);
per_frame_13=zoom = zoom - (debased*0.16)*sin(time);
per_pixel_1=zoom = zoom + 0.02*sin(1-rad);
per_pixel_2=zoom = zoom - 0.02*cos(-12*sin(bass*ang));
per_pixel_3=zoom = zoom + if (below(rad,0.05), + 0.1, 0);
per_pixel_4=zoom = zoom + if (above(rad,0.5 + 0.5*sin(time)), 0.025, 0);
