[preset00]
fRating=3.000000
fGammaAdj=1.000000
fDecay=0.900000
fVideoEchoZoom=1.000000
fVideoEchoAlpha=0.000000
nVideoEchoOrientation=3
nWaveMode=5
bAdditiveWaves=0
bWaveDots=1
bModWaveAlphaByVolume=0
bMaximizeWaveColor=0
bTexWrap=0
bDarkenCenter=0
bRedBlueStereo=0
bBrighten=0
bDarken=0
bSolarize=0
bInvert=0
fWaveAlpha=100.000000
fWaveScale=0.799884
fWaveSmoothing=0.000000
fWaveParam=0.000000
fModWaveAlphaStart=0.710000
fModWaveAlphaEnd=1.300000
fWarpAnimSpeed=1.000000
fWarpScale=1.000000
fZoomExponent=0.900000
fShader=1.000000
zoom=1.000000
rot=0.000000
cx=0.500000
cy=0.500000
dx=0.000000
dy=0.000000
warp=0.010000
sx=1.000000
sy=1.000000
wave_r=1.000000
wave_g=0.000000
wave_b=0.000000
wave_x=0.500000
wave_y=0.500000
ob_size=0.005000
ob_r=0.010000
ob_g=0.000000
ob_b=0.000000
ob_a=1.000000
ib_size=0.260000
ib_r=0.250000
ib_g=0.250000
ib_b=0.250000
ib_a=0.000000
nMotionVectorsX=64.000000
nMotionVectorsY=48.000000
mv_l=1.000000
mv_r=1.000000
mv_g=1.000000
mv_b=1.000000
mv_a=0.000000
per_frame_1=wave_x = wave_x + 0.2*sin(2.2*time) - 0.15*cos(2.1*time) + 0.1*sin(2*time);
per_frame_2=wave_y = wave_y + 0.15*sin(2.3*time) - 0.2*sin(1.88*time) + 0.13*cos(time);
per_frame_3=dx = dx + 0.01*sin(1.24*time);
per_frame_4=dy = dy + 0.01*sin(1.12*time);
per_frame_5=wave_r = wave_r + 0.5*sin(1.13*time);
per_frame_6=wave_g = wave_g + 0.5*sin(1.23*time);
per_frame_7=wave_b = wave_b + 0.5*sin(1.33*time);
per_frame_8=wave_mystery = wave_mystery + 0.00*sin(time);
