[preset00]
fRating=3.000000
fGammaAdj=1.000000
fDecay=0.925000
fVideoEchoZoom=1.006596
fVideoEchoAlpha=0.000000
nVideoEchoOrientation=3
nWaveMode=2
bAdditiveWaves=1
bWaveDots=0
bWaveThick=1
bModWaveAlphaByVolume=1
bMaximizeWaveColor=0
bTexWrap=0
bDarkenCenter=0
bRedBlueStereo=0
bBrighten=0
bDarken=0
bSolarize=0
bInvert=0
fWaveAlpha=4.099998
fWaveScale=0.322467
fWaveSmoothing=0.630000
fWaveParam=0.000000
fModWaveAlphaStart=0.710000
fModWaveAlphaEnd=1.300000
fWarpAnimSpeed=1.000000
fWarpScale=1.331000
fZoomExponent=1.000000
fShader=0.000000
zoom=0.999514
rot=0.000000
cx=0.500000
cy=0.500000
dx=0.000000
dy=0.000000
warp=0.010000
sx=1.000000
sy=1.000000
wave_r=0.650000
wave_g=0.650000
wave_b=0.650000
wave_x=0.500000
wave_y=0.500000
ob_size=0.005000
ob_r=0.010000
ob_g=0.300000
ob_b=0.300000
ob_a=0.500000
ib_size=0.015000
ib_r=0.700000
ib_g=0.100000
ib_b=0.350000
ib_a=0.500000
nMotionVectorsX=12.000000
nMotionVectorsY=9.000000
mv_dx=0.000000
mv_dy=0.000000
mv_l=0.900000
mv_r=1.000000
mv_g=1.000000
mv_b=1.000000
mv_a=0.000000
per_frame_1=zoom = 0.90;
per_frame_2=ib_r = 0.4 + 0.4*sin(time*0.632);
per_frame_3=ib_g = 0.4 + 0.4*sin(time*0.731);
per_frame_4=ib_b = 0.4 + 0.4*sin(time*0.737);
per_frame_5=ob_r = 0.2 + 0.2*sin(time*0.155);
per_frame_6=ob_g = 0.2 + 0.2*sin(time*0.173);
per_frame_7=ob_b = 0.2 + 0.2*sin(time*0.082);
per_frame_8=wave_r = abs(ib_r - ob_r);
per_frame_9=wave_b = abs(ib_b - ob_b);
per_frame_10=wave_g = abs(ib_g - ob_g);
per_frame_11=volume = bass * bass_att;
per_frame_12=ob_size = if(above(volume - 5,0), 0, 0.005);
per_frame_13=monitor =  volume;
per_pixel_1=rot = rot + 1.2*sin(time*.4)*sin(time*.6 + rad);
