[preset00]
fRating=3.000000
fGammaAdj=1.000000
fDecay=0.960000
fVideoEchoZoom=1.006596
fVideoEchoAlpha=0.500000
nVideoEchoOrientation=3
nWaveMode=7
bAdditiveWaves=1
bWaveDots=0
bWaveThick=1
bModWaveAlphaByVolume=0
bMaximizeWaveColor=1
bTexWrap=1
bDarkenCenter=0
bRedBlueStereo=0
bBrighten=0
bDarken=0
bSolarize=0
bInvert=0
fWaveAlpha=4.099998
fWaveScale=0.044484
fWaveSmoothing=0.000000
fWaveParam=0.000000
fModWaveAlphaStart=0.710000
fModWaveAlphaEnd=1.300000
fWarpAnimSpeed=1.000000
fWarpScale=1.331000
fZoomExponent=1.000000
fShader=0.000000
zoom=0.999514
rot=0.000000
cx=0.500000
cy=0.500000
dx=1.000000
dy=0.000000
warp=0.010000
sx=1.000000
sy=1.000000
wave_r=1.000000
wave_g=1.000000
wave_b=1.000000
wave_x=0.500000
wave_y=0.500000
ob_size=0.500000
ob_r=0.010000
ob_g=0.000000
ob_b=0.000000
ob_a=0.000000
ib_size=0.260000
ib_r=0.250000
ib_g=0.250000
ib_b=0.250000
ib_a=0.000000
nMotionVectorsX=0.640000
nMotionVectorsY=4.800000
mv_dx=0.000000
mv_dy=0.000000
mv_l=5.000000
mv_r=0.700000
mv_g=0.350000
mv_b=0.500000
mv_a=0.000000
per_frame_1=var1=sin(time*.11);
per_frame_2=var2=sin(time*.23);
per_frame_3=var3=sin(time*.12);
per_frame_4=var4=sin(time*.14);
per_frame_5=var5=sin(time+.2*sin(pow(time,time*2)));
per_frame_6=var6=sin(time-.2*sin(pow(time,time*3)));
per_frame_7=var7=sin(time*.2*sin(pow(time,time*4)));
per_frame_8=var8=sin(time*.4*sin(pow(time,time*5)));
per_frame_9=var9=sin(time*sin(pow(time,.6)));
per_frame_10=var10=sin(time*sin(pow(time,.1)));
