[preset00] 
fGammaAdj=1.490000 
fDecay=0.985000 
fVideoEchoZoom=1.625300 
fVideoEchoAlpha=0.250000 
nVideoEchoOrientation=3 
nWaveMode=2 
bAdditiveWaves=0 
bWaveDots=0 
bModWaveAlphaByVolume=0 
bMaximizeWaveColor=0 
bTexWrap=0 
bDarkenCenter=1 
bMotionVectorsOn=0 
bRedBlueStereo=0 
nMotionVectorsX=12 
nMotionVectorsY=9 
bBrighten=0 
bDarken=0 
bSolarize=0 
bInvert=0 
fWaveAlpha=10.141080 
fWaveScale=0.950400 
fWaveSmoothing=0.400000 
fWaveParam=-0.400000 
fModWaveAlphaStart=0.750000 
fModWaveAlphaEnd=0.950000 
fWarpAnimSpeed=1.000000 
fWarpScale=1.000000 
fZoomExponent=0.888000 
fShader=0.000000 
zoom=1.085000 
rot=0.000000 
cx=0.500000 
cy=0.500000 
dx=0.000000 
dy=0.000000 
warp=0.513000 
sx=0.645445 
sy=0.698925 
wave_r=0.650000 
wave_g=0.650000 
wave_b=0.650000 
wave_x=0.380000 
wave_y=0.500000 
per_frame_1=wave_r = wave_r + 0.5*sin(bass*1.1); 
per_frame_2=wave_g = wave_g + 0.5*sin(mid*2); 
per_frame_3=wave_b = wave_b + 0.5*sin(treb*3); 
per_frame_4=warp = warp +10*max(0,bass_att-1.5); 
per_frame_5=rot = rot + 0.040*( 0.60*sin(0.4*treb) + 0.40*sin(0.5*treb) ); 
per_frame_6=cx = cx + 0.110*( 0.60*sin(0.374*time) + 0.40*sin(0.294*time) ); 
per_frame_7=cy = cy + 0.110*( 0.60*sin(0.393*time) + 0.40*sin(0.223*time) ); 
per_pixel_1=zoom=zoom+(sin(bass_att+4*rad));
fRating=2.000000
