[preset00] 
fGammaAdj=1.559900 
fDecay=0.995000 
fVideoEchoZoom=1.625358 
fVideoEchoAlpha=0.400000 
nVideoEchoOrientation=3 
nWaveMode=2 
bAdditiveWaves=0 
bWaveDots=0 
bModWaveAlphaByVolume=1 
bMaximizeWaveColor=0 
bTexWrap=0 
bDarkenCenter=0 
bMotionVectorsOn=0 
bRedBlueStereo=0 
nMotionVectorsX=12 
nMotionVectorsY=9 
bBrighten=0 
bDarken=0 
bSolarize=0 
bInvert=0 
fWaveAlpha=100.000000 
fWaveScale=0.691300 
fWaveSmoothing=0.400000 
fWaveParam=0.000000 
fModWaveAlphaStart=0.750000 
fModWaveAlphaEnd=0.950000 
fWarpAnimSpeed=1.000000 
fWarpScale=1.000000 
fZoomExponent=0.888000 
fShader=1.000000 
zoom=1.085000 
rot=0.000000 
cx=0.500000 
cy=0.500000 
dx=0.000000 
dy=0.000000 
warp=0.513000 
sx=1.000000 
sy=1.000000 
wave_r=0.500000 
wave_g=0.500000 
wave_b=0.500000 
wave_x=0.500000 
wave_y=0.500000 
per_frame_1=wave_r = wave_r + (bass-1); 
per_frame_2=wave_g = wave_g + (mid-2); 
per_frame_3=wave_b = wave_b + (treb-3); 
per_frame_4=warp = warp +15*max(0,bass-1.05); 
per_frame_5=rot = rot + 0.040*( 0.60*sin(0.381*time) + 0.40*sin(0.579*time) ); 
per_pixel_1=zoom=zoom+(cos(mid_att+8*rad)); 
