[preset00]
fRating=4.000000
fGammaAdj=2.000000
fDecay=0.925000
fVideoEchoZoom=4.053655
fVideoEchoAlpha=0.100000
nVideoEchoOrientation=2
nWaveMode=6
bAdditiveWaves=1
bWaveDots=1
bWaveThick=1
bModWaveAlphaByVolume=1
bMaximizeWaveColor=0
bTexWrap=0
bDarkenCenter=0
bRedBlueStereo=0
bBrighten=1
bDarken=0
bSolarize=0
bInvert=0
fWaveAlpha=100.000000
fWaveScale=0.297568
fWaveSmoothing=0.000000
fWaveParam=0.000000
fModWaveAlphaStart=0.710000
fModWaveAlphaEnd=1.300000
fWarpAnimSpeed=1.000000
fWarpScale=1.331000
fZoomExponent=1.000000
fShader=0.000000
zoom=0.999500
rot=0.000000
cx=0.500000
cy=0.500000
dx=0.000000
dy=0.000000
warp=0.010000
sx=1.000000
sy=1.000000
wave_r=0.650000
wave_g=0.650000
wave_b=0.650000
wave_x=0.482000
wave_y=0.100000
ob_size=0.500000
ob_r=0.010000
ob_g=0.000000
ob_b=0.000000
ob_a=0.000000
ib_size=0.260000
ib_r=0.250000
ib_g=0.250000
ib_b=0.250000
ib_a=0.000000
nMotionVectorsX=51.199997
nMotionVectorsY=1.248000
mv_dx=0.000000
mv_dy=0.000000
mv_l=0.900000
mv_r=1.000000
mv_g=1.000000
mv_b=1.000000
mv_a=0.500000
per_frame_1=wave_r = .5+.2*sin(time)+abs(.2*sin(time*1.3));
per_frame_2=wave_g = .4+.3*sin(time*1.1)+abs(.2*sin(time*1.5));
per_frame_3=wave_b = if(equal(bass_thresh,2),1,0);
per_frame_4=mv_x = if(equal(bass_thresh,2),mv_x+2,mv_x);
per_frame_5=mv_r = if(above(vol,1.7),1,mv_r+.6*sin(time*2.4));
per_frame_6=mv_g = if(equal(mv_r,1),0,mv_g+.6*sin(time*2.3));
per_frame_7=mv_b = if(equal(mv_r,1),0,mv_b+.6*sin(time*2.2));
per_frame_8=
per_frame_9=bass_thresh = above(bass_att,bass_thresh)*2+(1-above(bass_att,bass_thresh))*((bass_thresh-1.4)*.85+1.4);
per_frame_10=
per_frame_11=monitor = vol;
per_frame_12=vol = (bass+mid+treb)/3;
per_pixel_1=sy= if(below(y,.47),if(above(y,0.03),pow(log(ang*time),3)/4,-4),1.1);
