[preset00]
fRating=4.000000
fGammaAdj=1.294000
fDecay=0.973000
fVideoEchoZoom=0.999609
fVideoEchoAlpha=0.500000
nVideoEchoOrientation=2
nWaveMode=2
bAdditiveWaves=0
bWaveDots=0
bWaveThick=0
bModWaveAlphaByVolume=0
bMaximizeWaveColor=0
bTexWrap=1
bDarkenCenter=0
bRedBlueStereo=0
bBrighten=0
bDarken=0
bSolarize=0
bInvert=0
fWaveAlpha=0.509132
fWaveScale=1.379803
fWaveSmoothing=0.450000
fWaveParam=0.000000
fModWaveAlphaStart=0.750000
fModWaveAlphaEnd=0.950000
fWarpAnimSpeed=0.334695
fWarpScale=3.928016
fZoomExponent=2.100000
fShader=0.000000
zoom=0.010000
rot=0.000000
cx=0.500000
cy=0.500000
dx=0.000000
dy=0.000000
warp=1.771011
sx=1.000000
sy=1.000000
wave_r=1.000000
wave_g=1.000000
wave_b=0.650000
wave_x=0.500000
wave_y=0.500000
ob_size=0.050000
ob_r=0.300000
ob_g=0.000000
ob_b=0.000000
ob_a=0.900000
ib_size=0.010000
ib_r=0.000000
ib_g=0.700000
ib_b=0.800000
ib_a=0.750000
nMotionVectorsX=7.680042
nMotionVectorsY=6.240038
mv_dx=0.320000
mv_dy=-0.220000
mv_l=0.050000
mv_r=0.760000
mv_g=0.000000
mv_b=1.000000
mv_a=0.000000
per_frame_1=ib_r = ib_r + 0.1*treb;
per_frame_2=ib_g = ib_g + 0.4*sin(bass);
per_frame_3=ib_b = ib_b + 1.24*(0.7*sin(mid+0.87));
per_frame_4=rot = rot+.2*sin(time*5)+.2*sin(time*2);
per_frame_5=ob_r = ib_g;
per_frame_6=ob_g = ib_b;
per_frame_7=ob_b = ib_r;
per_pixel_1=zoom = rad+.2*sin(time*.1)+.2;
