[preset00]
fRating=3.000000
fGammaAdj=1.070000
fDecay=0.984000
fVideoEchoZoom=1.016650
fVideoEchoAlpha=0.500000
nVideoEchoOrientation=1
nWaveMode=1
bAdditiveWaves=1
bWaveDots=1
bWaveThick=1
bModWaveAlphaByVolume=0
bMaximizeWaveColor=1
bTexWrap=0
bDarkenCenter=0
bRedBlueStereo=0
bBrighten=1
bDarken=0
bSolarize=0
bInvert=0
fWaveAlpha=100.000000
fWaveScale=0.944475
fWaveSmoothing=0.900000
fWaveParam=0.600000
fModWaveAlphaStart=0.710000
fModWaveAlphaEnd=1.300000
fWarpAnimSpeed=8.926910
fWarpScale=2.189003
fZoomExponent=8.081408
fShader=0.800000
zoom=0.931011
rot=0.060000
cx=0.500000
cy=0.500000
dx=0.000000
dy=0.000000
warp=0.484961
sx=1.000000
sy=1.000000
wave_r=1.000000
wave_g=0.320000
wave_b=1.000000
wave_x=0.270000
wave_y=0.600000
ob_size=0.010000
ob_r=0.000000
ob_g=0.000000
ob_b=0.000000
ob_a=0.000000
ib_size=0.010000
ib_r=0.250000
ib_g=0.250000
ib_b=0.250000
ib_a=0.000000
nMotionVectorsX=5.760000
nMotionVectorsY=3.360000
mv_dx=0.320000
mv_dy=0.420000
mv_l=3.199998
mv_r=0.640000
mv_g=0.890000
mv_b=1.000000
mv_a=0.240000
per_frame_1=wave_b = wave_b + sin( 0.141*time );
per_frame_2=wave_g = wave_g + wave_b + sin( 0.141*time );
per_frame_3=wave_r = wave_r + sin(.542*(time-(time/2)))
per_pixel_1=rot=0.1*pow(ang,3);
per_pixel_2=zoom = bass_att
