[preset00]
fRating=3.000000
fGammaAdj=1.770000
fDecay=1.000000
fVideoEchoZoom=1.000000
fVideoEchoAlpha=0.500000
nVideoEchoOrientation=1
nWaveMode=6
bAdditiveWaves=0
bWaveDots=0
bWaveThick=1
bModWaveAlphaByVolume=0
bMaximizeWaveColor=1
bTexWrap=0
bDarkenCenter=0
bRedBlueStereo=0
bBrighten=1
bDarken=0
bSolarize=0
bInvert=0
fWaveAlpha=0.819544
fWaveScale=2.626228
fWaveSmoothing=0.750000
fWaveParam=-0.020000
fModWaveAlphaStart=0.000000
fModWaveAlphaEnd=0.000000
fWarpAnimSpeed=1.000000
fWarpScale=1.000000
fZoomExponent=1.000000
fShader=0.500000
zoom=0.966644
rot=0.000000
cx=0.500000
cy=0.500000
dx=0.000000
dy=0.000000
warp=0.010000
sx=1.220100
sy=1.000000
wave_r=0.400000
wave_g=0.400000
wave_b=1.000000
wave_x=0.200000
wave_y=1.000000
ob_size=0.005000
ob_r=0.000000
ob_g=0.000000
ob_b=0.000000
ob_a=1.000000
ib_size=0.000000
ib_r=0.000000
ib_g=0.000000
ib_b=0.000000
ib_a=0.000000
nMotionVectorsX=12.000000
nMotionVectorsY=9.600002
mv_dx=0.000000
mv_dy=0.000000
mv_l=0.900000
mv_r=1.000000
mv_g=1.000000
mv_b=1.000000
mv_a=0.300000
per_frame_1=wave_r=wave_r*sin(time*.2);
per_frame_2=wave_B=wave_b*sin(Time*.3);
per_frame_3=wave_g=wave_G*sin(time*.24);
per_pixel_1=rot = sin(time+xy)/max(x,y);
per_pixel_2=cx=x;
per_pixel_3=cy=y;
