[preset00]
fRating=3.000000
fGammaAdj=1.000000
fDecay=0.970000
fVideoEchoZoom=1.000499
fVideoEchoAlpha=0.000000
nVideoEchoOrientation=0
nWaveMode=6
bAdditiveWaves=0
bWaveDots=0
bWaveThick=0
bModWaveAlphaByVolume=0
bMaximizeWaveColor=0
bTexWrap=0
bDarkenCenter=0
bRedBlueStereo=0
bBrighten=0
bDarken=0
bSolarize=0
bInvert=0
fWaveAlpha=1.000416
fWaveScale=2.705900
fWaveSmoothing=0.000000
fWaveParam=0.000000
fModWaveAlphaStart=1.000000
fModWaveAlphaEnd=1.000000
fWarpAnimSpeed=1.000000
fWarpScale=1.000000
fZoomExponent=1.000158
fShader=0.000000
zoom=1.072374
rot=0.000000
cx=0.500000
cy=0.500000
dx=0.000000
dy=0.000000
warp=0.000000
sx=1.000000
sy=1.000000
wave_r=0.500000
wave_g=0.500000
wave_b=0.500000
wave_x=0.500000
wave_y=0.500000
ob_size=0.000000
ob_r=0.000000
ob_g=0.000000
ob_b=0.000000
ob_a=1.000000
ib_size=0.000000
ib_r=0.250000
ib_g=0.250000
ib_b=0.250000
ib_a=1.000000
nMotionVectorsX=2.560000
nMotionVectorsY=2.400007
mv_dx=0.080000
mv_dy=0.060000
mv_l=5.000000
mv_r=1.000000
mv_g=0.000000
mv_b=0.000000
mv_a=1.000000
per_frame_1=wave_mystery=frame%2;
per_frame_2=zoom=zoom+mid_att*.05;
per_frame_3=wave_r=sqr(sin(bass_att*2.5));
per_frame_4=wave_g=sqr(sin(bass_att*2.2));
per_frame_5=wave_b=sqr(sin(bass_att*2.7));
per_frame_6=mv_a=max(0,min(treb_att-2,1));
