[preset00]
fGammaAdj=2.000000
fDecay=0.910000
fVideoEchoZoom=0.996630
fVideoEchoAlpha=0.000000
nVideoEchoOrientation=0
nWaveMode=1
bAdditiveWaves=0
bWaveDots=0
bModWaveAlphaByVolume=0
bMaximizeWaveColor=1
bTexWrap=1
bDarkenCenter=0
bMotionVectorsOn=0
bRedBlueStereo=0
nMotionVectorsX=12
nMotionVectorsY=9
bBrighten=0
bDarken=0
bSolarize=0
bInvert=0
fWaveAlpha=1.005729
fWaveScale=2.184967
fWaveSmoothing=0.900000
fWaveParam=0.000000
fModWaveAlphaStart=0.750000
fModWaveAlphaEnd=0.950000
fWarpAnimSpeed=1.000000
fWarpScale=1.000000
fZoomExponent=1.000000
fShader=0.000000
zoom=1.000000
rot=0.000000
cx=0.500000
cy=0.500000
dx=0.000000
dy=0.000000
warp=1.000000
sx=1.000000
sy=1.000000
wave_r=0.500000
wave_g=0.500000
wave_b=0.500000
wave_x=0.500000
wave_y=0.500000
ob_size=0.005000
ob_r=0.000000
ob_g=0.000000
ob_b=0.000000
ob_a=1.000000
ib_size=0.250000
ib_r=0.500000
ib_g=0.500000
ib_b=0.500000
ib_a=0.100000
per_frame_1=warp = 0;
per_frame_1=wave_r = wave_r + 0.400 * sin(time * 0.555) + bass * 0.100;
per_frame_2=wave_g = wave_g + 0.400 * sin(time * 0.222) + treb * 0.100;
per_frame_3=wave_b = wave_b + 0.400 * sin(time * 0.777) + rot;
per_pixel_1=zoom=zoom+cos(rad*10*sin(time*.666))*.07;
