[preset00]
fRating=5.000000
fGammaAdj=1.998000
fDecay=0.980000
fVideoEchoZoom=1.515128
fVideoEchoAlpha=0.000000
nVideoEchoOrientation=3
nWaveMode=4
bAdditiveWaves=1
bWaveDots=0
bWaveThick=1
bModWaveAlphaByVolume=0
bMaximizeWaveColor=0
bTexWrap=1
bDarkenCenter=0
bRedBlueStereo=0
bBrighten=0
bDarken=0
bSolarize=0
bInvert=0
fWaveAlpha=0.785810
fWaveScale=0.120321
fWaveSmoothing=0.900000
fWaveParam=0.200000
fModWaveAlphaStart=1.150000
fModWaveAlphaEnd=1.310000
fWarpAnimSpeed=1.000000
fWarpScale=2.853000
fZoomExponent=1.000000
fShader=0.000000
zoom=1.000000
rot=0.001440
cx=0.500000
cy=0.500000
dx=0.000000
dy=0.000000
warp=0.000000
sx=1.000000
sy=1.000000
wave_r=0.600000
wave_g=0.800000
wave_b=0.950000
wave_x=0.500000
wave_y=0.500000
ob_size=0.015000
ob_r=0.000000
ob_g=0.000000
ob_b=0.000000
ob_a=1.000000
ib_size=0.005000
ib_r=0.000000
ib_g=0.000000
ib_b=0.000000
ib_a=0.610000
nMotionVectorsX=25.439993
nMotionVectorsY=20.519989
mv_dx=0.000000
mv_dy=0.000000
mv_l=4.599999
mv_r=1.000000
mv_g=1.000000
mv_b=1.000000
mv_a=0.000000
per_frame_1=vl=(bass*mid*treb)*0.24;
per_frame_2=wave_r = (0.31)*vl;
per_frame_3=wave_g =(0.7)*vl;
per_frame_4=wave_b =(1.0)*vl;
per_frame_5=decay = 0.999;
per_frame_6=rot = rot + 0.01;
per_frame_7=wave_mystery=(bass*-0.3)+0.5;
per_frame_8=ob_r=bass*bass*0.2;
per_frame_9=ob_g=mid_att*0.2;
per_frame_10=ob_b=treb_att*treb_att*0.2
per_pixel_1=zoom=1.0+( (sin( (ang*16)+time )) *0.03 ) ;
per_pixel_2=dx=(sin( (rad*9)+time ))*0.008;
per_pixel_3=dy=(cos( (ang*7.7)+(time*0.77) ))*0.008;
per_pixel_4=
per_pixel_5=warp=0.8;
per_pixel_6=
per_pixel_7=
