[preset00]
fRating=2.000000
fGammaAdj=1.000000
fDecay=0.900000
fVideoEchoZoom=2.000000
fVideoEchoAlpha=0.000000
nVideoEchoOrientation=0
nWaveMode=0
bAdditiveWaves=0
bWaveDots=0
bModWaveAlphaByVolume=0
bMaximizeWaveColor=1
bTexWrap=1
bDarkenCenter=0
bMotionVectorsOn=1
bRedBlueStereo=0
nMotionVectorsX=12
nMotionVectorsY=8
bBrighten=0
bDarken=1
bSolarize=0
bInvert=0
fWaveAlpha=0.001000
fWaveScale=1.644630
fWaveSmoothing=0.750000
fWaveParam=-0.520000
fModWaveAlphaStart=0.750000
fModWaveAlphaEnd=0.950000
fWarpAnimSpeed=1.000000
fWarpScale=1.000000
fZoomExponent=1.000000
fShader=1.000000
zoom=1.000000
rot=0.000000
cx=0.500000
cy=0.500000
dx=0.000000
dy=0.000000
warp=0.010000
sx=1.000000
sy=1.000000
wave_r=0.100000
wave_g=0.100000
wave_b=0.100000
wave_x=0.500000
wave_y=0.500000
ob_size=0.010000
ob_r=0.000000
ob_g=0.000000
ob_b=0.000000
ob_a=0.000000
ib_size=0.010000
ib_r=0.250000
ib_g=0.250000
ib_b=0.250000
ib_a=0.000000
per_frame_1=warp=bass*50;
