[preset00]
fRating=3.000000
fGammaAdj=1.000000
fDecay=0.944900
fVideoEchoZoom=1.000000
fVideoEchoAlpha=0.500000
nVideoEchoOrientation=0
nWaveMode=2
bAdditiveWaves=0
bWaveDots=0
bWaveThick=1
bModWaveAlphaByVolume=0
bMaximizeWaveColor=0
bTexWrap=1
bDarkenCenter=1
bRedBlueStereo=0
bBrighten=0
bDarken=0
bSolarize=0
bInvert=0
fWaveAlpha=1.000000
fWaveScale=1.008109
fWaveSmoothing=0.000000
fWaveParam=0.000000
fModWaveAlphaStart=0.500000
fModWaveAlphaEnd=1.000000
fWarpAnimSpeed=1.001800
fWarpScale=1.001800
fZoomExponent=1.008149
fShader=0.000000
zoom=1.008148
rot=0.000000
cx=0.500000
cy=0.500000
dx=0.000000
dy=0.000000
warp=0.010000
sx=0.999900
sy=0.999900
wave_r=0.500000
wave_g=0.500000
wave_b=0.500000
wave_x=0.500000
wave_y=0.500000
ob_size=0.000000
ob_r=0.000000
ob_g=0.000000
ob_b=0.400000
ob_a=0.000000
ib_size=0.000000
ib_r=0.000000
ib_g=0.300000
ib_b=0.000000
ib_a=1.000000
nMotionVectorsX=6.400000
nMotionVectorsY=2.400001
mv_dx=0.000000
mv_dy=0.340000
mv_l=0.999999
mv_r=0.759900
mv_g=0.480000
mv_b=0.390000
mv_a=0.000000
per_frame_1=wave_r = wave_r + 0.45*(0.5*sin(time*0.701)+ 0.3*cos(time*0.438));
per_frame_2=wave_b = wave_b - 0.4*(0.5*sin(time*4.782)+0.5*cos(time*0.722));
per_frame_3=wave_g = wave_g + 0.4*sin(time*1.931);
per_frame_4=vol=0.15*(bass_att+bass+mid+mid_att);
per_frame_5=rot = rot+0.030*( 0.60*sin(0.381*time) + 0.40*sin(0.479*time) );
per_frame_6=myeff=(q3+ if(above(q2,0.75), + q1*tan(time), + q2*tan(time))+.4+((cos(vol))/2) +q3 + 0.40*sin(8*mid)+.25+(vol/10));
per_frame_7=mytime=.7;
per_frame_8=q1=sin(mytime*4);
per_frame_9=q2=sin(mytime*2);
per_frame_10=q3=abs(rad-.1)*(mytime*myeff);
per_frame_11=xpos=.5;
per_frame_12=ypos=.5;
per_frame_13=wave_x = wave_x + if(above(wave_y,.75), - 0.1*tan(time), + 0.1*tan(time))-.4+((cos(vol))/2)*myeff;
per_frame_14=wave_y = wave_y + if(below(wave_x,.75), -0.1*tan(time), +0.1*tan(time))-.4+((cos(vol))/2)*myeff;
per_pixel_1=dx=q3*atan((rad)/q2*sin((dx_r*dy_r)*q3+time*5));
per_pixel_2=dy=q3*atan((rad)/q2*cos((dx*dy)*q3+time*5));
per_pixel_3=
