[preset00]
fRating=3.000000
fGammaAdj=1.000000
fDecay=0.994900
fVideoEchoZoom=1.000000
fVideoEchoAlpha=0.500000
nVideoEchoOrientation=0
nWaveMode=5
bAdditiveWaves=0
bWaveDots=0
bWaveThick=1
bModWaveAlphaByVolume=0
bMaximizeWaveColor=0
bTexWrap=1
bDarkenCenter=1
bRedBlueStereo=0
bBrighten=0
bDarken=0
bSolarize=0
bInvert=0
fWaveAlpha=1.000000
fWaveScale=1.008109
fWaveSmoothing=0.000000
fWaveParam=0.000000
fModWaveAlphaStart=0.500000
fModWaveAlphaEnd=1.000000
fWarpAnimSpeed=1.001800
fWarpScale=1.001800
fZoomExponent=1.028415
fShader=0.000000
zoom=1.229972
rot=0.000000
cx=0.500000
cy=0.500000
dx=0.000000
dy=0.000000
warp=0.010000
sx=0.999900
sy=0.999900
wave_r=0.500000
wave_g=0.500000
wave_b=0.500000
wave_x=0.500000
wave_y=0.500000
ob_size=0.500000
ob_r=0.000000
ob_g=0.000000
ob_b=0.400000
ob_a=0.000000
ib_size=0.000000
ib_r=0.000000
ib_g=0.300000
ib_b=0.000000
ib_a=1.000000
nMotionVectorsX=0.000000
nMotionVectorsY=4.800000
mv_dx=0.020000
mv_dy=0.000000
mv_l=5.000000
mv_r=0.759900
mv_g=0.480000
mv_b=0.390000
mv_a=0.000000
per_frame_1=wave_r = wave_r + 0.45*(0.5*sin(time*0.701)+ 0.3*cos(time*0.438));
per_frame_2=wave_b = wave_b - 0.4*(0.5*sin(time*4.782)+0.5*cos(time*0.722));
per_frame_3=wave_g = wave_g + 0.4*sin(time*1.931);
per_frame_4=vol=0.15*(bass_att+bass+mid+mid_att);
per_frame_5=rot = rot+0.030*( 0.60*sin(0.381*time) + 0.40*sin(0.479*time) );
per_frame_6=myeff=(q3+ if(above(q2,0.75), + q1*tan(time), + q2*tan(time))+.4+((cos(vol))/2) &q3 + 0.40*sin(8*mid)+.25+(vol/10));
per_frame_7=noeff =-myeff;
per_frame_8=mytime=.7;
per_frame_9=q1=sin(time*mytime*4);
per_frame_10=q2=sin(time*mytime*2);
per_frame_11=q3=abs(rad-.5)*(q2*q1);
per_frame_12=xpos=.5/vol;
per_frame_13=ypos=.5/vol;
per_frame_14=wave_x=.5+0.1*sin(time+q3);
per_frame_15=wave_y=.5+0.1*cos(time+q3);
per_pixel_1=zoom = zoom+(ypos*q2-q1)*(0.06+0.12);
per_pixel_2=dx=q3*atan((-rad)/q2*sin((dx_r*dy_r)*q3+time*5))*myeff;
per_pixel_3=dy=q3*atan((-rad)/q2*cos((dx*dy)*q3+time*5))*noeff;
per_pixel_4=
