[preset00]
fRating=1.000000
fGammaAdj=1.999000
fDecay=0.970000
fVideoEchoZoom=2.000000
fVideoEchoAlpha=0.000000
nVideoEchoOrientation=0
nWaveMode=4
bAdditiveWaves=0
bWaveDots=0
bWaveThick=0
bModWaveAlphaByVolume=0
bMaximizeWaveColor=1
bTexWrap=1
bDarkenCenter=0
bRedBlueStereo=0
bBrighten=0
bDarken=0
bSolarize=0
bInvert=0
fWaveAlpha=34.060188
fWaveScale=0.750000
fWaveSmoothing=0.900000
fWaveParam=0.000000
fModWaveAlphaStart=0.750000
fModWaveAlphaEnd=0.950000
fWarpAnimSpeed=1.000000
fWarpScale=2.853000
fZoomExponent=1.000000
fShader=0.000000
zoom=0.995000
rot=0.000000
cx=0.620000
cy=1.249999
dx=0.000000
dy=0.000000
warp=0.000000
sx=1.000000
sy=1.000000
wave_r=0.600000
wave_g=0.600000
wave_b=0.600000
wave_x=0.975000
wave_y=0.500000
ob_size=0.010000
ob_r=0.000000
ob_g=0.000000
ob_b=0.000000
ob_a=1.000000
ib_size=0.010000
ib_r=0.250000
ib_g=0.250000
ib_b=0.250000
ib_a=1.000000
nMotionVectorsX=3.000000
nMotionVectorsY=3.360000
mv_dx=0.000000
mv_dy=0.000000
mv_l=5.000000
mv_r=1.000000
mv_g=1.000000
mv_b=1.000000
mv_a=1.000000
per_frame_1=wave_r = wave_r + 0.350*( 0.60*sin(0.823*time) + 0.40*sin(0.916*time) );
per_frame_2=wave_g = wave_g + 0.350*( 0.60*sin(0.900*time) + 0.40*sin(1.023*time) );
per_frame_3=wave_b = wave_b + 0.350*( 0.60*sin(0.808*time) + 0.40*sin(0.949*time) );
per_frame_4=wave_x = 0.5-cos(time+bass)/10;
per_frame_5=wave_y = 0.5-cos(time+bass)/2.5;
per_frame_6=mv_r=bass;
per_frame_7=mv_g=treb;
per_frame_8=mv_b=mid;
per_frame_9=ib_r=treb;
per_frame_10=ib_g=mid;
per_frame_11=ib_b=bass;
per_frame_12=cy=cy+rot*3/bass;
per_frame_13=cx=cx/cy/sx/sy;
per_frame_14=zoom=zoom+(bass_att-1.3)*0.2;
per_pixel_1=sx=sx+0.07*sin(rad*18 + time*9);
per_pixel_2=sy=sy-0.07*sin(rad*9 + time*3);
