[preset00]
fRating=2.000000
fGammaAdj=1.980000
fDecay=0.900000
fVideoEchoZoom=1.000747
fVideoEchoAlpha=0.500000
nVideoEchoOrientation=1
nWaveMode=3
bAdditiveWaves=1
bWaveDots=0
bModWaveAlphaByVolume=0
bMaximizeWaveColor=1
bTexWrap=1
bDarkenCenter=1
bRedBlueStereo=0
bBrighten=1
bDarken=0
bSolarize=0
bInvert=0
fWaveAlpha=0.999974
fWaveScale=1.003325
fWaveSmoothing=0.900000
fWaveParam=0.300000
fModWaveAlphaStart=0.750000
fModWaveAlphaEnd=0.950000
fWarpAnimSpeed=1.000000
fWarpScale=1.350000
fZoomExponent=1.000000
fShader=0.000000
zoom=0.999900
rot=0.000000
cx=0.500000
cy=0.500000
dx=0.001000
dy=0.005000
warp=1.508800
sx=0.999900
sy=0.999900
wave_r=0.650000
wave_g=0.650000
wave_b=0.650000
wave_x=0.500000
wave_y=0.500000
ob_size=0.010000
ob_r=0.010000
ob_g=0.000000
ob_b=0.000000
ob_a=1.000000
ib_size=0.005000
ib_r=0.000000
ib_g=0.250000
ib_b=0.000000
ib_a=1.000000
nMotionVectorsX=1.000000
nMotionVectorsY=1.000000
mv_l=0.900000
mv_r=1.000000
mv_g=1.000000
mv_b=1.000000
mv_a=0.000000
per_frame_1=wave_r = wave_r + 0.350*( 0.60*sin(0.823*time) + 0.40*sin(0.916*time) );
per_frame_2=wave_g = wave_g + 0.350*( 0.60*sin(0.900*time) + 0.40*sin(1.023*time) );
per_frame_3=wave_b = wave_b + 0.350*( 0.60*sin(0.808*time) + 0.40*sin(0.949*time) );
per_frame_4=zoom=zoom-0.05+0.05*sin(time*0.133+bass);
per_frame_5=bass_effect=min(max(max(bass,bass_att)-1.3,0),1);
per_frame_6=decay = decay + 0.2*bass_effect;
per_frame_7=wave_x = 0.5-cos(time+bass)/10;
per_frame_8=wave_y = 0.5-cos(time+bass)/8;
per_frame_9=ib_r=bass+time/2;
per_frame_10=ib_g=mid+time/2;
per_frame_11=ib_b=treb+time/2;
per_pixel_1=cy=cy+rot*3/bass;
per_pixel_2=cx=cx/cy/sx/sy;
