[preset00]
fRating=0.000000
fGammaAdj=1.000000
fDecay=0.999000
fVideoEchoZoom=0.999609
fVideoEchoAlpha=0.500000
nVideoEchoOrientation=1
nWaveMode=1
bAdditiveWaves=0
bWaveDots=0
bModWaveAlphaByVolume=0
bMaximizeWaveColor=1
bTexWrap=0
bDarkenCenter=1
bMotionVectorsOn=0
bRedBlueStereo=0
nMotionVectorsX=12
nMotionVectorsY=9
bBrighten=1
bDarken=1
bSolarize=0
bInvert=0
fWaveAlpha=1.000158
fWaveScale=2.000452
fWaveSmoothing=0.630000
fWaveParam=-0.000001
fModWaveAlphaStart=2.000000
fModWaveAlphaEnd=2.000000
fWarpAnimSpeed=1.000000
fWarpScale=1.331000
fZoomExponent=1.000000
fShader=0.000000
zoom=0.999514
rot=0.000000
cx=0.500000
cy=0.500000
dx=0.000000
dy=0.000000
warp=0.010000
sx=1.000000
sy=1.000000
wave_r=0.000000
wave_g=0.000000
wave_b=0.000000
wave_x=0.000000
wave_y=0.000000
ob_size=0.500000
ob_r=0.010000
ob_g=0.000000
ob_b=0.000000
ob_a=0.000000
ib_size=0.260000
ib_r=0.250000
ib_g=0.250000
ib_b=0.250000
ib_a=0.000000
per_frame_1=wave_mystery=-0.5+(sin(treb)/3);
per_frame_2=wave_x=0.05+mid/2;
per_frame_3=wave_y=0.05+bass/2.5;
per_frame_4=wave_r=bass;
per_frame_5=wave_g=mid;
per_frame_6=wave_b=treb;
per_frame_7=zoom=0.2+sin(bass);
per_pixel_1=bass_factor=.45+.15*bass+att;
per_pixel_2=rot=if(below(rad,bass_factor),sin(time*.3+ang*8+rad*7.5)*.063,rot);
per_pixel_3=zoom=if(below(rad,bass_factor),1-.23*(1-rad)*sin(time*.3+ang*8+rad*7.5),zoom);
per_pixel_4=warp=if(below(rad,bass_factor),0,warp);


















