[preset00]
fRating=1.500000
fGammaAdj=1.000000
fDecay=0.980000
fVideoEchoZoom=0.999600
fVideoEchoAlpha=0.520000
nVideoEchoOrientation=1
nWaveMode=5
bAdditiveWaves=1
bWaveDots=0
bModWaveAlphaByVolume=0
bMaximizeWaveColor=1
bTexWrap=1
bDarkenCenter=1
bRedBlueStereo=0
bBrighten=0
bDarken=0
bSolarize=0
bInvert=0
fWaveAlpha=0.800000
fWaveScale=1.000700
fWaveSmoothing=0.900000
fWaveParam=0.000000
fModWaveAlphaStart=1.489999
fModWaveAlphaEnd=0.750000
fWarpAnimSpeed=1.000000
fWarpScale=1.331000
fZoomExponent=1.000000
fShader=0.000000
zoom=0.970105
rot=0.000000
cx=0.500000
cy=0.500000
dx=0.000000
dy=0.000000
warp=0.010000
sx=1.000000
sy=1.000000
wave_r=0.600000
wave_g=0.600000
wave_b=0.600000
wave_x=0.500000
wave_y=0.500000
ob_size=0.000000
ob_r=0.200000
ob_g=0.000000
ob_b=0.000000
ob_a=1.000000
ib_size=0.020000
ib_r=0.000000
ib_g=0.000000
ib_b=0.200000
ib_a=1.000000
nMotionVectorsX=3.200000
nMotionVectorsY=23.039986
mv_l=0.000000
mv_r=0.950000
mv_g=0.800000
mv_b=0.700000
mv_a=1.000000
per_frame_1=vol_now = .5*(bass  + bass_att);
per_frame_2=beat_max = if(equal(frame%50,0),vol_now,max(beat_max, vol_now));
per_frame_3=q3 = sin(beat_max-vol_now);
per_frame_4=ib_g  = ib_g +.5* sin(3*q3);
per_frame_5=ib_r = ib_r + .8*cos(2*q3);
per_frame_6=ib_b = ib_g + .5*sin(2*q3);
per_pixel_1=x=sx+0.07*sin(rad*18 + time*9);
per_pixel_2=sy=sy+0.07*sin(rad*18 + time*9);
per_pixel_3=zoom=-zoom-(bass_att+0.5)*0.01;
per_pixel_4=dx = .5*x;
per_pixel_5=dy = .5*y;
