[preset00]
fRating=2.000000
fGammaAdj=1.000000
fDecay=0.990000
fVideoEchoZoom=1.000000
fVideoEchoAlpha=0.500000
nVideoEchoOrientation=1
nWaveMode=7
bAdditiveWaves=1
bWaveDots=0
bWaveThick=1
bModWaveAlphaByVolume=0
bMaximizeWaveColor=0
bTexWrap=0
bDarkenCenter=0
bRedBlueStereo=0
bBrighten=0
bDarken=1
bSolarize=0
bInvert=0
fWaveAlpha=31.204987
fWaveScale=0.098609
fWaveSmoothing=0.500000
fWaveParam=1.000000
fModWaveAlphaStart=0.500000
fModWaveAlphaEnd=1.000000
fWarpAnimSpeed=1.000000
fWarpScale=1.000000
fZoomExponent=0.999900
fShader=1.000000
zoom=0.990000
rot=0.100000
cx=0.200000
cy=0.500000
dx=0.000000
dy=0.000010
warp=0.010000
sx=0.999997
sy=0.999999
wave_r=1.000000
wave_g=1.000000
wave_b=1.000000
wave_x=0.010000
wave_y=0.976000
ob_size=0.004500
ob_r=1.000000
ob_g=0.600000
ob_b=0.000000
ob_a=1.000000
ib_size=0.021500
ib_r=0.000000
ib_g=0.000000
ib_b=0.500000
ib_a=1.000000
nMotionVectorsX=64.000000
nMotionVectorsY=2.880000
mv_dx=0.000000
mv_dy=-0.100000
mv_l=5.000000
mv_r=1.000000
mv_g=1.000000
mv_b=1.000000
mv_a=0.000000
per_frame_1=wave_r=int(rand(10));
per_frame_2=wave_b=int(rand(10));
per_frame_3=wave_g=int(rand(10));
per_frame_4=cy=.200+.600*sin(time*.52)*sin(time*.12);
per_frame_5=cx=.800-.600*sin(time*.5)*sin(time*.32);
per_frame_6=ob_g=ob_G+.10*sin(time);
per_frame_7=zoom=zoom+.10*sin(time*.13)-.10*sin(time*.13);
per_frame_8=ob_r=ob_r*sin(time);
per_frame_9=ob_g=ob_g*sin(time*Bass);
per_frame_10=ob_r=ob_r*sin(time*treb);
per_pixel_1=rot=rot*sin(time*.24)*rad*Sin(bass)+.01*ang*sin(treb*Bass);;
