[preset00]
fRating=3.000000
fGammaAdj=1.000000
fDecay=0.999000
fVideoEchoZoom=1.356739
fVideoEchoAlpha=0.000000
nVideoEchoOrientation=0
nWaveMode=0
bAdditiveWaves=1
bWaveDots=0
bWaveThick=0
bModWaveAlphaByVolume=0
bMaximizeWaveColor=0
bTexWrap=1
bDarkenCenter=0
bRedBlueStereo=0
bBrighten=1
bDarken=0
bSolarize=0
bInvert=0
fWaveAlpha=4.099998
fWaveScale=0.012324
fWaveSmoothing=0.630000
fWaveParam=0.600000
fModWaveAlphaStart=0.710000
fModWaveAlphaEnd=1.300000
fWarpAnimSpeed=1.000000
fWarpScale=1.331000
fZoomExponent=3.394160
fShader=0.000000
zoom=0.989613
rot=1.000000
cx=0.500000
cy=0.500000
dx=0.000000
dy=0.000000
warp=0.010000
sx=0.819500
sy=1.104600
wave_r=1.000000
wave_g=1.000000
wave_b=1.000000
wave_x=0.500000
wave_y=0.500000
ob_size=0.050000
ob_r=0.010000
ob_g=0.000000
ob_b=1.000000
ob_a=0.200000
ib_size=0.000000
ib_r=0.250000
ib_g=0.250000
ib_b=0.250000
ib_a=0.300000
nMotionVectorsX=12.000000
nMotionVectorsY=9.000000
mv_dx=0.000000
mv_dy=0.000000
mv_l=0.900000
mv_r=1.000000
mv_g=1.000000
mv_b=1.000000
mv_a=0.000000
per_frame_1=rot=rot*sin(Time);
per_frame_2=ob_b=0+.5+.5*sin(Time*5);
per_frame_3=ob_r=0+.5+.5*sin(time*10);
per_frame_4=ob_g=0+.5+.5*sin(newbass);
per_frame_5=newbass=bass_Att*bass-.5*Sin(bass);
per_frame_6=zoom=zoom-.10*cos(newbass);
per_pixel_1=rot=rad-ang;
