[preset00]
fRating=1.000000
fGammaAdj=2.000000
fDecay=0.940000
fVideoEchoZoom=1.000000
fVideoEchoAlpha=0.000000
nVideoEchoOrientation=1
nWaveMode=7
bAdditiveWaves=0
bWaveDots=0
bWaveThick=0
bModWaveAlphaByVolume=0
bMaximizeWaveColor=1
bTexWrap=1
bDarkenCenter=0
bRedBlueStereo=0
bBrighten=0
bDarken=0
bSolarize=0
bInvert=0
fWaveAlpha=1.000000
fWaveScale=0.010000
fWaveSmoothing=0.750000
fWaveParam=-0.380000
fModWaveAlphaStart=0.750000
fModWaveAlphaEnd=0.950000
fWarpAnimSpeed=1.000000
fWarpScale=1.000000
fZoomExponent=1.000000
fShader=0.000000
zoom=1.000000
rot=0.000000
cx=0.499900
cy=0.500000
dx=0.000000
dy=0.000000
warp=0.008264
sx=0.999900
sy=1.000000
wave_r=0.700000
wave_g=0.400000
wave_b=0.700000
wave_x=0.500000
wave_y=0.500000
ob_size=0.002000
ob_r=0.000000
ob_g=0.000000
ob_b=1.000000
ob_a=0.000000
ib_size=0.000000
ib_r=0.000000
ib_g=0.000000
ib_b=0.000000
ib_a=0.000000
nMotionVectorsX=64.000000
nMotionVectorsY=1.439900
mv_dx=0.000000
mv_dy=0.100000
mv_l=2.000000
mv_r=0.400000
mv_g=0.500000
mv_b=0.300000
mv_a=0.000000
per_frame_1=wave_x=if(above(bass,bass_Att),.300,wave_X*sin(time))*sin(time);
per_frame_2=wave_y=if(above(treb,treb_att),.600,wave_y*Sin(time))*sin(time);
per_frame_3=
per_frame_4=wave_r=wave_r*sin(bass);
per_frame_5=wave_b=wave_b*sin(treb);
per_frame_6=wave_G=wave_G*sin(mid);
per_frame_7=wave_mystery=int(rand(5));
per_frame_8=
per_frame_9=sx=sx+.10*sin(bass+mid);
per_frame_10=sy=sy-.10*cos(mid+treb);
