[preset00]
fRating=3.000000
fGammaAdj=1.000000
fDecay=1.000000
fVideoEchoZoom=1.006596
fVideoEchoAlpha=0.500000
nVideoEchoOrientation=1
nWaveMode=0
bAdditiveWaves=1
bWaveDots=0
bWaveThick=1
bModWaveAlphaByVolume=0
bMaximizeWaveColor=0
bTexWrap=1
bDarkenCenter=0
bRedBlueStereo=0
bBrighten=0
bDarken=1
bSolarize=0
bInvert=0
fWaveAlpha=4.099998
fWaveScale=0.053250
fWaveSmoothing=0.630000
fWaveParam=-0.800000
fModWaveAlphaStart=0.710000
fModWaveAlphaEnd=1.300000
fWarpAnimSpeed=1.000000
fWarpScale=1.331000
fZoomExponent=1.000000
fShader=0.000000
zoom=0.989618
rot=-1.000000
cx=0.500000
cy=0.500000
dx=0.000000
dy=0.000000
warp=0.010000
sx=1.000000
sy=1.000000
wave_r=0.200000
wave_g=0.000000
wave_b=1.000000
wave_x=0.500000
wave_y=0.500000
ob_size=0.000500
ob_r=0.012000
ob_g=0.000000
ob_b=0.001000
ob_a=0.000000
ib_size=0.005000
ib_r=0.000000
ib_g=0.000000
ib_b=0.000000
ib_a=1.000000
nMotionVectorsX=12.000000
nMotionVectorsY=9.000000
mv_dx=0.000000
mv_dy=0.000000
mv_l=0.900000
mv_r=1.000000
mv_g=1.000000
mv_b=1.000000
mv_a=0.000000
per_frame_1=ib_g=ib_g+.5+.5*sin(time);
per_frame_2=ib_r=ib_r+.5+.5*sin(Time*6);
per_frame_3=ib_b=ib_b+.5+.5*sin(time*.7);
per_frame_4=ib_size=ib_size+.05*sin(time);
per_frame_5=wave_b=wave_b-.5-.5*Sin(time*5)
per_pixel_1=rot=ang
per_pixel_2=*sin(ang*2+time);
