[preset00]
fRating=2.000000
fGammaAdj=1.000000
fDecay=1.000000
fVideoEchoZoom=1.000155
fVideoEchoAlpha=0.500000
nVideoEchoOrientation=3
nWaveMode=3
bAdditiveWaves=0
bWaveDots=0
bWaveThick=0
bModWaveAlphaByVolume=0
bMaximizeWaveColor=0
bTexWrap=0
bDarkenCenter=1
bRedBlueStereo=0
bBrighten=0
bDarken=1
bSolarize=0
bInvert=0
fWaveAlpha=0.800000
fWaveScale=0.100406
fWaveSmoothing=0.000000
fWaveParam=-0.500000
fModWaveAlphaStart=0.750000
fModWaveAlphaEnd=0.950000
fWarpAnimSpeed=1.000000
fWarpScale=1.000000
fZoomExponent=1.000000
fShader=0.000000
zoom=1.000000
rot=0.000000
cx=0.500000
cy=0.500000
dx=0.000000
dy=0.000000
warp=0.010000
sx=1.000000
sy=1.000000
wave_r=1.000000
wave_g=0.000000
wave_b=0.000000
wave_x=0.500000
wave_y=0.500000
ob_size=0.010000
ob_r=0.000000
ob_g=0.000000
ob_b=0.000000
ob_a=0.000000
ib_size=0.010000
ib_r=0.250000
ib_g=0.250000
ib_b=0.250000
ib_a=0.000000
nMotionVectorsX=12.000000
nMotionVectorsY=9.000000
mv_dx=0.000000
mv_dy=0.000000
mv_l=0.900000
mv_r=1.000000
mv_g=1.000000
mv_b=1.000000
mv_a=0.000000
per_frame_1=wave_r=(bass*treb)*0.1;
per_frame_2=wave_g=(mid*treb)*0.3;
per_frame_3=wave_b=(mid*bass)*0.6;
per_frame_4=
per_pixel_1=bass_effect=max(max(bass,bass_att)-1.2,0);
per_pixel_2=zoom=if(above(ang,0.05),if(above(ang,0.15),1+ang*0.1,1+ang*2),1+ang*0.1);
per_pixel_3=zoom = zoom + 0.1*bass_effect;
