[preset00]
fRating=3.000000
fGammaAdj=1.000000
fDecay=0.975000
fVideoEchoZoom=1.000224
fVideoEchoAlpha=0.500000
nVideoEchoOrientation=0
nWaveMode=6
bAdditiveWaves=0
bWaveDots=0
bWaveThick=0
bModWaveAlphaByVolume=0
bMaximizeWaveColor=1
bTexWrap=1
bDarkenCenter=0
bRedBlueStereo=0
bBrighten=0
bDarken=0
bSolarize=0
bInvert=0
fWaveAlpha=1.003100
fWaveScale=1.004873
fWaveSmoothing=0.000000
fWaveParam=1.000000
fModWaveAlphaStart=1.010000
fModWaveAlphaEnd=1.010000
fWarpAnimSpeed=0.999900
fWarpScale=1.002083
fZoomExponent=1.691364
fShader=1.000000
zoom=0.946754
rot=0.040000
cx=0.500000
cy=0.500000
dx=-0.205000
dy=-1.000000
warp=0.010000
sx=0.999900
sy=1.000000
wave_r=0.000000
wave_g=0.000000
wave_b=0.000000
wave_x=0.500000
wave_y=0.500000
ob_size=0.005000
ob_r=0.000000
ob_g=0.000000
ob_b=0.000000
ob_a=1.000000
ib_size=0.010000
ib_r=0.250000
ib_g=0.250000
ib_b=0.250000
ib_a=0.000000
nMotionVectorsX=1.000000
nMotionVectorsY=0.000000
mv_dx=0.000000
mv_dy=0.000000
mv_l=0.900000
mv_r=1.000000
mv_g=1.000000
mv_b=1.000000
mv_a=1.000000
per_frame_1=dy=0.05;
per_frame_2=dx=0.05;
per_frame_3=b1=max(treb,treb_att)-min(bass,bass_att);
per_frame_4=wave_mystery=-1+bass_att;
per_frame_5=wave_r=if(equal(frame%2,0),b1/1,0);
per_frame_6=wave_b=0.2+sin(time)*.50;
per_frame_7=wave_g=if(above(frame%5,2),b1/1,0);
per_frame_8=cx=cx+.10*sin(time);
per_frame_9=cy=cy+.20*sin(Time*.13);
per_frame_10=
per_pixel_1=dx=.03;
per_pixel_2=dx=if(below(x,4.7*rad),-dx,dx)*rad*sin(bass);
per_pixel_3=dy=.03;
per_pixel_4=dy=if(below(y,4.7*rad),dy,-dy)*rad*Sin(bass);;
per_pixel_5=rot=rot*sin(rad);
per_pixel_6=zoom=zoom+.30*sin(rad*cos(above(ang,rad)))-.20*sin(rad*Bass);
