[preset00]
fRating=3.000000
fGammaAdj=1.000000
fDecay=0.925000
fVideoEchoZoom=1.006596
fVideoEchoAlpha=0.500000
nVideoEchoOrientation=2
nWaveMode=7
bAdditiveWaves=1
bWaveDots=1
bWaveThick=0
bModWaveAlphaByVolume=0
bMaximizeWaveColor=1
bTexWrap=0
bDarkenCenter=0
bRedBlueStereo=0
bBrighten=0
bDarken=0
bSolarize=0
bInvert=0
fWaveAlpha=4.099998
fWaveScale=1.285751
fWaveSmoothing=0.630000
fWaveParam=1.000000
fModWaveAlphaStart=0.710000
fModWaveAlphaEnd=1.300000
fWarpAnimSpeed=1.000000
fWarpScale=1.331000
fZoomExponent=0.498300
fShader=0.000000
zoom=0.997500
rot=0.000000
cx=0.500000
cy=0.500000
dx=0.020000
dy=-1.000000
warp=0.010000
sx=1.073800
sy=0.218182
wave_r=1.000000
wave_g=0.600000
wave_b=1.000000
wave_x=0.500000
wave_y=0.000000
ob_size=0.500000
ob_r=0.010000
ob_g=0.000000
ob_b=0.000000
ob_a=0.000000
ib_size=0.260000
ib_r=0.250000
ib_g=0.250000
ib_b=0.250000
ib_a=0.000000
nMotionVectorsX=12.000000
nMotionVectorsY=9.000000
mv_dx=0.000000
mv_dy=0.000000
mv_l=0.900000
mv_r=1.000000
mv_g=1.000000
mv_b=1.000000
mv_a=0.000000
per_frame_1=bass_effect=bass*bass_Att*sin(rot);
per_frame_2=zoom=zoom+.10*Sin(Bass_Effect+ang);
per_frame_3=rot=rot*sin(Time);
per_frame_4=sy=sy*sin(time);
per_frame_5=wave_b=wave_b*Sin(bass_effect);
per_frame_6=wave_g=wave_g*sin(treb);
per_frame_7=wave_r=wave_r*Sin(time);
per_frame_8=dx=dx*sin(Time)
per_pixel_1=zoom=zoom+.10*sin(time);
