[preset00]
fRating=3.000000
fGammaAdj=1.000000
fDecay=0.925000
fVideoEchoZoom=0.999609
fVideoEchoAlpha=0.000000
nVideoEchoOrientation=3
nWaveMode=7
bAdditiveWaves=1
bWaveDots=0
bWaveThick=0
bModWaveAlphaByVolume=0
bMaximizeWaveColor=0
bTexWrap=0
bDarkenCenter=0
bRedBlueStereo=0
bBrighten=1
bDarken=0
bSolarize=0
bInvert=0
fWaveAlpha=4.099998
fWaveScale=1.285751
fWaveSmoothing=0.630000
fWaveParam=0.000000
fModWaveAlphaStart=0.710000
fModWaveAlphaEnd=1.300000
fWarpAnimSpeed=1.000000
fWarpScale=1.331000
fZoomExponent=0.931011
fShader=0.000000
zoom=0.904847
rot=-0.040000
cx=0.500000
cy=0.500000
dx=0.020000
dy=0.060000
warp=0.010000
sx=1.000000
sy=1.000000
wave_r=1.000000
wave_g=0.500000
wave_b=0.500000
wave_x=0.500000
wave_y=0.500000
ob_size=0.500000
ob_r=0.010000
ob_g=0.000000
ob_b=0.000000
ob_a=0.000000
ib_size=0.260000
ib_r=0.250000
ib_g=0.250000
ib_b=0.250000
ib_a=0.000000
nMotionVectorsX=12.000000
nMotionVectorsY=9.000000
mv_dx=0.000000
mv_dy=0.000000
mv_l=0.900000
mv_r=1.000000
mv_g=1.000000
mv_b=1.000000
mv_a=0.000000
per_frame_1=wave_r=wave_r-.20*sin(time)*if(above(wave_b,wave_g),1,0);
per_frame_2=wave_b=wave_b+.10*sin(time)*if(Above(wave_r,wave_g),1,0);
per_frame_3=wave_G=wave_g-.20*sin(time)*if(above(wave_r,wave_b),1,0);
per_frame_4=wave_y=wave_y-.20*sin(bass);
per_frame_5=wave_mystery=wave_mystery+.10*sin(time);
per_pixel_1=zoom=zoom+.10*sin(bass)*if(below(ang,rad*ang),1,3)*rad*sin(bass);
per_pixel_2=skopywopydopymopy=pow(1,2)*rad;
per_pixel_3=swdm=skopywopydopymopy;
per_pixel_4=dx=dx*swdm*if(above(dy,0),1.2,0)*sin(time);
per_pixel_5=dy=dy*swdm*if(below(dx,0),1.2,0)*sin(time);
per_pixel_6=rot=rot*rad*2*Sin(time);
