[preset00]
fRating=2.000000
fGammaAdj=1.000000
fDecay=0.991000
fVideoEchoZoom=0.999606
fVideoEchoAlpha=0.000000
nVideoEchoOrientation=3
nWaveMode=2
bAdditiveWaves=0
bWaveDots=0
bWaveThick=0
bModWaveAlphaByVolume=0
bMaximizeWaveColor=1
bTexWrap=1
bDarkenCenter=1
bRedBlueStereo=0
bBrighten=0
bDarken=0
bSolarize=0
bInvert=0
fWaveAlpha=0.005822
fWaveScale=0.204620
fWaveSmoothing=0.360000
fWaveParam=-1.000000
fModWaveAlphaStart=0.870000
fModWaveAlphaEnd=1.289900
fWarpAnimSpeed=1.000000
fWarpScale=0.999600
fZoomExponent=0.970390
fShader=0.300000
zoom=0.626623
rot=-0.200000
cx=0.500000
cy=0.500000
dx=0.000000
dy=0.000000
warp=0.010000
sx=1.347579
sy=1.347848
wave_r=0.110000
wave_g=0.250000
wave_b=0.360001
wave_x=0.500001
wave_y=0.500000
ob_size=0.010000
ob_r=1.000000
ob_g=1.000000
ob_b=0.300000
ob_a=1.000000
ib_size=0.005000
ib_r=0.000000
ib_g=0.000000
ib_b=0.000000
ib_a=1.000000
nMotionVectorsX=0.640000
nMotionVectorsY=4.800000
mv_dx=0.000000
mv_dy=0.000000
mv_l=5.000000
mv_r=0.700000
mv_g=0.350000
mv_b=0.500000
mv_a=0.200000
per_frame_1=ob_R=bass*time;
per_frame_2=ob_b=treb*time;
per_frame_3=ob_g=mid*time;
per_frame_4=
per_frame_5=cx=cx-.2*Sin(time);
per_frame_6=cy=cy+.2*cos(time*.43);
per_frame_7=
per_frame_8=dx=dx*sin(above(bass,1));
per_frame_9=dy=dy*Sin(above(treb,1));
per_pixel_1=rot=if(above(bnot(1*bass),bnot(1*treb)),rot*sin(rad*sin(time)),-rot*sin(rad*cos(time)));
per_pixel_2=rot=rot*sin(rad*2*sin(Time))*rad&log(rad&rad*2)
