[preset00]
fRating=2.000000
fGammaAdj=1.630000
fDecay=0.970000
fVideoEchoZoom=0.999609
fVideoEchoAlpha=0.000000
nVideoEchoOrientation=3
nWaveMode=3
bAdditiveWaves=1
bWaveDots=0
bWaveThick=1
bModWaveAlphaByVolume=0
bMaximizeWaveColor=1
bTexWrap=1
bDarkenCenter=0
bRedBlueStereo=0
bBrighten=0
bDarken=0
bSolarize=0
bInvert=0
fWaveAlpha=0.298726
fWaveScale=1.766488
fWaveSmoothing=0.900000
fWaveParam=0.000000
fModWaveAlphaStart=0.000000
fModWaveAlphaEnd=0.950000
fWarpAnimSpeed=1.000000
fWarpScale=1.000000
fZoomExponent=1.000000
fShader=1.000000
zoom=0.980295
rot=0.000000
cx=0.500000
cy=0.500000
dx=0.020000
dy=0.000000
warp=0.010000
sx=1.220190
sy=1.374839
wave_r=0.100000
wave_g=0.600000
wave_b=1.000000
wave_x=0.500000
wave_y=0.500000
ob_size=0.500000
ob_r=0.000000
ob_g=0.000000
ob_b=0.000000
ob_a=0.000000
ib_size=0.500000
ib_r=0.250000
ib_g=0.250000
ib_b=0.250000
ib_a=0.000000
nMotionVectorsX=64.000000
nMotionVectorsY=2.400000
mv_dx=0.000000
mv_dy=0.000000
mv_l=5.000000
mv_r=1.000000
mv_g=1.000000
mv_b=1.000000
mv_a=0.000000
per_frame_1=wave_r=wave_r-.3*sin(time);
per_frame_2=wave_g=1*Sin(time*.63);
per_frame_3=wave_b=.5*Sin(time*.64);
per_frame_4=cx=cx+.1*sin(time&bass)/2;
per_frame_5=cy=cy-.1*sin(timebass_att)/2;
per_pixel_1=warp=cos(sin(abs((bass-treb)*mid)))/4;
per_pixel_2=rot=(sin(x)+cos(y))/100/(sin(x)+cos(y))/100+.1*sin(bass&time);
per_pixel_3=zoom=cos(y+.2*sin(mid&time));
