[preset00]
fRating=2.000000
fGammaAdj=2.000000
fDecay=0.960000
fVideoEchoZoom=2.000000
fVideoEchoAlpha=0.000000
nVideoEchoOrientation=0
nWaveMode=0
bAdditiveWaves=0
bWaveDots=0
bWaveThick=0
bModWaveAlphaByVolume=0
bMaximizeWaveColor=1
bTexWrap=1
bDarkenCenter=1
bRedBlueStereo=0
bBrighten=0
bDarken=0
bSolarize=0
bInvert=0
fWaveAlpha=2.163847
fWaveScale=0.010000
fWaveSmoothing=0.750000
fWaveParam=-0.240000
fModWaveAlphaStart=0.750000
fModWaveAlphaEnd=0.950000
fWarpAnimSpeed=1.000000
fWarpScale=1.000000
fZoomExponent=0.880270
fShader=0.000000
zoom=0.550450
rot=0.200000
cx=0.500000
cy=0.500000
dx=0.000000
dy=0.000000
warp=1.000000
sx=1.000000
sy=1.000000
wave_r=0.700000
wave_g=0.300000
wave_b=0.700000
wave_x=0.500000
wave_y=0.500000
ob_size=0.010000
ob_r=0.000000
ob_g=0.000000
ob_b=0.000000
ob_a=1.000000
ib_size=0.010000
ib_r=0.250000
ib_g=0.250000
ib_b=0.250000
ib_a=0.000000
nMotionVectorsX=0.000000
nMotionVectorsY=0.000000
mv_dx=0.000000
mv_dy=0.000000
mv_l=5.000000
mv_r=1.000000
mv_g=1.000000
mv_b=1.000000
mv_a=1.000000
per_frame_1=warp=0.2;
per_frame_2=wave_r=wave_r*sin(bass*.05);
per_frame_3=wave_B=wave_b*sin(treb*.05);
per_frame_4=wave_g=wave_G*Sin(mid*.05);
per_frame_5=wave_mystery=wave_mystery+.02*sin(time*Above(bass*0.01,bass_Att*.01));
per_pixel_1=zoom=rad+.78;;
per_pixel_2=rot=bass*.01*sin(Rad*sin(time*.32))*sin(ang*Sin(Time*.12))&x&y*0.25*rad&rad+.2-4
per_pixel_3=*sin(time*.01)-.3*Sin(time)-1*sin(bass);
per_pixel_4=;
per_pixel_5=
