[preset00]
fRating=2.000000
fGammaAdj=2.000000
fDecay=0.979000
fVideoEchoZoom=0.999609
fVideoEchoAlpha=0.500000
nVideoEchoOrientation=1
nWaveMode=0
bAdditiveWaves=0
bWaveDots=0
bModWaveAlphaByVolume=1
bMaximizeWaveColor=0
bTexWrap=0
bDarkenCenter=0
bRedBlueStereo=0
bBrighten=1
bDarken=0
bSolarize=1
bInvert=0
fWaveAlpha=0.824241
fWaveScale=0.970586
fWaveSmoothing=0.540000
fWaveParam=0.000000
fModWaveAlphaStart=0.750000
fModWaveAlphaEnd=0.950000
fWarpAnimSpeed=1.000000
fWarpScale=1.104622
fZoomExponent=100.000000
fShader=0.000000
zoom=1.947740
rot=0.100000
cx=0.650000
cy=0.830000
dx=0.000000
dy=0.000000
warp=100.000000
sx=1.010000
sy=1.010000
wave_r=0.500000
wave_g=0.500000
wave_b=0.500000
wave_x=0.500000
wave_y=0.500000
ob_size=0.500000
ob_r=0.000000
ob_g=0.000000
ob_b=0.000000
ob_a=0.000000
ib_size=0.500000
ib_r=0.250000
ib_g=0.250000
ib_b=0.250000
ib_a=0.000000
nMotionVectorsX=12.000000
nMotionVectorsY=9.000000
mv_l=0.900000
mv_r=1.000000
mv_g=1.000000
mv_b=1.000000
mv_a=0.000000
per_frame_1=warp=0;
per_frame_2=wave_r = wave_r + .33*sin(time*1.2);
per_frame_3=wave_g = wave_g + .33*sin(time*.888);
per_frame_4=wave_b = wave_g + .33*sin(time*.999)
per_pixel_1=sx = 1+sin(rad)/9;
per_pixel_2=sy = 1+sin(rad)/8;
per_pixel_3=cy=0.01;
per_pixel_4=rot=0.2*tan(rad)
