[preset00]
fRating=4.000000
fGammaAdj=1.500000
fDecay=0.980000
fVideoEchoZoom=2.000000
fVideoEchoAlpha=0.000000
nVideoEchoOrientation=0
nWaveMode=6
bAdditiveWaves=1
bWaveDots=0
bModWaveAlphaByVolume=0
bMaximizeWaveColor=1
bTexWrap=1
bDarkenCenter=0
bRedBlueStereo=0
bBrighten=0
bDarken=0
bSolarize=0
bInvert=0
fWaveAlpha=1.868309
fWaveScale=0.325446
fWaveSmoothing=0.900000
fWaveParam=1.000000
fModWaveAlphaStart=0.750000
fModWaveAlphaEnd=0.950000
fWarpAnimSpeed=7.315976
fWarpScale=84.055702
fZoomExponent=0.591237
fShader=0.000000
zoom=100.000000
rot=0.000000
cx=0.499900
cy=0.500000
dx=0.000000
dy=0.000000
warp=12.923500
sx=16.217464
sy=1.104618
wave_r=0.000000
wave_g=0.100000
wave_b=0.000000
wave_x=0.500000
wave_y=0.000000
ob_size=0.210000
ob_r=1.000000
ob_g=1.000000
ob_b=0.000000
ob_a=0.000000
ib_size=0.500000
ib_r=1.000000
ib_g=1.000000
ib_b=0.250000
ib_a=0.000000
nMotionVectorsX=6.400000
nMotionVectorsY=4.800000
mv_l=5.000000
mv_r=1.000000
mv_g=0.000000
mv_b=1.000000
mv_a=0.000000
per_frame_1=wave_r = wave_r + 0.3*( 1.60*sin(0.933*time) + 0.40*sin(1.045*time) );
per_frame_2=wave_g = wave_g + 0.3*( 0.60*sin(0.900*time) + 0.40*sin(0.956*time) );
per_frame_3=wave_b = wave_b + 0.3*( 0.60*sin(0.910*time) + 0.40*sin(0.920*time) );
per_frame_4=zoom=0.10
