[preset00]
fRating=3.000000
fGammaAdj=2.000000
fDecay=0.960000
fVideoEchoZoom=2.000000
fVideoEchoAlpha=0.000000
nVideoEchoOrientation=0
nWaveMode=2
bAdditiveWaves=0
bWaveDots=0
bWaveThick=0
bModWaveAlphaByVolume=0
bMaximizeWaveColor=1
bTexWrap=0
bDarkenCenter=0
bRedBlueStereo=0
bBrighten=0
bDarken=0
bSolarize=0
bInvert=0
fWaveAlpha=3.558724
fWaveScale=0.224776
fWaveSmoothing=0.000000
fWaveParam=-0.600000
fModWaveAlphaStart=0.750000
fModWaveAlphaEnd=0.950000
fWarpAnimSpeed=1.000000
fWarpScale=1.000000
fZoomExponent=0.025800
fShader=0.000000
zoom=1.000000
rot=0.200000
cx=0.500000
cy=0.500000
dx=0.000000
dy=0.000000
warp=1.000000
sx=1.000000
sy=1.000000
wave_r=0.500000
wave_g=0.500000
wave_b=0.500000
wave_x=0.500000
wave_y=0.500000
ob_size=0.010000
ob_r=0.000000
ob_g=0.000000
ob_b=0.000000
ob_a=0.000000
ib_size=0.010000
ib_r=0.250000
ib_g=0.250000
ib_b=0.250000
ib_a=0.000000
nMotionVectorsX=12.000000
nMotionVectorsY=9.000000
mv_dx=0.000000
mv_dy=0.000000
mv_l=0.900000
mv_r=1.000000
mv_g=1.000000
mv_b=1.000000
mv_a=0.000000
per_frame_1=warp = 0;
per_frame_2=wave_r=if(above(bass,bass_Att),wave_r+.2,wave_r-.2);
per_frame_3=wave_B=if(Above(treb,treb_Att),wave_B-.3,wave_B*sin(Time));
per_frame_4=wave_g=if(Above(mid,mid_att),wave_g*sin(Time),wave_G+.2*sin(Time));
per_pixel_1=zoom = zoom +sin(ang*10+time)*(.5&bass-1);
per_pixel_2=zoom = if(below(zoom,1),1,zoom);
per_pixel_3=rot=if(above(mid,bass_att), rot*sin(Rad*above(bass,bass_Att)),-rot*sin(rad*above(treb,treb_att)));
