[preset00]
fRating=3.000000
fGammaAdj=1.000000
fDecay=0.925000
fVideoEchoZoom=1.006596
fVideoEchoAlpha=0.000000
nVideoEchoOrientation=3
nWaveMode=5
bAdditiveWaves=1
bWaveDots=0
bWaveThick=0
bModWaveAlphaByVolume=0
bMaximizeWaveColor=1
bTexWrap=1
bDarkenCenter=0
bRedBlueStereo=0
bBrighten=0
bDarken=0
bSolarize=0
bInvert=0
fWaveAlpha=4.099998
fWaveScale=4.243460
fWaveSmoothing=0.630000
fWaveParam=0.000000
fModWaveAlphaStart=0.710000
fModWaveAlphaEnd=1.300000
fWarpAnimSpeed=1.000000
fWarpScale=1.331000
fZoomExponent=100.000000
fShader=0.000000
zoom=0.999514
rot=0.002000
cx=0.500000
cy=0.500000
dx=0.000000
dy=0.000000
warp=1.766493
sx=1.000000
sy=1.000000
wave_r=0.600000
wave_g=0.200000
wave_b=1.000000
wave_x=0.500000
wave_y=0.500000
ob_size=0.500000
ob_r=0.010000
ob_g=0.000000
ob_b=0.000000
ob_a=0.000000
ib_size=0.260000
ib_r=0.250000
ib_g=0.250000
ib_b=0.250000
ib_a=0.000000
nMotionVectorsX=12.000000
nMotionVectorsY=9.000000
mv_dx=0.000000
mv_dy=0.000000
mv_l=0.900000
mv_r=1.000000
mv_g=1.000000
mv_b=1.000000
mv_a=0.000000
per_frame_1=rot=rot*sin(time*0.34);
per_frame_2=cx=cx*sin(time*0.54);
per_frame_3=cy=cy*sin(time*0.23);
per_frame_4=wave_r=wave_coler*wave_r*Sin(time*bass);
per_frame_5=wave_b=wave_coler*wave_b*sin(time*treb);
per_frame_6=wave_g=wave_coler*wave_g*sin(time*mid);
per_pixel_1=zoom=zoom+.10*sin(bass+time+ang-.10*ang*rad*2);
per_frame_init_1=wave_coler=1*rand(10)*.1;
