[preset00]
fRating=4.000000
fGammaAdj=1.007000
fDecay=0.970000
fVideoEchoZoom=0.999609
fVideoEchoAlpha=0.500000
nVideoEchoOrientation=2
nWaveMode=7
bAdditiveWaves=1
bWaveDots=0
bWaveThick=0
bModWaveAlphaByVolume=0
bMaximizeWaveColor=0
bTexWrap=1
bDarkenCenter=0
bRedBlueStereo=0
bBrighten=0
bDarken=0
bSolarize=0
bInvert=0
fWaveAlpha=4.099998
fWaveScale=1.285751
fWaveSmoothing=0.630000
fWaveParam=0.000000
fModWaveAlphaStart=0.710000
fModWaveAlphaEnd=1.300000
fWarpAnimSpeed=1.000000
fWarpScale=1.331000
fZoomExponent=1.000000
fShader=0.000000
zoom=0.999500
rot=0.060000
cx=0.500000
cy=0.500000
dx=0.000000
dy=-0.006000
warp=0.010000
sx=1.000000
sy=1.220190
wave_r=1.000000
wave_g=1.000000
wave_b=1.000000
wave_x=0.500000
wave_y=0.000000
ob_size=0.500000
ob_r=0.010000
ob_g=0.000000
ob_b=0.000000
ob_a=0.000000
ib_size=0.260000
ib_r=0.250000
ib_g=0.250000
ib_b=0.250000
ib_a=0.000000
nMotionVectorsX=12.000000
nMotionVectorsY=9.000000
mv_dx=0.000000
mv_dy=0.000000
mv_l=0.900000
mv_r=1.000000
mv_g=1.000000
mv_b=1.000000
mv_a=0.000000
per_frame_1=bass_max=max(Bass,bass_att);
per_frame_2=
per_frame_3=wave_r=wave_r-.4*sin(time*.20)+.3*sin(Bass);
per_frame_4=wave_b=0+.5*sin(time);
per_frame_5=wave_g=0+.2*sin(time*.20);
per_frame_6=wave_mystery=wave_mystery+1*sin(treb_max);
per_pixel_1=bass_max=max(Bass,bass_att);
per_pixel_2=zoom=zoom+0.10*sin(ang);
per_pixel_3=rot=rot*sin(bass_max*ang*2);
per_pixel_4=sy=sy*sin(bass_max);
per_pixel_5=sy=sy*pow(.20,0)*sin(bass_max);
per_pixel_6=rot=rot*pow(1,0);
