[preset00]
fRating=2.000000
fGammaAdj=1.000000
fDecay=0.950000
fVideoEchoZoom=1.006500
fVideoEchoAlpha=0.500000
nVideoEchoOrientation=3
nWaveMode=0
bAdditiveWaves=1
bWaveDots=0
bModWaveAlphaByVolume=0
bMaximizeWaveColor=1
bTexWrap=0
bDarkenCenter=0
bRedBlueStereo=0
bBrighten=1
bDarken=0
bSolarize=0
bInvert=0
fWaveAlpha=4.099998
fWaveScale=0.430334
fWaveSmoothing=0.530000
fWaveParam=-0.200000
fModWaveAlphaStart=0.710000
fModWaveAlphaEnd=1.300000
fWarpAnimSpeed=1.000000
fWarpScale=1.331000
fZoomExponent=2.006762
fShader=0.000000
zoom=1.019604
rot=0.020000
cx=0.500000
cy=0.500000
dx=0.000000
dy=0.000000
warp=0.010000
sx=1.000000
sy=1.000000
wave_r=1.000000
wave_g=0.200000
wave_b=0.000000
wave_x=0.400000
wave_y=0.500000
ob_size=0.500000
ob_r=0.010000
ob_g=0.000000
ob_b=0.000000
ob_a=0.000000
ib_size=0.260000
ib_r=0.250000
ib_g=0.250000
ib_b=0.250000
ib_a=0.000000
nMotionVectorsX=12.000000
nMotionVectorsY=9.000000
mv_l=3.349998
mv_r=1.000000
mv_g=1.000000
mv_b=1.000000
mv_a=0.000000
per_frame_1=wave_r=wave_r+1.0*sin(time*0.55);
per_frame_2=wave_b=wave_b+1.0*sin(time*0.65);
per_frame_3=wave_g=wave_g+0.1*sin(time*0.45);
per_frame_4=rot=rot+1*(treb-1);
per_frame_5=vol=(treb+mid+bass)/3;
per_frame_6=zoom=zoom+.3*(vol-1);
per_pixel_1=dy=if(below(abs(x-q1),0.15), if (below(y,q2-0.15), -0.006, if(below(y,q2), 0.00, if(below(y, q2+0.15), -0.00,  0.006))), 0);
per_pixel_2=dy=dy-if(below(y, q2+0.15), if(above(y, q2-0.15), 0.1*(y-q2)+0.01*sin(x*30+sign(x-q1)*time*4), 0), 0);
per_pixel_3=dx=if(below(abs(y-q2), 0.15), if(below(x, q1-0.15), -0.006, if(below(x, q1), 0.00, if (below(x, q1+0.15), -0.00, 0.006))), 0);
per_pixel_4=dx=dx-if(below(x, q1+0.15), if(above(x, q1-0.15), 0.1*(x-q1)+0.01*sin(y*30+sign(y-q2)*time*4), 0), 0);
