[preset00]
fRating=3.000000
fGammaAdj=1.000000
fDecay=0.970000
fVideoEchoZoom=0.999600
fVideoEchoAlpha=0.000000
nVideoEchoOrientation=3
nWaveMode=1
bAdditiveWaves=0
bWaveDots=0
bWaveThick=0
bModWaveAlphaByVolume=0
bMaximizeWaveColor=1
bTexWrap=1
bDarkenCenter=0
bRedBlueStereo=0
bBrighten=0
bDarken=0
bSolarize=0
bInvert=0
fWaveAlpha=4.099998
fWaveScale=0.397106
fWaveSmoothing=0.630000
fWaveParam=-0.100000
fModWaveAlphaStart=0.000000
fModWaveAlphaEnd=0.000000
fWarpAnimSpeed=1.000000
fWarpScale=1.331000
fZoomExponent=1.000370
fShader=0.000000
zoom=1.000400
rot=0.022000
cx=0.500000
cy=0.500000
dx=1.000000
dy=1.000000
warp=0.010000
sx=0.999999
sy=0.999900
wave_r=0.700000
wave_g=0.600000
wave_b=0.100000
wave_x=0.500000
wave_y=0.500000
ob_size=0.000000
ob_r=0.310000
ob_g=0.000000
ob_b=0.000000
ob_a=0.200000
ib_size=0.260000
ib_r=0.250000
ib_g=0.250000
ib_b=0.250000
ib_a=0.000000
nMotionVectorsX=12.799999
nMotionVectorsY=1.440000
mv_dx=0.000000
mv_dy=0.000000
mv_l=2.239977
mv_r=1.000000
mv_g=1.000000
mv_b=1.000000
mv_a=0.000000
per_frame_1=q1=bass*0.01&bass_att;
per_frame_2=q2=treb*0.01&treb_Att;
per_frame_3=q3=mid*0.01&mid_att;
per_frame_4=wave_R=wave_r*sin(above(bass,1.5)*bass);
per_frame_5=wave_B=wave_b*sin(above(treb,1.5)*treb);
per_frame_6=wave_G=wave_g*sin(above(mid,1.5)*mid);
per_frame_7=wave_mystery=wave_mystery+.160*sin(time);
per_frame_8=wave_x=wave_x+.1*Sin(time*.43);
per_frame_9=wave_y=wave_y-.1*sin(time*.12);
per_frame_10=decay=10;
per_pixel_1=rot=rot+.10*rad*Sin(above(Bass,1.2));
per_pixel_2=rot=rot*sin(rad*time*.06*bass-3*ang+Rad);
per_pixel_3=dx=dx+.10*sin(time&rad)*sin(time*.42);
per_pixel_4=dy=dy-.10*sin(time&rad)*sin(time*.13);
