[preset00]
fRating=1.000000
fGammaAdj=1.500000
fDecay=0.980000
fVideoEchoZoom=2.000000
fVideoEchoAlpha=0.000000
nVideoEchoOrientation=0
nWaveMode=0
bAdditiveWaves=1
bWaveDots=0
bModWaveAlphaByVolume=0
bMaximizeWaveColor=1
bTexWrap=1
bDarkenCenter=0
bRedBlueStereo=0
bBrighten=0
bDarken=0
bSolarize=0
bInvert=0
fWaveAlpha=0.800000
fWaveScale=1.042441
fWaveSmoothing=0.100000
fWaveParam=-0.500000
fModWaveAlphaStart=0.750000
fModWaveAlphaEnd=0.950000
fWarpAnimSpeed=8.000000
fWarpScale=0.299207
fZoomExponent=40.839123
fShader=0.000000
zoom=0.010000
rot=1.000000
cx=0.500000
cy=0.500000
dx=0.000000
dy=0.000000
warp=0.011300
sx=1.000000
sy=1.000000
wave_r=0.200000
wave_g=0.200000
wave_b=0.100000
wave_x=0.500000
wave_y=0.500000
ob_size=0.010000
ob_r=0.000000
ob_g=0.000000
ob_b=0.000000
ob_a=0.000000
ib_size=0.010000
ib_r=0.250000
ib_g=0.250000
ib_b=0.250000
ib_a=0.000000
nMotionVectorsX=12.000000
nMotionVectorsY=9.000000
mv_l=0.900000
mv_r=1.000000
mv_g=1.000000
mv_b=1.000000
mv_a=0.000000
per_frame_1=wave_r = wave_r + 0.350*( 0.60*sin(0.980*time) + 0.40*sin(1.047*time) );
per_frame_2=wave_g = wave_g + 0.350*( 0.60*sin(0.835*time) + 0.40*sin(1.081*time) );
per_frame_3=wave_b = wave_b + 0.350*( 0.60*sin(0.814*time) + 0.40*sin(1.011*time) );
per_frame_4=rot = rot + 0.030*( 0.60*sin(0.381*time) + 0.40*sin(0.479*time) );
per_frame_5=cx = cx + 0.110*( 0.60*sin(0.374*time) + 0.40*sin(0.294*time) );
per_frame_6=cy = cy + 0.110*( 0.60*sin(0.393*time) + 0.40*sin(0.223*time) );
per_frame_7=decay=decay-0.01*(frame%2);
per_frame_8=cx=2*tan(tan);
per_frame_9=zoom=(treb);
per_frame_10=sx=2*tan(zoom)
per_pixel_1=rot=2*tan(zoom);
per_pixel_2=zoom=(bass)
