[preset00]
fRating=3.000000
fGammaAdj=1.000000
fDecay=0.925000
fVideoEchoZoom=1.006596
fVideoEchoAlpha=0.500000
nVideoEchoOrientation=1
nWaveMode=0
bAdditiveWaves=1
bWaveDots=0
bWaveThick=0
bModWaveAlphaByVolume=0
bMaximizeWaveColor=1
bTexWrap=1
bDarkenCenter=0
bRedBlueStereo=0
bBrighten=0
bDarken=0
bSolarize=0
bInvert=0
fWaveAlpha=4.099998
fWaveScale=1.053727
fWaveSmoothing=0.630000
fWaveParam=-0.200000
fModWaveAlphaStart=0.710000
fModWaveAlphaEnd=1.300000
fWarpAnimSpeed=1.000000
fWarpScale=1.331000
fZoomExponent=1.000000
fShader=0.000000
zoom=0.607700
rot=0.080000
cx=0.500000
cy=0.500000
dx=0.000000
dy=0.000000
warp=0.010000
sx=0.999999
sy=0.999900
wave_r=0.600000
wave_g=0.400000
wave_b=0.800000
wave_x=0.500000
wave_y=0.500000
ob_size=0.500000
ob_r=0.010000
ob_g=0.000000
ob_b=0.000000
ob_a=0.000000
ib_size=0.260000
ib_r=0.250000
ib_g=0.250000
ib_b=0.250000
ib_a=0.000000
nMotionVectorsX=64.000000
nMotionVectorsY=1.248000
mv_dx=0.000000
mv_dy=0.000000
mv_l=5.000000
mv_r=1.000000
mv_g=1.000000
mv_b=0.000000
mv_a=0.000000
per_frame_1=wave_r=wave_R*sin(bass+mid&mid);
per_frame_2=wave_B=wave_b-.4*sin(time*bass&bass+1);
per_frame_3=wave_G=wave_G+.6*cos(time*mid-bass)&mid-1;
per_frame_4=wave_mystery=wave_myster+.2*sin(time);
per_frame_5=wave_mode=2-1*sin(bass-1.5)
per_pixel_1=zoom=pow(.8+x&.8+y,1+x&1+y)*sin(bass)+.1;
per_pixel_2=rot=if(above(bass,bass_Att+.3),rot*rad,-rot*rad*Sin(treb)&rad*sin(rad)-ang*.05*sin(bass+1))
per_pixel_3=&ang*ang
