[preset00]
fRating=3.000000
fGammaAdj=1.000000
fDecay=0.925000
fVideoEchoZoom=1.006596
fVideoEchoAlpha=0.000000
nVideoEchoOrientation=3
nWaveMode=0
bAdditiveWaves=1
bWaveDots=0
bWaveThick=0
bModWaveAlphaByVolume=0
bMaximizeWaveColor=0
bTexWrap=1
bDarkenCenter=0
bRedBlueStereo=0
bBrighten=0
bDarken=0
bSolarize=0
bInvert=0
fWaveAlpha=0.001581
fWaveScale=0.010000
fWaveSmoothing=0.630000
fWaveParam=0.800000
fModWaveAlphaStart=0.710000
fModWaveAlphaEnd=1.300000
fWarpAnimSpeed=1.000000
fWarpScale=1.331000
fZoomExponent=1.000000
fShader=0.000000
zoom=0.989618
rot=1.000000
cx=0.500000
cy=0.500000
dx=0.000000
dy=0.000000
warp=0.010000
sx=0.980296
sy=0.990099
wave_r=1.000000
wave_g=1.000000
wave_b=1.000000
wave_x=0.500000
wave_y=0.500000
ob_size=0.020000
ob_r=0.500000
ob_g=0.000000
ob_b=1.000000
ob_a=1.000000
ib_size=0.260000
ib_r=0.250000
ib_g=0.250000
ib_b=0.250000
ib_a=0.000000
nMotionVectorsX=12.000000
nMotionVectorsY=9.000000
mv_dx=0.000000
mv_dy=0.000000
mv_l=0.900000
mv_r=1.000000
mv_g=1.000000
mv_b=1.000000
mv_a=0.000000
per_frame_1=
per_frame_2=ob_r=if(above(treb,treb_att),ob_r,ob_r+.20);
per_frame_3=ob_G=if(above(mid,mid_att),ob_g,ob_r+.40);
per_frame_4=ob_b=if(above(bass,bass_att),ob_b,ob_r-.20);
per_frame_5=
per_frame_6=echo_alpha=1*Sin(time*.20);
per_pixel_1=myzoomexp=0;
per_pixel_2=myzoom=.800;
per_pixel_3=a=pow(myzoom,pow(myzoomexp,rad*2-1));
per_pixel_4=dx=(x-.5)*a+.5-x;
per_pixel_5=dy=(y-.5)*a+.5-y;
per_pixel_6=rot=if(above(Bass,bass_att),rot*ang,-rot*ang);
