[preset00]
fRating=3.000000
fGammaAdj=1.000000
fDecay=0.925000
fVideoEchoZoom=1.006596
fVideoEchoAlpha=0.000000
nVideoEchoOrientation=3
nWaveMode=0
bAdditiveWaves=1
bWaveDots=0
bWaveThick=0
bModWaveAlphaByVolume=0
bMaximizeWaveColor=1
bTexWrap=1
bDarkenCenter=0
bRedBlueStereo=0
bBrighten=0
bDarken=0
bSolarize=0
bInvert=0
fWaveAlpha=4.099998
fWaveScale=0.010000
fWaveSmoothing=0.630000
fWaveParam=0.000000
fModWaveAlphaStart=0.710000
fModWaveAlphaEnd=1.300000
fWarpAnimSpeed=1.000000
fWarpScale=1.331000
fZoomExponent=1.000000
fShader=0.000000
zoom=0.999500
rot=0.000000
cx=2.000000
cy=2.000000
dx=0.000000
dy=0.000000
warp=0.009091
sx=1.000000
sy=1.000000
wave_r=0.300000
wave_g=0.600000
wave_b=0.400000
wave_x=0.500000
wave_y=0.500000
ob_size=0.005000
ob_r=0.210000
ob_g=0.100000
ob_b=0.500000
ob_a=1.000000
ib_size=0.260000
ib_r=0.250000
ib_g=0.250000
ib_b=0.250000
ib_a=0.000000
nMotionVectorsX=12.000000
nMotionVectorsY=9.000000
mv_dx=0.000000
mv_dy=0.000000
mv_l=0.900000
mv_r=1.000000
mv_g=1.000000
mv_b=1.000000
mv_a=0.000000
per_frame_1=wave_b= wave_b+.3*sin(time*.13);
per_frame_2=wave_g= wave_g+.2*sin(time*.23);
per_frame_3=wave_r= wave_r+1.1*sin(time*.33);
per_frame_4=ob_r=ob_r*sin(time);
per_frame_5=ob_b=ob_b*sin(Time*.33);
per_pixel_1=zoom=zoom+.5*tan(ang*7-time*5);
per_pixel_2=zoom=if(above(zoom,-zoom),1,0);
per_pixel_3=rot=if(above(bass_Att,treb_att),.2,0)*sin(time);
