[preset00]
fRating=4.000000
fGammaAdj=1.500000
fDecay=0.980000
fVideoEchoZoom=10.855822
fVideoEchoAlpha=1.000000
nVideoEchoOrientation=0
nWaveMode=6
bAdditiveWaves=0
bWaveDots=0
bModWaveAlphaByVolume=0
bMaximizeWaveColor=1
bTexWrap=1
bDarkenCenter=0
bRedBlueStereo=0
bBrighten=0
bDarken=0
bSolarize=0
bInvert=0
fWaveAlpha=1.000000
fWaveScale=2.201600
fWaveSmoothing=0.900000
fWaveParam=0.000000
fModWaveAlphaStart=0.750000
fModWaveAlphaEnd=0.950000
fWarpAnimSpeed=0.028607
fWarpScale=0.019214
fZoomExponent=100.000000
fShader=0.000000
zoom=0.931008
rot=1.000000
cx=0.500000
cy=0.500000
dx=1.000000
dy=-0.060000
warp=0.012905
sx=26.671766
sy=7.316001
wave_r=1.000000
wave_g=0.500000
wave_b=0.000000
wave_x=0.500000
wave_y=0.500000
ob_size=0.010000
ob_r=0.000000
ob_g=0.000000
ob_b=0.000000
ob_a=0.000000
ib_size=0.010000
ib_r=0.250000
ib_g=0.250000
ib_b=0.250000
ib_a=0.000000
nMotionVectorsX=12.000000
nMotionVectorsY=9.000000
mv_l=0.900000
mv_r=1.000000
mv_g=1.000000
mv_b=1.000000
mv_a=0.000000
per_frame_1=wave_r = wave_r + 0.3*( 0.60*sin(0.933*time) + 0.40*sin(1.045*time) );
per_frame_2=wave_g = wave_g + 0.3*( 0.60*sin(0.900*time) + 0.40*sin(0.956*time) );
per_frame_3=wave_b = wave_b + 0.3*( 0.60*sin(0.910*time) + 0.40*sin(0.920*time) );
per_frame_4=rot=.1*tan(bass)
per_pixel_1=sx=1*cos(treb);
per_pixel_2=sy=1*sin(bass);
per_pixel_3=cx=2*tan(treb);
per_pixel_4=cy=cx
