[preset00]
fRating=1.000000
fGammaAdj=1.994000
fDecay=0.980000
fVideoEchoZoom=0.999609
fVideoEchoAlpha=0.500000
nVideoEchoOrientation=2
nWaveMode=6
bAdditiveWaves=0
bWaveDots=0
bWaveThick=1
bModWaveAlphaByVolume=0
bMaximizeWaveColor=0
bTexWrap=0
bDarkenCenter=0
bRedBlueStereo=0
bBrighten=0
bDarken=1
bSolarize=0
bInvert=1
fWaveAlpha=100.000000
fWaveScale=0.999992
fWaveSmoothing=0.000000
fWaveParam=0.000000
fModWaveAlphaStart=0.750000
fModWaveAlphaEnd=2.000000
fWarpAnimSpeed=4.913800
fWarpScale=65.309097
fZoomExponent=1.000000
fShader=0.000000
zoom=1.000000
rot=0.060000
cx=0.500000
cy=0.500000
dx=0.000000
dy=1.000000
warp=0.010000
sx=1.000000
sy=1.000000
wave_r=0.300000
wave_g=0.700000
wave_b=0.700000
wave_x=0.500000
wave_y=0.500000
ob_size=0.010000
ob_r=0.000000
ob_g=0.000000
ob_b=0.000000
ob_a=0.000000
ib_size=0.010000
ib_r=0.250000
ib_g=0.250000
ib_b=0.250000
ib_a=0.000000
nMotionVectorsX=64.000000
nMotionVectorsY=1.103998
mv_dx=10.000000
mv_dy=2.000000
mv_l=0.900000
mv_r=0.300000
mv_g=0.700000
mv_b=0.700000
mv_a=1.000000
per_frame_1=warp=warp;
per_frame_2=wave_r=tan(mid);wave_b=wave_b/tan(bass);
per_frame_3=mv_r=tan(mid);wave_B=wave_B/tan(bass);
per_frame_4=zoom=volume;
per_frame_5=
per_pixel_1=zoom=1-rad*0.1+(volume/bass)*0.1;
per_pixel_2=dy=if(above(x,0.5),0.01,-1);
