[preset00]
fRating=2.000000
fGammaAdj=1.000000
fDecay=0.950000
fVideoEchoZoom=1.006596
fVideoEchoAlpha=0.500000
nVideoEchoOrientation=1
nWaveMode=8
bAdditiveWaves=1
bWaveDots=0
bWaveThick=1
bModWaveAlphaByVolume=0
bMaximizeWaveColor=0
bTexWrap=1
bDarkenCenter=0
bRedBlueStereo=0
bBrighten=0
bDarken=0
bSolarize=0
bInvert=0
fWaveAlpha=4.099998
fWaveScale=0.289035
fWaveSmoothing=0.630000
fWaveParam=0.600000
fModWaveAlphaStart=0.710000
fModWaveAlphaEnd=1.300000
fWarpAnimSpeed=0.999837
fWarpScale=0.010000
fZoomExponent=1.000156
fShader=0.000000
zoom=0.999513
rot=-0.000000
cx=0.500000
cy=0.500000
dx=-0.000000
dy=-0.014000
warp=0.010000
sx=0.905200
sy=0.905287
wave_r=1.000000
wave_g=0.160000
wave_b=0.100000
wave_x=0.000000
wave_y=0.500000
ob_size=0.500000
ob_r=0.010000
ob_g=0.000000
ob_b=0.000000
ob_a=0.000000
ib_size=0.260000
ib_r=0.250000
ib_g=0.250000
ib_b=0.250000
ib_a=0.000000
nMotionVectorsX=12.000000
nMotionVectorsY=9.000000
mv_dx=0.000000
mv_dy=0.000000
mv_l=0.900000
mv_r=1.000000
mv_g=1.000000
mv_b=1.000000
mv_a=0.000000
per_frame_1=wave_b=wave_b*sin(time)+.5*sin(mid);
per_frame_2=wave_r=wave_r+.10*sin(treb);
per_frame_3=wave_g=wave_G+.10+.10*sin(mid);warp=warp*sin(time);
per_frame_init_1=decay=0
