[preset00]
fRating=3.000000
fGammaAdj=1.000000
fDecay=0.900000
fVideoEchoZoom=1.006596
fVideoEchoAlpha=0.000000
nVideoEchoOrientation=3
nWaveMode=1
bAdditiveWaves=0
bWaveDots=0
bWaveThick=0
bModWaveAlphaByVolume=0
bMaximizeWaveColor=0
bTexWrap=1
bDarkenCenter=1
bRedBlueStereo=0
bBrighten=0
bDarken=0
bSolarize=0
bInvert=0
fWaveAlpha=0.063414
fWaveScale=0.266718
fWaveSmoothing=0.630000
fWaveParam=1.000000
fModWaveAlphaStart=0.710000
fModWaveAlphaEnd=1.300000
fWarpAnimSpeed=1.000000
fWarpScale=1.331000
fZoomExponent=0.721418
fShader=0.000000
zoom=0.999500
rot=0.111900
cx=0.500000
cy=0.500000
dx=0.000000
dy=-1.000000
warp=0.049138
sx=1.000000
sy=1.000000
wave_r=1.000000
wave_g=0.850000
wave_b=0.000000
wave_x=0.000000
wave_y=0.000000
ob_size=0.500000
ob_r=0.010000
ob_g=0.000000
ob_b=0.000000
ob_a=0.000000
ib_size=0.260000
ib_r=0.250000
ib_g=0.250000
ib_b=0.250000
ib_a=0.000000
nMotionVectorsX=1.088000
nMotionVectorsY=48.000000
mv_dx=0.000000
mv_dy=0.000000
mv_l=0.900000
mv_r=1.000000
mv_g=0.849999
mv_b=0.000000
mv_a=0.600000
per_frame_1=
per_frame_2=zoom=zoom+.20*sin(treb-bass);
per_frame_3=mv_a=mv_a*sin(treb);
per_frame_4=mv_X=mv_X+5*sin(mid);
per_frame_5=mv_y=mv_y+5*sin(mid);
per_frame_6=mv_r_b=wave_r_b;
per_frame_7=mv_r_b=wave_R*wave_b*sin(time);
per_frame_8=mv_r_b=mid;
per_frame_9=mv_g=wave_g*sin(time);
per_frame_10=mv_r=wave_r_b*sin(time);
per_pixel_1=rot=ang*5
