[preset00]
fRating=3.000000
fGammaAdj=1.000000
fDecay=0.990000
fVideoEchoZoom=1.000000
fVideoEchoAlpha=0.500000
nVideoEchoOrientation=1
nWaveMode=7
bAdditiveWaves=1
bWaveDots=0
bWaveThick=1
bModWaveAlphaByVolume=0
bMaximizeWaveColor=0
bTexWrap=0
bDarkenCenter=0
bRedBlueStereo=0
bBrighten=0
bDarken=1
bSolarize=0
bInvert=0
fWaveAlpha=31.204987
fWaveScale=0.098609
fWaveSmoothing=0.500000
fWaveParam=-0.480000
fModWaveAlphaStart=0.500000
fModWaveAlphaEnd=1.000000
fWarpAnimSpeed=1.000000
fWarpScale=1.000000
fZoomExponent=0.999900
fShader=0.000000
zoom=0.990000
rot=0.020000
cx=0.200000
cy=0.500000
dx=0.000000
dy=0.000010
warp=0.010000
sx=0.999997
sy=0.999999
wave_r=1.000000
wave_g=1.000000
wave_b=1.000000
wave_x=0.010000
wave_y=0.976000
ob_size=0.004500
ob_r=1.000000
ob_g=1.000000
ob_b=0.800000
ob_a=1.000000
ib_size=0.021500
ib_r=0.000000
ib_g=0.000000
ib_b=0.500000
ib_a=1.000000
nMotionVectorsX=64.000000
nMotionVectorsY=2.880000
mv_dx=0.000000
mv_dy=-0.100000
mv_l=5.000000
mv_r=1.000000
mv_g=1.000000
mv_b=1.000000
mv_a=0.000000
per_frame_1=cy=.200+.600*sin(time*.52)*sin(time*.12);
per_frame_2=cx=.800-.600*sin(time*.5)*sin(time*.32);
per_frame_3=ob_g=ob_G+.10*sin(time);
per_frame_4=zoom=zoom+.10*sin(time*.13)-.10*sin(time*.13);
per_frame_5=ob_b=ob_b*Sin(time);
per_frame_6=ob_g=time;
per_frame_7=ob_r=time*Sin(time);
per_frame_8=wave_mystery=wave_mystery-1*sin(Time*.64)+1*Sin(Time*.42);
