[preset00]
fRating=2.000000
fGammaAdj=1.000000
fDecay=0.990000
fVideoEchoZoom=1.006596
fVideoEchoAlpha=0.500000
nVideoEchoOrientation=1
nWaveMode=0
bAdditiveWaves=1
bWaveDots=0
bWaveThick=0
bModWaveAlphaByVolume=0
bMaximizeWaveColor=0
bTexWrap=0
bDarkenCenter=0
bRedBlueStereo=0
bBrighten=0
bDarken=0
bSolarize=0
bInvert=0
fWaveAlpha=4.099998
fWaveScale=0.010000
fWaveSmoothing=0.630000
fWaveParam=-0.600000
fModWaveAlphaStart=0.710000
fModWaveAlphaEnd=1.300000
fWarpAnimSpeed=100.000000
fWarpScale=0.010000
fZoomExponent=1.488800
fShader=0.000000
zoom=1.104085
rot=0.014000
cx=0.500000
cy=0.500000
dx=0.000000
dy=0.000000
warp=0.010000
sx=1.010000
sy=1.010000
wave_r=0.500000
wave_g=0.900000
wave_b=0.700000
wave_x=0.500000
wave_y=0.500000
ob_size=0.000000
ob_r=0.710000
ob_g=0.000000
ob_b=0.000000
ob_a=0.000000
ib_size=0.260000
ib_r=0.250000
ib_g=0.250000
ib_b=0.250000
ib_a=0.000000
nMotionVectorsX=12.000000
nMotionVectorsY=9.000000
mv_dx=0.000000
mv_dy=0.000000
mv_l=0.900000
mv_r=1.000000
mv_g=1.000000
mv_b=1.000000
mv_a=0.000000
per_frame_1=warp=0;
per_frame_2=wave_r=wave_r+.4*cos(time*0.54);
per_frame_3=wave_b=wave_b*Sin(0.42*time);
per_frame_4=wave_g=wave_g*cos(0.52*time);
per_frame_5=rot=rot*sin(time);
per_frame_6=vol=bass+treb+mid;
per_frame_7=zoom=zoom+.010*sin(vol);
per_frame_8=zoom=zoom-.010*cos(-vol);
per_pixel_1=zoom=zoom+.10*sin(rad-.20*5);
per_pixel_2=rot1=rot*sin(x*rad)*sin(time);
per_pixel_3=rot2=rot*sin(y*ang)*sin(time);
per_pixel_4=rot=rot1+rot2;
