[preset00]
fRating=3.000000
fGammaAdj=1.000000
fDecay=0.960000
fVideoEchoZoom=0.501552
fVideoEchoAlpha=0.000000
nVideoEchoOrientation=3
nWaveMode=0
bAdditiveWaves=1
bWaveDots=0
bWaveThick=0
bModWaveAlphaByVolume=0
bMaximizeWaveColor=1
bTexWrap=0
bDarkenCenter=0
bRedBlueStereo=0
bBrighten=1
bDarken=0
bSolarize=0
bInvert=0
fWaveAlpha=4.099998
fWaveScale=0.010000
fWaveSmoothing=0.630000
fWaveParam=-0.200000
fModWaveAlphaStart=0.710000
fModWaveAlphaEnd=1.300000
fWarpAnimSpeed=5.427911
fWarpScale=2.950445
fZoomExponent=2.006762
fShader=0.000000
zoom=0.960513
rot=0.004000
cx=2.000000
cy=1.700000
dx=0.000000
dy=0.000000
warp=1.447719
sx=0.995037
sy=1.001992
wave_r=0.100000
wave_g=0.040000
wave_b=0.700000
wave_x=0.400000
wave_y=0.500000
ob_size=0.500000
ob_r=0.010000
ob_g=0.000000
ob_b=0.000000
ob_a=0.000000
ib_size=0.260000
ib_r=0.250000
ib_g=0.250000
ib_b=0.250000
ib_a=0.000000
nMotionVectorsX=12.000000
nMotionVectorsY=9.000000
mv_dx=0.000000
mv_dy=0.000000
mv_l=0.900000
mv_r=1.000000
mv_g=1.000000
mv_b=1.000000
mv_a=0.000000
per_frame_1=rot=rot*Sin(time);
per_frame_2=cx=cx*sin(time*0.53);
per_frame_3=cy=cy*sin(time*0.64);
per_frame_4=wave_y=wave_y-.2*Sin(time*0.23);
per_frame_5=wave_x=wave_x-.2*Sin(time*0.53);
per_frame_6=sx=sx-.002*sin(time);
per_frame_7=sy=sy-.002*Sin(time);
per_frame_8=echo_alpha=1*sin(time*0.54);
per_frame_9=wave_b=wave_b/2*sin(time*0.53);
per_frame_10=wave_r=wave_r-wave_r*cos(time*0.12);
per_frame_11=wave_g=wave_g-wave_g*2*cos(time*0.64);
per_frame_12=vol=bass+treb+mid+0.04;
per_frame_13=warp=warp+.100*sin(vol);
