[preset00]
fRating=1.000000
fGammaAdj=1.000000
fDecay=0.925000
fVideoEchoZoom=1.006596
fVideoEchoAlpha=0.000000
nVideoEchoOrientation=3
nWaveMode=7
bAdditiveWaves=1
bWaveDots=0
bModWaveAlphaByVolume=0
bMaximizeWaveColor=0
bTexWrap=0
bDarkenCenter=0
bRedBlueStereo=0
bBrighten=0
bDarken=1
bSolarize=0
bInvert=0
fWaveAlpha=4.099900
fWaveScale=1.285751
fWaveSmoothing=0.630000
fWaveParam=1.000000
fModWaveAlphaStart=0.710000
fModWaveAlphaEnd=1.300000
fWarpAnimSpeed=0.012202
fWarpScale=1.624068
fZoomExponent=1.000000
fShader=0.000000
zoom=0.999500
rot=0.000000
cx=0.500000
cy=0.500000
dx=-1.000000
dy=0.000000
warp=100.000000
sx=1.000000
sy=97.236603
wave_r=0.650000
wave_g=1.000000
wave_b=0.650000
wave_x=0.000000
wave_y=0.000000
ob_size=0.500000
ob_r=0.010000
ob_g=0.000000
ob_b=0.000000
ob_a=0.000000
ib_size=0.260000
ib_r=0.250000
ib_g=0.250000
ib_b=0.250000
ib_a=0.000000
nMotionVectorsX=12.000000
nMotionVectorsY=9.000000
mv_l=0.900000
mv_r=1.000000
mv_g=1.000000
mv_b=1.000000
mv_a=0.000000
per_frame_1=wave_r=Wave_r*tan(bass);
per_frame_2=wave_B=Wave_b*sin(treb);
per_frame_3=wave_g=Wave_g*atan(bass);
per_frame_4=zoom=-10*tan(bass);
