[preset00]
fRating=1.000000
fGammaAdj=1.000000
fDecay=1.000000
fVideoEchoZoom=0.999600
fVideoEchoAlpha=0.000000
nVideoEchoOrientation=3
nWaveMode=6
bAdditiveWaves=1
bWaveDots=0
bWaveThick=0
bModWaveAlphaByVolume=0
bMaximizeWaveColor=0
bTexWrap=1
bDarkenCenter=0
bRedBlueStereo=0
bBrighten=0
bDarken=0
bSolarize=0
bInvert=0
fWaveAlpha=0.011566
fWaveScale=100.000000
fWaveSmoothing=0.630000
fWaveParam=0.000000
fModWaveAlphaStart=0.710000
fModWaveAlphaEnd=1.300000
fWarpAnimSpeed=1.220190
fWarpScale=100.000000
fZoomExponent=1.000000
fShader=0.000000
zoom=0.970118
rot=1.000000
cx=0.500000
cy=0.500000
dx=0.000000
dy=0.000000
warp=2.288059
sx=1.000000
sy=1.000002
wave_r=1.000000
wave_g=1.000000
wave_b=1.000000
wave_x=0.500000
wave_y=0.500000
ob_size=0.050000
ob_r=1.000000
ob_g=0.000000
ob_b=0.000000
ob_a=1.000000
ib_size=0.010000
ib_r=0.250000
ib_g=0.250000
ib_b=0.250000
ib_a=1.000000
nMotionVectorsX=0.000000
nMotionVectorsY=24.000004
mv_dx=0.000000
mv_dy=0.000000
mv_l=5.000000
mv_r=1.000000
mv_g=1.000000
mv_b=0.000000
mv_a=0.000000
per_frame_1=ob_r=int(rand(10))*Sin(above(bass,bass_att));
per_frame_2=ob_g=int(rand(10))*sin(above(mid,mid_Att));
per_frame_3=ob_b=int(rand(10))*Sin(above(treb,treb_Att));
per_frame_4=
per_frame_5=warp=warp*sin(time);
per_pixel_1=
per_pixel_2=rot=4*sin(above(sx,sy*rad*Ang*rad*y*ang+.2*sin(bass)));
per_pixel_3=rot=rot*sin(above(bass,bass_Att))
