[preset00]
fRating=3.000000
fGammaAdj=1.000000
fDecay=1.000000
fVideoEchoZoom=1.006596
fVideoEchoAlpha=0.500000
nVideoEchoOrientation=1
nWaveMode=0
bAdditiveWaves=0
bWaveDots=0
bWaveThick=0
bModWaveAlphaByVolume=0
bMaximizeWaveColor=1
bTexWrap=0
bDarkenCenter=0
bRedBlueStereo=0
bBrighten=0
bDarken=0
bSolarize=0
bInvert=0
fWaveAlpha=4.099998
fWaveScale=0.159000
fWaveSmoothing=0.630000
fWaveParam=-0.800000
fModWaveAlphaStart=0.710000
fModWaveAlphaEnd=1.300000
fWarpAnimSpeed=1.220190
fWarpScale=3.600103
fZoomExponent=5.582117
fShader=0.000000
zoom=1.009500
rot=0.000000
cx=0.499900
cy=0.500000
dx=0.000000
dy=-0.020000
warp=1.186400
sx=0.999999
sy=1.116779
wave_r=1.000000
wave_g=1.000000
wave_b=1.000000
wave_x=0.500000
wave_y=0.500000
ob_size=0.500000
ob_r=0.010000
ob_g=0.000000
ob_b=0.000000
ob_a=0.000000
ib_size=0.260000
ib_r=0.250000
ib_g=0.250000
ib_b=0.250000
ib_a=0.000000
nMotionVectorsX=0.000000
nMotionVectorsY=0.000000
mv_dx=0.000000
mv_dy=0.000000
mv_l=0.900000
mv_r=0.000000
mv_g=0.000000
mv_b=0.000000
mv_a=0.000000
per_frame_1=wave_mode=1+1*sin(frame/.100000);
per_frame_2=wave_r=wave_r*Sin(time*frame/20);
per_frame_3=wave_b=wave_b*sin(time*frame/15);
per_frame_4=wave_g=wave_g*Sin(time*frame/10);
per_frame_5=zoom=zoom+.10*sin(frame/20*time);
per_frame_6=rot=rot+.10*sin(time);
