[preset00]
fRating=0.000000
fGammaAdj=2.000000
fDecay=1.000000
fVideoEchoZoom=0.930900
fVideoEchoAlpha=0.000000
nVideoEchoOrientation=0
nWaveMode=0
bAdditiveWaves=0
bWaveDots=0
bWaveThick=0
bModWaveAlphaByVolume=0
bMaximizeWaveColor=1
bTexWrap=1
bDarkenCenter=1
bRedBlueStereo=0
bBrighten=0
bDarken=1
bSolarize=0
bInvert=0
fWaveAlpha=0.800000
fWaveScale=0.010000
fWaveSmoothing=0.650000
fWaveParam=-1.000000
fModWaveAlphaStart=0.750000
fModWaveAlphaEnd=0.950000
fWarpAnimSpeed=0.010000
fWarpScale=5.053441
fZoomExponent=0.604487
fShader=0.000000
zoom=1.082856
rot=-0.200000
cx=0.332000
cy=0.500000
dx=0.004000
dy=1.000000
warp=2.905200
sx=0.741839
sy=1.093700
wave_r=0.600000
wave_g=0.000000
wave_b=1.000000
wave_x=0.500000
wave_y=0.500000
ob_size=0.010000
ob_r=0.000000
ob_g=0.000000
ob_b=0.000000
ob_a=0.000000
ib_size=0.010000
ib_r=0.250000
ib_g=0.250000
ib_b=0.250000
ib_a=0.000000
nMotionVectorsX=0.064000
nMotionVectorsY=0.048000
mv_dx=0.000000
mv_dy=0.000000
mv_l=5.000000
mv_r=0.000000
mv_g=1.000000
mv_b=1.000000
mv_a=0.000000
per_frame_1=wave_r = wave_r + 0.5*sin(time*1.13);
per_frame_2=wave_b = wave_b + 0.5*tan(time*1.13);
per_frame_3=wave_g = wave_g + 1.5*sin(time*0.13);
per_frame_4=rot=rot+.05*sin(time)+.05*cos(treb);
per_frame_5=wave_mysteryparameter=wave_mysteryparameter+.5*sin(mid);
per_frame_6=warp=warp*sin(time);
per_frame_7=sx=sx+.10*sin(time);
