[preset00]
fRating=3.000000
fGammaAdj=1.000000
fDecay=0.990000
fVideoEchoZoom=1.228234
fVideoEchoAlpha=0.000000
nVideoEchoOrientation=3
nWaveMode=2
bAdditiveWaves=1
bWaveDots=0
bModWaveAlphaByVolume=1
bMaximizeWaveColor=0
bTexWrap=1
bDarkenCenter=0
bRedBlueStereo=0
bBrighten=0
bDarken=0
bSolarize=0
bInvert=0
fWaveAlpha=4.099998
fWaveScale=0.535238
fWaveSmoothing=0.000000
fWaveParam=0.200000
fModWaveAlphaStart=0.710000
fModWaveAlphaEnd=1.300000
fWarpAnimSpeed=100.000000
fWarpScale=0.010000
fZoomExponent=1.000000
fShader=0.000000
zoom=0.973987
rot=0.066000
cx=0.500000
cy=0.500000
dx=0.004000
dy=0.004000
warp=0.535239
sx=1.012012
sy=1.000000
wave_r=1.000000
wave_g=0.500000
wave_b=0.500000
wave_x=0.500000
wave_y=0.500000
ob_size=0.500000
ob_r=0.010000
ob_g=0.000000
ob_b=0.000000
ob_a=0.000000
ib_size=0.260000
ib_r=0.250000
ib_g=0.250000
ib_b=0.250000
ib_a=0.000000
nMotionVectorsX=1.087900
nMotionVectorsY=48.000000
mv_l=5.000000
mv_r=1.000000
mv_g=1.000000
mv_b=1.000000
mv_a=0.300000
per_frame_1=wave_r=wave_r-.4*treb;
per_frame_2=wave_b=wave_b+.5*treb;
per_frame_3=wave_g=wave_g+0*mid_att;
per_frame_4=mv_r=wave_r-.4*bass;
per_frame_5=mv_b=wave_b+.5*bass;
per_frame_6=mv_g=wave_g+0*bass;
per_frame_7=mv_y=mv_y-44*sin(treb);
per_frame_8=mv_x=mv_x+44*sin(bass)
per_pixel_1=zoom=zoom+-.1*sin(time*5);
per_pixel_2=zoomexp=zoomexp+2*sin(treb)
