[preset00]
fRating=3.000000
fGammaAdj=1.000000
fDecay=0.999000
fVideoEchoZoom=1.006500
fVideoEchoAlpha=0.500000
nVideoEchoOrientation=1
nWaveMode=7
bAdditiveWaves=0
bWaveDots=0
bWaveThick=0
bModWaveAlphaByVolume=0
bMaximizeWaveColor=1
bTexWrap=0
bDarkenCenter=0
bRedBlueStereo=0
bBrighten=0
bDarken=0
bSolarize=0
bInvert=0
fWaveAlpha=100.000000
fWaveScale=1.285751
fWaveSmoothing=0.630000
fWaveParam=-1.000000
fModWaveAlphaStart=0.710000
fModWaveAlphaEnd=1.300000
fWarpAnimSpeed=1.000000
fWarpScale=1.331000
fZoomExponent=0.608032
fShader=0.000000
zoom=0.960512
rot=0.040000
cx=0.530000
cy=0.500000
dx=-0.000000
dy=-0.000000
warp=0.010000
sx=1.104511
sy=0.999980
wave_r=1.000000
wave_g=1.000000
wave_b=1.000000
wave_x=0.500000
wave_y=0.500000
ob_size=0.500000
ob_r=0.010000
ob_g=0.000000
ob_b=0.000000
ob_a=0.000000
ib_size=0.260000
ib_r=0.250000
ib_g=0.250000
ib_b=0.250000
ib_a=0.000000
nMotionVectorsX=12.000000
nMotionVectorsY=9.000000
mv_dx=0.000000
mv_dy=0.000000
mv_l=0.900000
mv_r=1.000000
mv_g=1.000000
mv_b=1.000000
mv_a=0.000000
per_frame_1=wave_mode=wave_mode-1*sin(frame/.1);
per_frame_2=wave_b=wave_b*log(frame/20);
per_frame_3=wave_r=wave_r*cos(frame/30);
per_frame_4=wave_g=wave_g*sin(frame/100);
per_frame_5=zoom=zoom+.010*sin(frame/5);
per_frame_6=rot=rot*sin(time*frame/100);
