[preset00]
fRating=3.000000
fGammaAdj=1.000000
fDecay=1.000000
fVideoEchoZoom=1.006500
fVideoEchoAlpha=0.500000
nVideoEchoOrientation=1
nWaveMode=7
bAdditiveWaves=1
bWaveDots=0
bModWaveAlphaByVolume=1
bMaximizeWaveColor=0
bTexWrap=0
bDarkenCenter=0
bRedBlueStereo=0
bBrighten=0
bDarken=0
bSolarize=0
bInvert=0
fWaveAlpha=4.099998
fWaveScale=0.484500
fWaveSmoothing=0.530000
fWaveParam=1.000000
fModWaveAlphaStart=0.710000
fModWaveAlphaEnd=1.300000
fWarpAnimSpeed=1.000000
fWarpScale=1.331000
fZoomExponent=1.000000
fShader=0.000000
zoom=0.999500
rot=0.000000
cx=0.500000
cy=0.500000
dx=0.000000
dy=0.000000
warp=0.010000
sx=0.990000
sy=1.000000
wave_r=1.000000
wave_g=0.350000
wave_b=0.700000
wave_x=0.500000
wave_y=1.000000
ob_size=0.000000
ob_r=0.200000
ob_g=0.200000
ob_b=0.200000
ob_a=0.010000
ib_size=0.000000
ib_r=1.000000
ib_g=0.900000
ib_b=0.850000
ib_a=0.180000
nMotionVectorsX=4.927997
nMotionVectorsY=48.000000
mv_l=5.000000
mv_r=1.000000
mv_g=0.500000
mv_b=0.600000
mv_a=1.000000
per_frame_1=wave_r=wave_r*sin(time*.13);
per_frame_2=wave_b=wave_b*sin(time);
per_frame_3=wave_g=wave_g*sin(time*20);
per_frame_4=mv_x=mv_x-4*sin(treb);
per_frame_5=mv_y=mv_y+4*sin(treb);
per_frame_6=mv_b=mv_b*.5*sin(bass_att);
per_frame_7=mv_r=mv_r*4*sin(treb_att);
per_frame_8=mv_g=mv_g*10*sin(mid_att);
per_frame_9=dx=dx+.01*sin(time+.5)
