[preset00]
fRating=3.000000
fGammaAdj=1.000000
fDecay=0.990000
fVideoEchoZoom=1.006596
fVideoEchoAlpha=0.500000
nVideoEchoOrientation=3
nWaveMode=0
bAdditiveWaves=1
bWaveDots=0
bWaveThick=0
bModWaveAlphaByVolume=0
bMaximizeWaveColor=0
bTexWrap=1
bDarkenCenter=1
bRedBlueStereo=0
bBrighten=0
bDarken=0
bSolarize=0
bInvert=0
fWaveAlpha=4.099998
fWaveScale=0.058820
fWaveSmoothing=0.630000
fWaveParam=-0.400000
fModWaveAlphaStart=0.710000
fModWaveAlphaEnd=1.300000
fWarpAnimSpeed=1.000000
fWarpScale=1.331000
fZoomExponent=1.000158
fShader=0.000000
zoom=1.019604
rot=0.000000
cx=0.500000
cy=0.500000
dx=0.000000
dy=0.000000
warp=0.010000
sx=0.999980
sy=1.000000
wave_r=1.000000
wave_g=1.000000
wave_b=0.000000
wave_x=0.500000
wave_y=0.500000
ob_size=0.500000
ob_r=0.010000
ob_g=0.000000
ob_b=0.000000
ob_a=0.000000
ib_size=0.260000
ib_r=0.250000
ib_g=0.250000
ib_b=0.250000
ib_a=0.000000
nMotionVectorsX=64.000000
nMotionVectorsY=1.248000
mv_dx=0.000000
mv_dy=0.000000
mv_l=5.000000
mv_r=1.000000
mv_g=1.000000
mv_b=0.000000
mv_a=0.000000
per_frame_1=wave_r=wave_R-.2*sin(Bass);
per_frame_2=wave_b=wave_b+.2*sin(mid);
per_frame_3=wave_g=wave_G-.5*sin(treb);
per_frame_4=wave_mystery=wave_myster+.4*Sin(time);
per_pixel_1=zoom=exp(-x*-y*rad*sin(bass)*sin(rad-.20));
per_pixel_2=rot=rot+.1*sin(bass&time*sin(bass_Att-x*y*RAd))-rad*sin(time*exp(bass)&time)*sin(treb)&time
per_pixel_3=-rad*sin(above(bass,bass_att*time)&time)&sin(time)-exp(Rad*sin(mid_Att));
