[preset00]
fRating=4.000000
fGammaAdj=2.000000
fDecay=0.980000
fVideoEchoZoom=2.000000
fVideoEchoAlpha=0.000000
nVideoEchoOrientation=0
nWaveMode=2
bAdditiveWaves=1
bWaveDots=0
bWaveThick=0
bModWaveAlphaByVolume=0
bMaximizeWaveColor=1
bTexWrap=1
bDarkenCenter=1
bRedBlueStereo=0
bBrighten=0
bDarken=0
bSolarize=0
bInvert=0
fWaveAlpha=2.163847
fWaveScale=9.860536
fWaveSmoothing=0.750000
fWaveParam=-0.440000
fModWaveAlphaStart=0.750000
fModWaveAlphaEnd=0.950000
fWarpAnimSpeed=1.000000
fWarpScale=1.000000
fZoomExponent=12.374043
fShader=0.000000
zoom=1.000000
rot=1.000000
cx=0.500000
cy=0.500000
dx=0.000000
dy=0.000000
warp=1.000000
sx=0.905287
sy=0.905287
wave_r=0.500000
wave_g=0.500000
wave_b=0.500000
wave_x=0.500000
wave_y=0.500000
ob_size=0.010000
ob_r=0.000000
ob_g=0.000000
ob_b=0.000000
ob_a=1.000000
ib_size=0.010000
ib_r=0.250000
ib_g=0.250000
ib_b=0.250000
ib_a=0.000000
nMotionVectorsX=0.000000
nMotionVectorsY=0.000000
mv_dx=0.000000
mv_dy=0.000000
mv_l=5.000000
mv_r=1.000000
mv_g=1.000000
mv_b=1.000000
mv_a=1.000000
per_frame_1=warp =0;
per_frame_2=wave_r=bass;
per_frame_3=wave_b=mid;
per_frame_4=wave_G=mid;
per_pixel_1=zoom = zoom + rad*.01*sin(time*0.43)*Sin(Time+ang+rad*2);
per_pixel_2=rot =bass*.01*sin(rad+.20*0.43)+.0100;
per_pixel_3=cx = 0&((x*15)-.5)*(1/15)+.05*sin(time*0.53);
per_pixel_4=cy = 0&((y*15)-.5)*(1/15)+.05*sin(time*0.32);
per_pixel_5=sx=sx+.10*sin(bass+rad+1);
per_pixel_6=sy=sy+.10*Sin(Treb+rad+1);
per_pixel_7=
