[preset00]
fRating=2.000000
fGammaAdj=1.000000
fDecay=0.991000
fVideoEchoZoom=0.999609
fVideoEchoAlpha=0.000000
nVideoEchoOrientation=3
nWaveMode=7
bAdditiveWaves=0
bWaveDots=0
bModWaveAlphaByVolume=0
bMaximizeWaveColor=1
bTexWrap=1
bDarkenCenter=0
bRedBlueStereo=0
bBrighten=0
bDarken=0
bSolarize=0
bInvert=0
fWaveAlpha=0.001000
fWaveScale=0.640100
fWaveSmoothing=0.270000
fWaveParam=0.000000
fModWaveAlphaStart=0.750000
fModWaveAlphaEnd=0.950000
fWarpAnimSpeed=5.995790
fWarpScale=1.331000
fZoomExponent=1.010000
fShader=0.000000
zoom=0.996546
rot=0.000000
cx=0.500000
cy=0.500000
dx=0.000000
dy=0.000000
warp=0.010000
sx=1.000000
sy=1.000000
wave_r=0.500000
wave_g=0.500000
wave_b=0.500000
wave_x=0.500000
wave_y=0.960000
ob_size=0.010000
ob_r=0.000000
ob_g=0.900000
ob_b=0.200000
ob_a=1.000000
ib_size=0.000000
ib_r=0.000000
ib_g=0.000000
ib_b=0.500000
ib_a=1.000000
nMotionVectorsX=1.024000
nMotionVectorsY=48.000000
mv_l=0.000000
mv_r=1.000000
mv_g=1.000000
mv_b=1.000000
mv_a=0.000000
per_frame_1=ob_r = 0.7 + 0.3*(0.5*sin(time*0.701)+ 0.3*cos(time*0.438));
per_frame_2=ob_g = 0.5+ 0.4*sin(time*0.924);
per_frame_3=ob_b = 0.4 - 0.3*cos(time*0.816);
per_frame_4=cx = cx  + 0.1*sin(time*0.542);
per_frame_5=cy = cy + 0.1*sin(time*0.753);
per_frame_6=warp =54*tan(bass)
per_pixel_1=q1 = 2.05+0.5*(sin(x+0.237*time)-cos(y+0.513*time));
per_pixel_2=q2 = 0.613;
per_pixel_3=zoom = if(below(rad,q2),q1*.1,zoom);
per_pixel_4=rot = if(below(rad,q2),sin(0.785*time),0);
per_pixel_5=dx = if(below(rad,q2),sin(0.642*time),0);
per_pixel_6=dy= if(below(rad,q2),sin(0.591*time),0);
