[preset00]
fRating=3.000000
fGammaAdj=1.000000
fDecay=0.925000
fVideoEchoZoom=1.006596
fVideoEchoAlpha=0.000000
nVideoEchoOrientation=3
nWaveMode=7
bAdditiveWaves=1
bWaveDots=0
bWaveThick=0
bModWaveAlphaByVolume=0
bMaximizeWaveColor=0
bTexWrap=0
bDarkenCenter=0
bRedBlueStereo=0
bBrighten=0
bDarken=0
bSolarize=0
bInvert=0
fWaveAlpha=0.011566
fWaveScale=0.580025
fWaveSmoothing=0.630000
fWaveParam=0.000000
fModWaveAlphaStart=0.710000
fModWaveAlphaEnd=1.300000
fWarpAnimSpeed=1.000000
fWarpScale=1.331000
fZoomExponent=1.000000
fShader=0.000000
zoom=0.951003
rot=0.120000
cx=0.500000
cy=0.500000
dx=0.000000
dy=0.000000
warp=0.010000
sx=1.000000
sy=1.000000
wave_r=1.000000
wave_g=1.000000
wave_b=1.000000
wave_x=0.400000
wave_y=0.500000
ob_size=0.005000
ob_r=1.000000
ob_g=1.000000
ob_b=1.000000
ob_a=1.000000
ib_size=0.260000
ib_r=0.250000
ib_g=0.250000
ib_b=0.250000
ib_a=0.000000
nMotionVectorsX=64.000000
nMotionVectorsY=1.248000
mv_dx=0.000000
mv_dy=0.000000
mv_l=5.000000
mv_r=1.000000
mv_g=1.000000
mv_b=0.000000
mv_a=0.200000
per_frame_1=q1=above(Bass,bass_att);
per_frame_2=q2=-above(Bass,bass_Att);
per_frame_3=q3=if(equal(bass,bass_Att),q1,q2)*sin(above(q1,treb*mid));
per_frame_4=vol=bass+mid/.02+treb;
per_frame_5=q4=q3+vol;
per_frame_6=ob_r=ob_r-.2*sin(q3);
per_frame_7=ob_b=ob_b-.4*sin(Q3-q4);
per_frame_8=ob_g=ob_g-1*sin(time*.31);
per_frame_9=mv_R=time-1;
per_frame_10=mv_b=time+2;
per_frame_11=mv_g=time/4;
per_pixel_1=rot=rot*sin(time);
per_pixel_2=rot=rot*rad*90*sin(Q3)-rot*rad*sin(bass-q3);
