[preset00]
fRating=3.000000
fGammaAdj=1.000000
fDecay=0.955000
fVideoEchoZoom=0.999600
fVideoEchoAlpha=0.500000
nVideoEchoOrientation=3
nWaveMode=2
bAdditiveWaves=1
bWaveDots=0
bWaveThick=0
bModWaveAlphaByVolume=0
bMaximizeWaveColor=1
bTexWrap=0
bDarkenCenter=0
bRedBlueStereo=0
bBrighten=0
bDarken=0
bSolarize=0
bInvert=0
fWaveAlpha=2.753753
fWaveScale=2.334526
fWaveSmoothing=0.630000
fWaveParam=-0.600000
fModWaveAlphaStart=0.710000
fModWaveAlphaEnd=1.300000
fWarpAnimSpeed=1.000000
fWarpScale=1.331000
fZoomExponent=0.999836
fShader=0.000000
zoom=0.999800
rot=0.020000
cx=0.500000
cy=0.499900
dx=0.000000
dy=0.000000
warp=0.010000
sx=1.000000
sy=1.000000
wave_r=0.400000
wave_g=0.400000
wave_b=0.900000
wave_x=0.500000
wave_y=0.500000
ob_size=0.500000
ob_r=0.010000
ob_g=0.000000
ob_b=0.000000
ob_a=0.000000
ib_size=0.260000
ib_r=0.250000
ib_g=0.250000
ib_b=0.250000
ib_a=0.000000
nMotionVectorsX=55.894188
nMotionVectorsY=38.165531
mv_dx=0.000000
mv_dy=0.000000
mv_l=5.000000
mv_r=1.000000
mv_g=1.000000
mv_b=0.158317
mv_a=0.000000
per_frame_1=vol=bass+treb+mid;
per_frame_2=vol_att=bass_att+treb_att+mid_att;
per_frame_3=
per_frame_4=//You will die for adding all these lame spaces here
per_frame_5=
per_frame_6=wave_R=wave_R+.5*sin(0&frame*.1);
per_frame_7=wave_g = wave_g + .1*sin(time)*treb*.2;
per_frame_8=wave_b = .2;
per_frame_9=cx=cx+.400*sin(bass+mid)-.400*cos(treb-mid_att);
per_frame_10=cy=cy-.400*cos(mid+bass)+.400*cos(bass-treb_att);
per_frame_11=dx=dx-.02*sin(bass)+.02*cos(mid);
per_frame_12=dy=dy-.02*cos(mid)+.02*sin(treb);
per_pixel_1=zoom=zoom + (0&bass*1.1*rad)*.1;
per_pixel_2=///me destroys you
per_pixel_3=rot = treb*.064*if(above(mid,bass),rad,-rad);
per_pixel_4=
