[preset00]
fRating=3.000000
fGammaAdj=1.000000
fDecay=0.980000
fVideoEchoZoom=1.006500
fVideoEchoAlpha=0.500000
nVideoEchoOrientation=1
nWaveMode=7
bAdditiveWaves=1
bWaveDots=1
bWaveThick=1
bModWaveAlphaByVolume=0
bMaximizeWaveColor=0
bTexWrap=1
bDarkenCenter=0
bRedBlueStereo=0
bBrighten=1
bDarken=0
bSolarize=0
bInvert=0
fWaveAlpha=4.099998
fWaveScale=1.285751
fWaveSmoothing=0.630000
fWaveParam=-1.000000
fModWaveAlphaStart=0.710000
fModWaveAlphaEnd=1.300000
fWarpAnimSpeed=1.000000
fWarpScale=1.331000
fZoomExponent=1.000000
fShader=0.000000
zoom=0.904846
rot=-0.020000
cx=0.500000
cy=0.500000
dx=0.000000
dy=0.000000
warp=0.010000
sx=0.591237
sy=0.980296
wave_r=1.000000
wave_g=0.200000
wave_b=0.000000
wave_x=0.500000
wave_y=0.100000
ob_size=0.000000
ob_r=0.010000
ob_g=0.000000
ob_b=0.000000
ob_a=0.100000
ib_size=0.050000
ib_r=0.000000
ib_g=0.500000
ib_b=1.000000
ib_a=0.200000
nMotionVectorsX=64.000000
nMotionVectorsY=1.439800
mv_dx=-8.000000
mv_dy=0.000000
mv_l=0.900000
mv_r=0.000000
mv_g=0.800000
mv_b=1.000000
mv_a=1.000000
per_frame_1=sx=sx-.10*sin(time);
