[preset00]
fRating=3.000000
fGammaAdj=1.000000
fDecay=0.959000
fVideoEchoZoom=0.999500
fVideoEchoAlpha=0.000000
nVideoEchoOrientation=3
nWaveMode=2
bAdditiveWaves=1
bWaveDots=0
bWaveThick=0
bModWaveAlphaByVolume=0
bMaximizeWaveColor=1
bTexWrap=0
bDarkenCenter=1
bRedBlueStereo=0
bBrighten=0
bDarken=0
bSolarize=0
bInvert=0
fWaveAlpha=4.099998
fWaveScale=0.814462
fWaveSmoothing=0.900000
fWaveParam=-0.500000
fModWaveAlphaStart=0.710000
fModWaveAlphaEnd=1.300000
fWarpAnimSpeed=13.290947
fWarpScale=2.418021
fZoomExponent=100.000000
fShader=0.000000
zoom=0.010000
rot=0.080000
cx=0.529900
cy=0.710000
dx=0.030000
dy=0.020000
warp=0.040305
sx=1.109005
sy=1.098047
wave_r=0.600000
wave_g=0.600000
wave_b=0.600000
wave_x=0.370000
wave_y=0.580000
ob_size=0.000000
ob_r=0.000000
ob_g=0.000000
ob_b=1.000000
ob_a=0.000000
ib_size=0.110000
ib_r=0.250000
ib_g=0.250000
ib_b=1.000000
ib_a=0.000000
nMotionVectorsX=0.000000
nMotionVectorsY=9.000000
mv_dx=-0.000000
mv_dy=0.000000
mv_l=0.900000
mv_r=1.000000
mv_g=1.000000
mv_b=1.000000
mv_a=0.000000
per_frame_1=wave_r=wave_r+0.4*( 0.40*sin(0.980*time)+0.60*sin(3.047*bass) );
per_frame_2=wave_g=wave_g+0.4*( 0.40*sin(0.835*time)+0.60*sin(3.581*treb) );
per_frame_3=wave_b=wave_b+0.4*( 0.40*sin(0.814*time)+0.60*sin(3.311*mid) );
per_frame_4=rot=rot+0.01*( 0.60*sin(0.381*time)+0.40*sin(0.479*time) );
per_frame_5=cx=cx+0.010*( 0.60*sin(0.374*time)+0.40*sin(0.294*time) );
per_frame_6=cy=cy+0.010*( 0.60*sin(0.393*time)+0.40*sin(0.223*time) );
per_frame_7=zoom=zoom+0.05+0.05*sin(time*0.133);
per_frame_8=dx=0.02+0.013*bass;
per_frame_9=dy=0.01+0.007*bass;
per_pixel_1=zoom=(zoom-1.0)*(rad/6-(sqr(1)*.5))+rad
