[preset00]
fRating=3.000000
fGammaAdj=1.000000
fDecay=0.900000
fVideoEchoZoom=1.000000
fVideoEchoAlpha=0.500000
nVideoEchoOrientation=1
nWaveMode=0
bAdditiveWaves=0
bWaveDots=0
bModWaveAlphaByVolume=0
bMaximizeWaveColor=0
bTexWrap=0
bDarkenCenter=1
bRedBlueStereo=0
bBrighten=0
bDarken=0
bSolarize=0
bInvert=0
fWaveAlpha=0.057408
fWaveScale=1.000000
fWaveSmoothing=0.750000
fWaveParam=0.000000
fModWaveAlphaStart=0.750000
fModWaveAlphaEnd=0.950000
fWarpAnimSpeed=1.000000
fWarpScale=1.000000
fZoomExponent=1.000000
fShader=0.000000
zoom=1.104622
rot=0.062000
cx=0.500000
cy=0.500000
dx=0.020000
dy=0.000000
warp=1.000000
sx=1.000000
sy=1.000000
wave_r=0.500000
wave_g=0.500000
wave_b=0.500000
wave_x=0.200000
wave_y=0.500000
ob_size=0.000000
ob_r=0.000000
ob_g=0.000000
ob_b=0.000000
ob_a=0.000000
ib_size=0.000000
ib_r=0.000000
ib_g=0.000000
ib_b=0.000000
ib_a=0.000000
nMotionVectorsX=1.280000
nMotionVectorsY=14.400005
mv_l=5.000000
mv_r=0.000000
mv_g=1.000000
mv_b=0.500000
mv_a=1.000000
per_frame_1=warp=0;
per_frame_2=rot=rot*sin(Time)-rot*2*sin(Time);
per_frame_3=mv_x=mv_x+.20*sin(time);
per_frame_4=mv_y=mv_y+.20*sin(Time);
per_frame_5=dx=dx+.010*sin(time);
per_frame_6=decay=.8;
per_frame_7=mv_bass=min(bass,bass_att)+max(Bass,bass_att);
per_frame_8=mv_r=mv_r+.020*cos(mv_bass);
per_frame_9=mv_b=mv_b-.5*sin(mv_bass/10);
per_frame_10=mv_g=1-.5*sin(time);
per_frame_11=
per_pixel_1=rot=ang
