[preset00]
fRating=3.000000
fGammaAdj=1.000000
fDecay=0.925000
fVideoEchoZoom=1.006500
fVideoEchoAlpha=0.000000
nVideoEchoOrientation=3
nWaveMode=1
bAdditiveWaves=0
bWaveDots=1
bWaveThick=1
bModWaveAlphaByVolume=0
bMaximizeWaveColor=0
bTexWrap=1
bDarkenCenter=1
bRedBlueStereo=0
bBrighten=0
bDarken=0
bSolarize=0
bInvert=0
fWaveAlpha=4.099900
fWaveScale=0.010000
fWaveSmoothing=0.630000
fWaveParam=0.000000
fModWaveAlphaStart=0.710000
fModWaveAlphaEnd=1.300000
fWarpAnimSpeed=8.311044
fWarpScale=35.528469
fZoomExponent=1.000000
fShader=0.000000
zoom=0.762900
rot=0.600000
cx=0.500000
cy=0.500000
dx=1.000000
dy=0.000000
warp=15.769199
sx=1.104621
sy=1.000000
wave_r=0.650000
wave_g=0.650000
wave_b=0.650000
wave_x=0.500000
wave_y=0.500000
ob_size=0.500000
ob_r=0.010000
ob_g=0.000000
ob_b=0.000000
ob_a=0.000000
ib_size=0.260000
ib_r=0.250000
ib_g=0.250000
ib_b=0.250000
ib_a=0.000000
nMotionVectorsX=64.000000
nMotionVectorsY=1.008000
mv_dx=0.000000
mv_dy=0.000000
mv_l=5.000000
mv_r=0.800000
mv_g=1.000000
mv_b=1.000000
mv_a=1.000000
per_frame_1=mv_r=mv_r + 0.410*sin(0.223 * time);
per_frame_2=mv_b=mv_b + 0.035*sin(0.130 * time);
per_frame_3=mv_g=mv_g + 0.233 * sin (0.777 * time);
per_frame_4=wave_r=wave_r + 0.810*sin(0.835 * time);
per_frame_5=wave_g=wave_g + 0.470*sin(0.535 * time);
per_frame_6=wave_b=wave_b + 0.120*sin(0.235 * time);
