[preset00]
fRating=2.000000
fGammaAdj=1.700000
fDecay=0.970100
fVideoEchoZoom=0.999609
fVideoEchoAlpha=0.000000
nVideoEchoOrientation=0
nWaveMode=1
bAdditiveWaves=1
bWaveDots=0
bModWaveAlphaByVolume=0
bMaximizeWaveColor=1
bTexWrap=0
bDarkenCenter=0
bMotionVectorsOn=0
bRedBlueStereo=0
nMotionVectorsX=0
nMotionVectorsY=1
bBrighten=0
bDarken=0
bSolarize=0
bInvert=0
fWaveAlpha=1.099998
fWaveScale=0.525089
fWaveSmoothing=0.000000
fWaveParam=-0.100000
fModWaveAlphaStart=0.710000
fModWaveAlphaEnd=1.300000
fWarpAnimSpeed=1.000000
fWarpScale=1.331000
fZoomExponent=1.000000
fShader=0.000000
zoom=1.000549
rot=0.020000
cx=0.500000
cy=0.500000
dx=0.000000
dy=0.000000
warp=0.198054
sx=1.220188
sy=1.220190
wave_r=0.650000
wave_g=0.650000
wave_b=0.650000
wave_x=0.500000
wave_y=0.500000
ob_size=0.010000
ob_r=0.000000
ob_g=0.000000
ob_b=0.000000
ob_a=0.000000
ib_size=0.010000
ib_r=0.250000
ib_g=0.250000
ib_b=0.250000
ib_a=0.000000
per_frame_1=wave_r = wave_r + 0.400*( 0.60*sin(0.933*time) + 0.40*sin(1.045*time) );
per_frame_2=wave_g = wave_g + 0.400*( 0.60*sin(0.900*time) + 0.40*sin(0.956*time) );
per_frame_3=wave_b = wave_b + 0.400*( 0.60*sin(0.910*time) + 0.40*sin(0.920*time) );
per_frame_4=zoom = zoom + 0.023*( 0.60*sin(0.339*time) + 0.40*sin(0.276*time) );
per_frame_5=rot = rot + 0.030*( 0.60*sin(0.381*time) + 0.40*sin(0.579*time) );
per_frame_6=cx = cx + 0.070*( 0.60*sin(0.374*time) + 0.40*sin(0.294*time) );
per_frame_7=cy = cy + 0.070*( 0.60*sin(0.393*time) + 0.40*sin(0.223*time) );
per_pixel_1=zoom=zoom-max(0,(bass-1.2))*sin(time*1.4+rad*6);
per_pixel_1=rot=pow((1-rad),3)/20-sin(0.87*time+3*(rad))/25+cos(time+rad/2)/2;
per_pixel_2=zoom=cos(pow((1-rad),3))-0.11;
