[preset00]
fRating=0.000000
fGammaAdj=1.000000
fDecay=0.993000
fVideoEchoZoom=7.523862
fVideoEchoAlpha=0.880000
nVideoEchoOrientation=0
nWaveMode=6
bAdditiveWaves=1
bWaveDots=1
bModWaveAlphaByVolume=0
bMaximizeWaveColor=0
bTexWrap=1
bDarkenCenter=0
bRedBlueStereo=0
bBrighten=1
bDarken=0
bSolarize=0
bInvert=0
fWaveAlpha=2.518211
fWaveScale=2.594509
fWaveSmoothing=0.180000
fWaveParam=0.000000
fModWaveAlphaStart=1.150000
fModWaveAlphaEnd=0.750000
fWarpAnimSpeed=1.530000
fWarpScale=1.731000
fZoomExponent=0.998170
fShader=0.000000
zoom=1.000223
rot=0.000000
cx=0.500000
cy=0.500000
dx=0.000000
dy=0.000000
warp=0.140100
sx=1.006000
sy=0.999900
wave_r=1.000000
wave_g=1.000000
wave_b=1.000000
wave_x=0.500000
wave_y=0.500000
ob_size=0.010000
ob_r=0.000000
ob_g=0.000000
ob_b=0.000000
ob_a=0.000000
ib_size=0.010000
ib_r=0.250000
ib_g=0.250000
ib_b=0.250000
ib_a=0.000000
nMotionVectorsX=15.000000
nMotionVectorsY=6.000000
mv_l=0.900000
mv_r=1.000000
mv_g=1.000000
mv_b=1.000000
mv_a=0.000000
per_frame_1=basseffect = max(max(bass,att)-1,0);
per_frame_2=wave_y=min(0.35+(bass_att*0.2),1);
per_frame_3=decay=if(above(progress,0.05),1,0);
per_frame_4=mv_y =4- min(((bass_att+bass)-2)*0.25,0.9);
per_frame_5=mv_r = basseffect*4;
per_frame_6=mv_b = basseffect*3;
per_frame_7=mv_g = basseffect*3.5;
