[preset00]
fRating=3.500000
fGammaAdj=1.000000
fDecay=0.990000
fVideoEchoZoom=0.998130
fVideoEchoAlpha=0.500000
nVideoEchoOrientation=1
nWaveMode=5
bAdditiveWaves=1
bWaveDots=0
bWaveThick=1
bModWaveAlphaByVolume=1
bMaximizeWaveColor=1
bTexWrap=1
bDarkenCenter=1
bRedBlueStereo=0
bBrighten=0
bDarken=0
bSolarize=0
bInvert=0
fWaveAlpha=1.005730
fWaveScale=0.897964
fWaveSmoothing=0.000000
fWaveParam=0.000000
fModWaveAlphaStart=1.489999
fModWaveAlphaEnd=0.750000
fWarpAnimSpeed=1.000000
fWarpScale=1.331000
fZoomExponent=1.000000
fShader=0.000000
zoom=0.999500
rot=0.040000
cx=0.560000
cy=0.560000
dx=1.000000
dy=0.000000
warp=0.010000
sx=1.010000
sy=1.000000
wave_r=0.000000
wave_g=0.000000
wave_b=0.000000
wave_x=0.500000
wave_y=0.500000
ob_size=0.000000
ob_r=0.000000
ob_g=0.000000
ob_b=0.200000
ob_a=1.000000
ib_size=0.000000
ib_r=1.000000
ib_g=0.000000
ib_b=0.000000
ib_a=1.000000
nMotionVectorsX=12.000000
nMotionVectorsY=9.000000
mv_dx=0.000000
mv_dy=0.000000
mv_l=0.050000
mv_r=0.000000
mv_g=1.000000
mv_b=0.000000
mv_a=0.000000
per_frame_1=wave_r = wave_r + 0.850*( 0.60*sin(0.825*time) + 0.40*sin(0.315*time) );
per_frame_2=wave_g = wave_g + 0.220*( 0.80*sin(0.900*time) + 0.40*sin(1.025*time) );
per_frame_3=wave_b = wave_b + 0.570*( 0.40*sin(0.810*time) + 0.40*sin(0.950*time) );
per_frame_4=cx = cx + 0.225*( 0.60*sin(0.150*time) + 0.40*sin(0.750*time) );
per_frame_5=cy = cy + 0.225*( 0.60*sin(0.550*time) + 0.40*sin(0.750*time) );
per_frame_6=dx = 0.005 + 0.002*( 0.60*sin(0.234*time) + 0.40*sin(0.277*time) );
per_frame_7=dy = 0.005 + 0.002*( 0.60*sin(0.234*time) + 0.40*sin(0.277*time) );
per_frame_8=wave_y = wave_y+ 0.2*sin(1.85*time);
per_pixel_1=ray = pow(rad,1.85)+.037;
