[preset00]
fRating=5.000000
fGammaAdj=1.910001
fDecay=0.990000
fVideoEchoZoom=0.594049
fVideoEchoAlpha=0.000000
nVideoEchoOrientation=0
nWaveMode=6
bAdditiveWaves=0
bWaveDots=0
bWaveThick=0
bModWaveAlphaByVolume=0
bMaximizeWaveColor=1
bTexWrap=1
bDarkenCenter=0
bRedBlueStereo=0
bBrighten=0
bDarken=0
bSolarize=0
bInvert=0
fWaveAlpha=2.713479
fWaveScale=2.220767
fWaveSmoothing=0.000000
fWaveParam=0.000000
fModWaveAlphaStart=0.750000
fModWaveAlphaEnd=0.950000
fWarpAnimSpeed=1.000000
fWarpScale=0.033004
fZoomExponent=0.162175
fShader=0.120000
zoom=1.174713
rot=-0.020000
cx=0.200000
cy=-0.700000
dx=-0.000000
dy=0.019000
warp=0.011381
sx=0.384723
sy=0.970590
wave_r=0.000000
wave_g=0.570000
wave_b=1.000000
wave_x=0.500000
wave_y=0.480000
ob_size=0.000000
ob_r=0.100000
ob_g=0.700000
ob_b=1.000000
ob_a=0.000000
ib_size=0.000000
ib_r=1.000000
ib_g=0.150000
ib_b=1.000000
ib_a=0.000000
nMotionVectorsX=0.000000
nMotionVectorsY=0.480000
mv_dx=0.000000
mv_dy=0.000000
mv_l=0.000000
mv_r=1.000000
mv_g=0.100000
mv_b=0.800000
mv_a=0.000000
per_frame_1=wave_r = wave_r + 0.250*( 0.60*sin(2.137*time) + 0.40*sin(1.770*time) );
per_frame_2=wave_g = wave_g + 0.300*( 0.60*sin(1.944*time) + 0.40*sin(1.541*time) );
per_frame_3=wave_b = wave_b + 0.250*( 0.60*sin(1.251*time) + 0.40*sin(1.655*time) );
per_frame_4=rot = rot + 0.010*( 0.60*sin(0.381*time) + 0.40*sin(0.579*time) );
per_frame_5=cx = cx + 0.110*( 0.60*sin(0.374*time) + 0.40*sin(0.294*time) );
per_frame_6=cy = cy + 0.110*( 0.60*sin(0.393*time) + 0.40*sin(0.223*time) );
per_frame_7=decay = decay - 0.01*equal(frame%6,0);
