[preset00]
fRating=2.000000 
fGammaAdj=2.00000 
fVideoEchoZoom=1.333000 
fVideoEchoAlpha=0.500000 
nVideoEchoOrientation=1 
fDecay=1.000000 
nWaveMode=7 
bAdditiveWaves=0 
bWaveDots=0 
bModWaveAlphaByVolume=0.100000 
bMaximizeWaveColor=1 
bTexWrap=1 
bDarkenCenter=0 
bMotionVectorsOn=0 
nMotionVectorsX=12 
nMotionVectorsY=9 
fWaveAlpha=4.500000 
fWaveScale=0.500000 
fWaveSmoothing=1.000000 
fWaveParam=0.000000 
fModWaveAlphaStart=0.750000 
fModWaveAlphaEnd=0.950000 
fWarpAnimSpeed=1.000000 
fWarpScale=1.000000 
fZoomExponent=3.400000 
fShader=0.000000 
zoom=1.000000 
rot=-0.000000 
cx=1.000000 
cy=0.500000 
dx=0.000000 
dy=0.000000 
warp=0.200000 
sx=1.000000 
sy=1.000000 
wave_r=0.650000 
wave_g=0.650000 
wave_b=0.650000 
wave_x=1.000000 
wave_y=0.500000 
ib_size=0.000000 
ib_r=0.500000 
ib_g=0.250000 
ib_b=0.000000 
ib_a=0.250000 
per_frame_1=cx=0.5+0.5*cos(time/3);
per_frame_2=cy=0.5+0.5*sin(time/3);
per_frame_3=rot=rot-0.166666+max(0,(bass_att)*0.166666);
per_frame_4=wave_b = wave_g + 0.350*(sin(time));
per_frame_5=wave_g = wave_g + 0.500*(sin(2*time));
per_frame_6=ib_size=0.25*(1+cos(time/3));
per_frame_7=ib_a=0.25*(1+cos(time*2));
per_frame_8=ib_b=max(0,(bass_att)*0.5);
per_frame_9=ib_r=0.5+0.5*sin(time*6);
