[preset00]
fRating=3.000000
fGammaAdj=1.000000
fDecay=1.000000
fVideoEchoZoom=1.006596
fVideoEchoAlpha=0.000000
nVideoEchoOrientation=3
nWaveMode=3
bAdditiveWaves=0
bWaveDots=0
bModWaveAlphaByVolume=0
bMaximizeWaveColor=0
bTexWrap=0
bDarkenCenter=0
bRedBlueStereo=0
bBrighten=1
bDarken=0
bSolarize=0
bInvert=0
fWaveAlpha=100.000000
fWaveScale=1.000158
fWaveSmoothing=0.000000
fWaveParam=0.000000
fModWaveAlphaStart=0.710000
fModWaveAlphaEnd=1.300000
fWarpAnimSpeed=1.000000
fWarpScale=1.331000
fZoomExponent=1.000000
fShader=0.000000
zoom=0.999500
rot=0.000000
cx=0.500000
cy=0.500000
dx=0.000000
dy=0.000000
warp=0.010000
sx=1.000000
sy=1.000000
wave_r=0.650000
wave_g=0.650000
wave_b=0.650000
wave_x=0.500000
wave_y=1.000000
ob_size=0.005000
ob_r=0.010000
ob_g=0.000000
ob_b=0.000000
ob_a=1.000000
ib_size=0.260000
ib_r=0.250000
ib_g=0.250000
ib_b=0.250000
ib_a=0.000000
nMotionVectorsX=12.000000
nMotionVectorsY=9.000000
mv_l=0.900000
mv_r=1.000000
mv_g=1.000000
mv_b=1.000000
mv_a=0.000000
per_frame_1=wave_r=bass_att-1.1;
per_frame_2=wave_b=mid_att-1.1;
per_frame_3=wave_g=treb_att-1.1;
per_frame_4=q1 = 0.5;
per_frame_5=q2 = 0;
per_pixel_1=newx = x - 0.5;
per_pixel_2=newy = y - 0.1;
per_pixel_3=newrad = sqrt( newx*newx + 0.5625*newy*newy )*2;
per_pixel_4=newang = atan2( -newy, newx );
per_pixel_5=newzoom=1 + 0.3*sin( bass_att*( newrad + ( 3.5*sin( newang ) ) ) );
per_pixel_6=dx = newx*newzoom - newx;
per_pixel_7=dy = newy*newzoom - newy;
