[preset00]
fRating=3.000000
fGammaAdj=1.000000
fDecay=0.900000
fVideoEchoZoom=1.000000
fVideoEchoAlpha=0.000000
nVideoEchoOrientation=3
nWaveMode=2
bAdditiveWaves=0
bWaveDots=1
bWaveThick=1
bModWaveAlphaByVolume=1
bMaximizeWaveColor=0
bTexWrap=0
bDarkenCenter=0
bRedBlueStereo=0
bBrighten=0
bDarken=0
bSolarize=0
bInvert=0
fWaveAlpha=1.400009
fWaveScale=24.997160
fWaveSmoothing=0.630000
fWaveParam=0.000000
fModWaveAlphaStart=0.000000
fModWaveAlphaEnd=0.360001
fWarpAnimSpeed=0.010000
fWarpScale=0.010000
fZoomExponent=1.000000
fShader=0.000000
zoom=1.000000
rot=0.000000
cx=0.500000
cy=0.500000
dx=0.000000
dy=0.000000
warp=0.010000
sx=1.000000
sy=1.000000
wave_r=1.000000
wave_g=0.000000
wave_b=0.000000
wave_x=0.500000
wave_y=0.500000
ob_size=0.500000
ob_r=0.010000
ob_g=0.000000
ob_b=0.000000
ob_a=0.000000
ib_size=0.260000
ib_r=0.250000
ib_g=0.250000
ib_b=0.250000
ib_a=0.000000
nMotionVectorsX=12.000000
nMotionVectorsY=9.000000
mv_dx=0.000000
mv_dy=0.000000
mv_l=0.900000
mv_r=1.000000
mv_g=1.000000
mv_b=1.000000
mv_a=0.000000
shapecode_0_enabled=1
shapecode_0_sides=100
shapecode_0_additive=0
shapecode_0_thickOutline=0
shapecode_0_textured=0
shapecode_0_x=0.500000
shapecode_0_y=0.500000
shapecode_0_rad=0.061412
shapecode_0_ang=0.000000
shapecode_0_tex_ang=0.000000
shapecode_0_tex_zoom=1.000000
shapecode_0_r=1.000000
shapecode_0_g=1.000000
shapecode_0_b=0.000000
shapecode_0_a=1.000000
shapecode_0_r2=1.000000
shapecode_0_g2=1.000000
shapecode_0_b2=0.700000
shapecode_0_a2=1.000000
shapecode_0_border_r=0.000000
shapecode_0_border_g=0.000000
shapecode_0_border_b=0.000000
shapecode_0_border_a=0.000000
shapecode_1_enabled=1
shapecode_1_sides=20
shapecode_1_additive=0
shapecode_1_thickOutline=0
shapecode_1_textured=0
shapecode_1_x=0.500000
shapecode_1_y=0.500000
shapecode_1_rad=0.040435
shapecode_1_ang=0.000000
shapecode_1_tex_ang=0.000000
shapecode_1_tex_zoom=1.000000
shapecode_1_r=0.000000
shapecode_1_g=1.000000
shapecode_1_b=0.000000
shapecode_1_a=1.000000
shapecode_1_r2=0.000000
shapecode_1_g2=0.540000
shapecode_1_b2=1.000000
shapecode_1_a2=1.000000
shapecode_1_border_r=0.000000
shapecode_1_border_g=0.000000
shapecode_1_border_b=0.000000
shapecode_1_border_a=1.000000
shape_1_per_frame1=x=0.5+(sin(time*0.05)*0.3);
shape_1_per_frame2=y=0.5+(cos(time*0.05)*0.3);
shapecode_2_enabled=1
shapecode_2_sides=20
shapecode_2_additive=0
shapecode_2_thickOutline=0
shapecode_2_textured=0
shapecode_2_x=0.500000
shapecode_2_y=0.500000
shapecode_2_rad=0.019950
shapecode_2_ang=0.000000
shapecode_2_tex_ang=0.000000
shapecode_2_tex_zoom=1.000000
shapecode_2_r=1.000000
shapecode_2_g=0.000000
shapecode_2_b=0.000000
shapecode_2_a=1.000000
shapecode_2_r2=0.000000
shapecode_2_g2=0.000000
shapecode_2_b2=0.000000
shapecode_2_a2=1.000000
shapecode_2_border_r=0.000000
shapecode_2_border_g=0.000000
shapecode_2_border_b=0.000000
shapecode_2_border_a=1.000000
shape_2_per_frame1=x=0.5+(sin(time*0.05)*0.3)+(sin(time*5.34)*0.05);
shape_2_per_frame2=y=0.5+(cos(time*0.05)*0.3)+(cos(time*5.34)*0.05);
shapecode_3_enabled=1
shapecode_3_sides=20
shapecode_3_additive=1
shapecode_3_thickOutline=1
shapecode_3_textured=0
shapecode_3_x=0.500000
shapecode_3_y=0.500000
shapecode_3_rad=0.010000
shapecode_3_ang=0.000000
shapecode_3_tex_ang=0.000000
shapecode_3_tex_zoom=1.000000
shapecode_3_r=0.000000
shapecode_3_g=0.000000
shapecode_3_b=0.000000
shapecode_3_a=1.000000
shapecode_3_r2=0.000000
shapecode_3_g2=0.000000
shapecode_3_b2=0.000000
shapecode_3_a2=1.000000
shapecode_3_border_r=0.000000
shapecode_3_border_g=0.000000
shapecode_3_border_b=0.000000
shapecode_3_border_a=0.000000
shape_3_per_frame1=x=int(rand(1000))/1000;
shape_3_per_frame2=y=int(rand(1000))/1000;
shape_3_per_frame3=r=int(rand(1000))/1000;
shape_3_per_frame4=g=int(rand(1000))/1000;
shape_3_per_frame5=b=int(rand(1000))/1000;
shape_3_per_frame6=r2=r;
shape_3_per_frame7=g2=g;
shape_3_per_frame8=b2=b;
per_frame_1=wave_r=int(rand(101))*0.01;
per_frame_2=wave_g=int(rand(101))*0.01;
per_frame_3=wave_b=int(rand(101))*0.01;
