[preset00]
fRating=3.000000
fGammaAdj=1.000000
fDecay=1.000000
fVideoEchoZoom=1.000000
fVideoEchoAlpha=0.000000
nVideoEchoOrientation=3
nWaveMode=2
bAdditiveWaves=0
bWaveDots=0
bWaveThick=0
bModWaveAlphaByVolume=0
bMaximizeWaveColor=0
bTexWrap=1
bDarkenCenter=0
bRedBlueStereo=0
bBrighten=0
bDarken=1
bSolarize=0
bInvert=0
fWaveAlpha=4.099998
fWaveScale=0.303549
fWaveSmoothing=0.000000
fWaveParam=0.000000
fModWaveAlphaStart=0.000000
fModWaveAlphaEnd=0.000000
fWarpAnimSpeed=1.000000
fWarpScale=1.331000
fZoomExponent=1.000000
fShader=0.000000
zoom=0.999999
rot=0.000000
cx=0.680000
cy=0.710000
dx=0.000000
dy=0.000000
warp=0.010000
sx=1.000000
sy=1.000000
wave_r=0.650000
wave_g=0.650000
wave_b=0.650000
wave_x=0.500000
wave_y=0.500000
ob_size=0.500000
ob_r=0.010000
ob_g=0.000000
ob_b=0.000000
ob_a=0.000000
ib_size=0.260000
ib_r=0.250000
ib_g=0.250000
ib_b=0.250000
ib_a=0.000000
nMotionVectorsX=30.047899
nMotionVectorsY=30.023979
mv_dx=0.000000
mv_dy=0.000000
mv_l=2.449999
mv_r=0.000000
mv_g=1.000000
mv_b=0.000000
mv_a=0.000000
per_frame_1=warp=0;
per_frame_2=wave_r=sin(bass);
per_frame_3=wave_g=sin(mid);
per_frame_4=wave_b=sin(treb);
per_frame_5=dy=.003
per_pixel_1=dx=sin(y)*.02;
per_pixel_2=dy=bass*.005;
