[preset00]
fRating=3.000000
fGammaAdj=1.000000
fDecay=0.964000
fVideoEchoZoom=1.000000
fVideoEchoAlpha=0.000000
nVideoEchoOrientation=3
nWaveMode=2
bAdditiveWaves=0
bWaveDots=0
bWaveThick=0
bModWaveAlphaByVolume=1
bMaximizeWaveColor=0
bTexWrap=1
bDarkenCenter=0
bRedBlueStereo=0
bBrighten=0
bDarken=0
bSolarize=0
bInvert=0
fWaveAlpha=4.099998
fWaveScale=0.489760
fWaveSmoothing=0.720000
fWaveParam=0.780000
fModWaveAlphaStart=0.690000
fModWaveAlphaEnd=0.860000
fWarpAnimSpeed=0.010000
fWarpScale=0.010000
fZoomExponent=1.000000
fShader=0.000000
zoom=0.999835
rot=0.000000
cx=0.500000
cy=0.500000
dx=0.000000
dy=0.000000
warp=0.010000
sx=1.030301
sy=1.000000
wave_r=0.000000
wave_g=0.000000
wave_b=0.000000
wave_x=0.500000
wave_y=0.500000
ob_size=0.500000
ob_r=0.010000
ob_g=0.000000
ob_b=0.000000
ob_a=0.000000
ib_size=0.260000
ib_r=0.250000
ib_g=0.250000
ib_b=0.250000
ib_a=0.000000
nMotionVectorsX=64.000000
nMotionVectorsY=48.000000
mv_dx=0.000000
mv_dy=0.000000
mv_l=1.000000
mv_r=0.500000
mv_g=1.000000
mv_b=0.000000
mv_a=0.000000
per_frame_1=q1=(q1+bass)/2;
per_frame_2=wave_r=abs(sin(time*1.543));
per_frame_3=wave_g=abs(sin(time*1.236));
per_frame_4=wave_b=abs(sin(time*1.363));
per_frame_5=wave_mystery=q1;
per_pixel_1=q1=sin(bass)*3;
per_pixel_2=rot=sin(x*35+q1)+cos(y*35-q1);
per_frame_init_1=q1=bass;
