[preset00]
fRating=5.000000
fGammaAdj=2.000000
fDecay=0.970000
fVideoEchoZoom=2.000000
fVideoEchoAlpha=0.000000
nVideoEchoOrientation=0
nWaveMode=4
bAdditiveWaves=0
bWaveDots=0
bWaveThick=0
bModWaveAlphaByVolume=0
bMaximizeWaveColor=0
bTexWrap=1
bDarkenCenter=0
bRedBlueStereo=0
bBrighten=0
bDarken=0
bSolarize=0
bInvert=0
fWaveAlpha=100.000000
fWaveScale=0.727300
fWaveSmoothing=0.000000
fWaveParam=-1.000000
fModWaveAlphaStart=0.750000
fModWaveAlphaEnd=0.950000
fWarpAnimSpeed=1.000000
fWarpScale=1.000000
fZoomExponent=1.000000
fShader=0.000000
zoom=1.000000
rot=0.000000
cx=0.500000
cy=0.500000
dx=0.000000
dy=0.000000
warp=0.999997
sx=0.578528
sy=1.030301
wave_r=1.000000
wave_g=0.300000
wave_b=0.000000
wave_x=0.500000
wave_y=0.500000
ob_size=0.110000
ob_r=0.000000
ob_g=0.400000
ob_b=0.000000
ob_a=0.200000
ib_size=0.045000
ib_r=0.500000
ib_g=0.300000
ib_b=0.000000
ib_a=0.200000
nMotionVectorsX=12.000000
nMotionVectorsY=9.000000
mv_dx=0.000000
mv_dy=0.000000
mv_l=0.500000
mv_r=1.000000
mv_g=0.900000
mv_b=0.500000
mv_a=0.300000
per_frame_1=vol = (bass + mid + treb)/3;
per_frame_2=zoom = zoom + .2*(vol - 1);
per_frame_3=wave_r = wave_r + 10*(vol - .0001);
