[preset00]
fRating=3.000000
fGammaAdj=2.000000
fDecay=0.967000
fVideoEchoZoom=2.000000
fVideoEchoAlpha=0.000000
nVideoEchoOrientation=0
nWaveMode=4
bAdditiveWaves=0
bWaveDots=0
bWaveThick=0
bModWaveAlphaByVolume=0
bMaximizeWaveColor=1
bTexWrap=1
bDarkenCenter=0
bRedBlueStereo=0
bBrighten=0
bDarken=0
bSolarize=0
bInvert=0
fWaveAlpha=0.440360
fWaveScale=0.150986
fWaveSmoothing=0.000000
fWaveParam=0.000000
fModWaveAlphaStart=0.750000
fModWaveAlphaEnd=0.950000
fWarpAnimSpeed=1.000000
fWarpScale=1.000000
fZoomExponent=1.000000
fShader=0.000000
zoom=1.232391
rot=0.000000
cx=2.000000
cy=2.000000
dx=0.000000
dy=0.000000
warp=2.006762
sx=1.104622
sy=1.000000
wave_r=0.020000
wave_g=0.000000
wave_b=0.100000
wave_x=0.500000
wave_y=0.500000
ob_size=0.000000
ob_r=0.000000
ob_g=0.000000
ob_b=1.000000
ob_a=1.000000
ib_size=0.000000
ib_r=0.000000
ib_g=1.000000
ib_b=0.000000
ib_a=1.000000
nMotionVectorsX=6.464000
nMotionVectorsY=4.848000
mv_dx=0.000000
mv_dy=0.200000
mv_l=1.550000
mv_r=0.000000
mv_g=1.000000
mv_b=0.000000
mv_a=1.000000
per_frame_1=wave_r = wave_r + 0.5*sin(time*1.13);
per_frame_2=wave_b = wave_b + 0.5*sin(time*1.23);
per_frame_3=monitor = x;
per_pixel_1=zoom = zoom + rad*0.2*(bass + mid + treb);
