[preset00]
fRating=5.000000
fGammaAdj=2.000000
fDecay=0.972000
fVideoEchoZoom=2.000000
fVideoEchoAlpha=0.000000
nVideoEchoOrientation=0
nWaveMode=3
bAdditiveWaves=0
bWaveDots=1
bWaveThick=0
bModWaveAlphaByVolume=0
bMaximizeWaveColor=0
bTexWrap=1
bDarkenCenter=0
bRedBlueStereo=0
bBrighten=0
bDarken=0
bSolarize=0
bInvert=0
fWaveAlpha=0.210876
fWaveScale=0.727304
fWaveSmoothing=0.000000
fWaveParam=-1.000000
fModWaveAlphaStart=0.750000
fModWaveAlphaEnd=0.950000
fWarpAnimSpeed=1.000000
fWarpScale=1.000000
fZoomExponent=1.000000
fShader=0.000000
zoom=1.000000
rot=0.000000
cx=0.500000
cy=0.500000
dx=0.000000
dy=0.000000
warp=1.000000
sx=1.000000
sy=0.980296
wave_r=0.000000
wave_g=0.650000
wave_b=0.000000
wave_x=0.500000
wave_y=0.500000
ob_size=0.110000
ob_r=0.000000
ob_g=0.400000
ob_b=0.000000
ob_a=0.200000
ib_size=0.045000
ib_r=0.000000
ib_g=0.400000
ib_b=0.400000
ib_a=0.300000
nMotionVectorsX=12.000000
nMotionVectorsY=9.000000
mv_dx=0.000000
mv_dy=0.000000
mv_l=0.900000
mv_r=1.000000
mv_g=1.000000
mv_b=0.000000
mv_a=0.300000
per_frame_1=vol = (bass + mid + treb)/3;
per_frame_2=zoom = zoom + .05*(vol - 1);
per_frame_3=wave_b = wave_b + 5*(vol - 1.33);
