[preset00]
fRating=3.000000
fGammaAdj=1.000000
fDecay=0.980000
fVideoEchoZoom=0.037441
fVideoEchoAlpha=0.000000
nVideoEchoOrientation=2
nWaveMode=0
bAdditiveWaves=0
bWaveDots=0
bModWaveAlphaByVolume=1
bMaximizeWaveColor=0
bTexWrap=0
bDarkenCenter=0
bRedBlueStereo=0
bBrighten=0
bDarken=0
bSolarize=0
bInvert=0
fWaveAlpha=100.000000
fWaveScale=0.044484
fWaveSmoothing=0.900000
fWaveParam=-0.480000
fModWaveAlphaStart=0.710000
fModWaveAlphaEnd=1.300000
fWarpAnimSpeed=1.000000
fWarpScale=1.331000
fZoomExponent=1.000000
fShader=0.000000
zoom=0.999514
rot=0.000000
cx=0.500000
cy=0.500000
dx=0.000000
dy=0.000000
warp=0.010000
sx=1.000000
sy=1.000000
wave_r=0.650000
wave_g=0.650000
wave_b=0.650000
wave_x=0.500000
wave_y=0.500000
ob_size=0.500000
ob_r=0.010000
ob_g=0.000000
ob_b=0.000000
ob_a=0.000000
ib_size=0.260000
ib_r=0.250000
ib_g=0.250000
ib_b=0.250000
ib_a=0.000000
nMotionVectorsX=12.000000
nMotionVectorsY=9.000000
mv_l=0.500000
mv_r=1.000000
mv_g=1.000000
mv_b=1.000000
mv_a=0.000000
per_frame_1=wave_r=wave_r+0.5*sin(111*time);
per_frame_2=wave_g=wave_g+0.5*sin(222*time);
per_frame_3=wave_b=wave_b+0.5*sin(333*time);
per_frame_4=q1=0.5; q2=0.5;
per_frame_5=cx=q1; cy=q2;
per_frame_6=wave_x=q1; wave_y=q2;
per_pixel_1=temp=if(above(bass_att,1.4),int(rand(17))-8,temp);
per_pixel_2=r=sqrt(sqr(x-q1)+sqr(y-q2));
per_pixel_3=r=r*1.414;
per_pixel_4=a=atan2(x-q1,y-q2);
per_pixel_5=zoom=1.1+0.1*sin(a*temp)-0.2*sin(r*2.57)+0.1*sin(1-r);
