[preset00]
fRating=3.000000
fGammaAdj=2.050000
fDecay=0.900000
fVideoEchoZoom=2.040063
fVideoEchoAlpha=0.000000
nVideoEchoOrientation=0
nWaveMode=2
bAdditiveWaves=1
bWaveDots=1
bWaveThick=1
bModWaveAlphaByVolume=1
bMaximizeWaveColor=1
bTexWrap=1
bDarkenCenter=0
bRedBlueStereo=0
bBrighten=0
bDarken=1
bSolarize=0
bInvert=0
fWaveAlpha=33.807667
fWaveScale=37.714085
fWaveSmoothing=0.900000
fWaveParam=1.000000
fModWaveAlphaStart=0.750000
fModWaveAlphaEnd=1.400000
fWarpAnimSpeed=1.001828
fWarpScale=1.008151
fZoomExponent=1.001828
fShader=0.000000
zoom=1.002331
rot=0.000000
cx=0.500000
cy=0.500000
dx=0.000000
dy=0.000000
warp=0.010000
sx=1.147367
sy=1.163092
wave_r=0.500000
wave_g=0.500000
wave_b=0.500000
wave_x=0.500000
wave_y=0.400000
ob_size=0.500000
ob_r=0.000000
ob_g=0.000000
ob_b=0.000000
ob_a=0.010000
ib_size=0.500000
ib_r=0.000000
ib_g=0.000000
ib_b=0.000000
ib_a=0.010000
nMotionVectorsX=6.400000
nMotionVectorsY=4.800000
mv_dx=0.000000
mv_dy=0.000000
mv_l=0.000000
mv_r=1.000000
mv_g=1.000000
mv_b=1.000000
mv_a=0.000000
per_frame_1=//cx = bass_att*0.7-.5;
per_frame_2=//cy = treb_att*0.7;
per_frame_3=
per_frame_4=decay=1;
per_frame_5=tel=max(0,(tel+(bass*above(bass_att,1.6)))*.91);
per_frame_6=monitor=tel;
per_frame_7=
per_frame_8=wave_r=mid-.2;
per_frame_9=wave_g=bass-.2;
per_frame_10=wave_b=treb-.2;
per_frame_11=
per_frame_12=sx=1;
per_frame_13=sy=1;
per_frame_14=
per_frame_15=dx=1;
per_frame_16=dy=1;
per_frame_17=zoom=1.002-((bass_att-.9)*.01);
per_frame_18=zoomexp=1;
per_frame_19=warp=0;
per_frame_20=q1=bass_att*-0.001;
per_frame_21=
per_frame_22=
per_frame_23=//fade=above(0,tel);
per_frame_24=fade=tel*.01-((treb+mid)*.01);
per_frame_25=monitor=fade;
per_frame_26=ob_a=fade;
per_frame_27=ib_a=fade;
per_frame_28=ib_r=bass*.2;
per_frame_29=ib_g=treb*.2;
per_frame_30=ib_b=mid*.2;
per_frame_31=ob_r=bass*.2;
per_frame_32=ob_g=treb*.2;
per_frame_33=ob_b=mid*.2;
per_frame_34=
per_frame_35=
per_frame_36=
per_pixel_1=rot=x*y*0.005+q1;
