[preset00]
fRating=4.000000
fGammaAdj=2.000000
fDecay=0.935900
fVideoEchoZoom=0.140570
fVideoEchoAlpha=0.200000
nVideoEchoOrientation=3
nWaveMode=3
bAdditiveWaves=0
bWaveDots=0
bWaveThick=0
bModWaveAlphaByVolume=1
bMaximizeWaveColor=0
bTexWrap=1
bDarkenCenter=0
bRedBlueStereo=0
bBrighten=0
bDarken=0
bSolarize=1
bInvert=0
fWaveAlpha=3.999998
fWaveScale=2.654784
fWaveSmoothing=0.630000
fWaveParam=1.000000
fModWaveAlphaStart=0.710000
fModWaveAlphaEnd=1.300000
fWarpAnimSpeed=1.000000
fWarpScale=0.010000
fZoomExponent=1.000000
fShader=0.000000
zoom=1.001829
rot=0.000000
cx=0.500000
cy=0.500000
dx=0.000000
dy=0.000000
warp=0.010000
sx=1.008150
sy=1.000000
wave_r=1.000000
wave_g=0.650000
wave_b=0.650000
wave_x=0.500000
wave_y=0.500000
ob_size=0.005000
ob_r=0.000000
ob_g=0.000000
ob_b=0.000000
ob_a=1.000000
ib_size=0.000000
ib_r=1.000000
ib_g=0.250000
ib_b=0.250000
ib_a=1.000000
nMotionVectorsX=12.000000
nMotionVectorsY=9.000000
mv_dx=0.000000
mv_dy=0.000000
mv_l=0.900000
mv_r=1.000000
mv_g=1.000000
mv_b=1.000000
mv_a=0.000000
per_frame_1=
per_frame_2=ddoe1=(1-below(treb_att,1.4))*0.9;
per_frame_3=ddoe2=(1-below(bass_att,1.4))*0.7;
per_frame_4=//warp=ddoe1-(ddoe2*2);
per_frame_5=doen=below(bass_att,1.45);
per_frame_6=decay=doen+0.99;
per_frame_7=monitor=decay;
per_frame_8=q1=ddoe2;
per_frame_9=rot=rot+sin(time)*(ddoe1+0.1);
per_frame_10=
per_frame_11=wave_r = max(max(bass,bass_att)-1.2,0)+0.5;
per_frame_12=wave_g =max(max(treb,treb_att)-1.2,0)+0.5;
per_frame_13=wave_b =max(max(mid,mid_att)-1.2,0)+0.5;
per_frame_14=ob_r=wave_r;
per_frame_15=ob_g=wave_g;
per_frame_16=ob_b=wave_b;
per_frame_17=ob_size=(1-doen)*(treb*0.2);
per_pixel_1=zoom=zoom+(1-(ang*sin(time)*.9))*(q1);
