[preset00]
fRating=2.000000
fGammaAdj=2.540000
fDecay=0.998000
fVideoEchoZoom=2.000000
fVideoEchoAlpha=0.000000
nVideoEchoOrientation=0
nWaveMode=1
bAdditiveWaves=1
bWaveDots=0
bWaveThick=0
bModWaveAlphaByVolume=0
bMaximizeWaveColor=1
bTexWrap=0
bDarkenCenter=0
bRedBlueStereo=0
bBrighten=0
bDarken=1
bSolarize=0
bInvert=0
fWaveAlpha=0.003684
fWaveScale=1.254862
fWaveSmoothing=0.900000
fWaveParam=0.000000
fModWaveAlphaStart=0.750000
fModWaveAlphaEnd=1.400000
fWarpAnimSpeed=0.578400
fWarpScale=0.010000
fZoomExponent=0.763000
fShader=0.000000
zoom=0.721784
rot=0.000000
cx=0.500000
cy=0.500000
dx=0.000000
dy=0.000000
warp=0.010000
sx=1.386148
sy=1.254858
wave_r=0.500000
wave_g=0.500000
wave_b=0.500000
wave_x=0.500000
wave_y=0.500000
ob_size=0.185000
ob_r=1.000000
ob_g=0.030000
ob_b=0.000000
ob_a=0.500000
ib_size=0.120000
ib_r=0.000000
ib_g=0.000000
ib_b=0.000000
ib_a=1.000000
nMotionVectorsX=12.000000
nMotionVectorsY=9.000000
mv_dx=0.000000
mv_dy=0.000000
mv_l=0.900000
mv_r=1.000000
mv_g=1.000000
mv_b=1.000000
mv_a=0.000000
per_frame_1=cx = bass_att*0.4;
per_frame_2=cy = treb_att*0.4;
per_frame_3=ob_size=above(bass,1)*0.04;
