[preset00]
fRating=3.000000
fGammaAdj=2.000000
fDecay=0.900000
fVideoEchoZoom=1.000000
fVideoEchoAlpha=0.000000
nVideoEchoOrientation=0
nWaveMode=0
bAdditiveWaves=0
bWaveDots=0
bWaveThick=0
bModWaveAlphaByVolume=0
bMaximizeWaveColor=0
bTexWrap=1
bDarkenCenter=0
bRedBlueStereo=0
bBrighten=0
bDarken=0
bSolarize=0
bInvert=0
fWaveAlpha=0.005661
fWaveScale=0.605300
fWaveSmoothing=0.750000
fWaveParam=0.000000
fModWaveAlphaStart=0.750000
fModWaveAlphaEnd=0.950000
fWarpAnimSpeed=1.000000
fWarpScale=1.000000
fZoomExponent=1.000000
fShader=0.000000
zoom=2.006760
rot=-0.180000
cx=0.500000
cy=0.500000
dx=0.200000
dy=0.000000
warp=0.010000
sx=0.819542
sy=0.819543
wave_r=0.500000
wave_g=0.500000
wave_b=0.500000
wave_x=0.500000
wave_y=0.000000
ob_size=0.000000
ob_r=0.000000
ob_g=0.000000
ob_b=0.000000
ob_a=0.000000
ib_size=0.500000
ib_r=0.400000
ib_g=0.400000
ib_b=0.400000
ib_a=0.000000
nMotionVectorsX=24.799999
nMotionVectorsY=13.799999
mv_dx=0.000000
mv_dy=0.000000
mv_l=5.000000
mv_r=1.000000
mv_g=1.000000
mv_b=1.000000
mv_a=0.100000
per_frame_1=rot=rot*Sin(time*.13);
per_frame_2=mv_R=bass;
per_frame_3=mv_g=mid;
per_frame_4=mv_b=treb;
per_pixel_1=iv1=rad*sin(Ang);
per_pixel_2=zoom=zoom+.10*Sin(ang*(if(above(x,y),ang,rad)))*2*sin(ang*.20*time*.20);
per_pixel_3=zoom=zoom+.10;
per_pixel_4=zoom=if(Below(x,-iv1),-zoom,-zoom)-.20*sin(bass);d
per_pixel_5=x=if(Below(y,iv1),-dx,-dy)*sin(bass);
per_pixel_6=dx=if(below(y,.3),-dy,-dy)*sin(bass);
per_pixel_7=dy=if(above(x,.2),dx,dy)*sin(treb);
per_pixel_8=dy=if(above(x,iv1),dx,xy)*sin(treb);
