[preset00]
fRating=2.000000
fGammaAdj=1.000000
fDecay=0.999000
fVideoEchoZoom=1.001829
fVideoEchoAlpha=0.500000
nVideoEchoOrientation=1
nWaveMode=7
bAdditiveWaves=0
bWaveDots=0
bWaveThick=1
bModWaveAlphaByVolume=0
bMaximizeWaveColor=1
bTexWrap=0
bDarkenCenter=0
bRedBlueStereo=0
bBrighten=0
bDarken=1
bSolarize=1
bInvert=0
fWaveAlpha=100.000000
fWaveScale=0.772691
fWaveSmoothing=0.000000
fWaveParam=0.000000
fModWaveAlphaStart=0.710000
fModWaveAlphaEnd=1.300000
fWarpAnimSpeed=1.000000
fWarpScale=1.331000
fZoomExponent=1.000000
fShader=0.300000
zoom=1.000000
rot=0.000000
cx=0.500000
cy=0.500000
dx=0.000000
dy=0.000000
warp=0.010000
sx=1.000000
sy=1.000000
wave_r=0.950000
wave_g=0.250000
wave_b=0.000000
wave_x=0.100000
wave_y=0.000000
ob_size=0.005000
ob_r=0.010000
ob_g=0.000000
ob_b=0.000000
ob_a=0.700000
ib_size=0.260000
ib_r=0.250000
ib_g=0.250000
ib_b=0.250000
ib_a=0.000000
nMotionVectorsX=12.000000
nMotionVectorsY=9.000000
mv_dx=0.000000
mv_dy=0.000000
mv_l=0.900000
mv_r=1.000000
mv_g=1.000000
mv_b=1.000000
mv_a=0.000000
per_frame_1=dy = dy -0.0015;
per_frame_2=warp = 0;
per_frame_3=wave_r = 0.01*red_rand+ 0.08*sin(time*0.961);
per_frame_4=wave_b = 0.01*blue_rand - 0.07*sin(time*1.111);
per_frame_5=wave_g = 1-0.5*(wave_r+wave_b)+0.09*cos(time*1.37);
per_frame_6=Wave_mystery = sin(2*time);
per_frame_init_1=red_rand = rand(100);
per_frame_init_2=blue_rand = rand(100);
per_frame_init_3=decay = 0.94;
