[preset00]
fRating=5.000000
fGammaAdj=1.900000
fDecay=0.987000
fVideoEchoZoom=1.169360
fVideoEchoAlpha=0.300000
nVideoEchoOrientation=0
nWaveMode=0
bAdditiveWaves=0
bWaveDots=0
bWaveThick=1
bModWaveAlphaByVolume=0
bMaximizeWaveColor=1
bTexWrap=0
bDarkenCenter=1
bRedBlueStereo=0
bBrighten=0
bDarken=1
bSolarize=0
bInvert=0
fWaveAlpha=100.000000
fWaveScale=0.132909
fWaveSmoothing=0.000000
fWaveParam=-0.500000
fModWaveAlphaStart=0.750000
fModWaveAlphaEnd=0.950000
fWarpAnimSpeed=1.000000
fWarpScale=3.138000
fZoomExponent=1.000000
fShader=1.000000
zoom=1.063500
rot=0.020000
cx=0.500000
cy=0.500000
dx=0.000000
dy=0.000000
warp=0.010000
sx=0.999996
sy=0.999996
wave_r=0.610000
wave_g=0.320000
wave_b=0.100001
wave_x=0.500000
wave_y=0.500000
ob_size=0.000000
ob_r=0.370000
ob_g=0.460000
ob_b=0.350000
ob_a=0.000000
ib_size=0.000000
ib_r=0.100000
ib_g=0.000000
ib_b=0.300000
ib_a=1.000000
nMotionVectorsX=64.000000
nMotionVectorsY=1.248000
mv_dx=0.000000
mv_dy=0.000000
mv_l=0.000000
mv_r=1.000000
mv_g=0.000000
mv_b=0.000000
mv_a=0.000000
