[preset00]
fRating=5.000000
fGammaAdj=1.000000
fDecay=0.950000
fVideoEchoZoom=0.999599
fVideoEchoAlpha=0.000000
nVideoEchoOrientation=3
nWaveMode=3
bAdditiveWaves=1
bWaveDots=1
bModWaveAlphaByVolume=1
bMaximizeWaveColor=0
bTexWrap=0
bDarkenCenter=0
bMotionVectorsOn=0
bRedBlueStereo=0
nMotionVectorsX=12
nMotionVectorsY=9
bBrighten=0
bDarken=0
bSolarize=0
bInvert=0
fWaveAlpha=0.004914
fWaveScale=0.498301
fWaveSmoothing=0.630000
fWaveParam=0.000000
fModWaveAlphaStart=0.100000
fModWaveAlphaEnd=1.090000
fWarpAnimSpeed=0.999998
fWarpScale=0.010000
fZoomExponent=1.644623
fShader=0.000000
zoom=1.071626
rot=0.000000
cx=0.500000
cy=0.500000
dx=0.000000
dy=0.000000
warp=0.100590
sx=1.000000
sy=1.000000
wave_r=0.000000
wave_g=0.050000
wave_b=0.100000
wave_x=0.500000
wave_y=0.500000
ob_size=0.000000
ob_r=0.000000
ob_g=0.000000
ob_b=0.000000
ob_a=0.000000
ib_size=0.000000
ib_r=0.250000
ib_g=0.250000
ib_b=0.250000
ib_a=0.000000
per_frame_1=vol = min(((5*bass + 3*mid_att + 2*treb)/10+0.15),2.15);
per_frame_2=wave_r = wave_r + 0.05*sin(3.23*time)+ 0.05*sin(0.46*time);
per_frame_3=wave_g = wave_g + 0.2*sin(2.71*time)+ 0.05*sin(0.76*time);
per_frame_4=wave_b = wave_b + 0.15*sin(1.132*time)+ 0.05*sin(0.546*time);
per_frame_5=wave_g = if(below(wave_r+wave_g+wave_b,0.1),wave_g+0.5,wave_g);
per_frame_6=wave_x = wave_x + 0.03*vol*sin(0.727*time);
per_frame_7=wave_y = wave_y + 0.04*vol*sin(0.777*time);
per_frame_8=zoom = vol*0.3 + 0.06*sin(0.54*time) + 0.97;
per_frame_9=dx = dx + 0.0075*sin(1.23*time);
per_frame_10=dy = dy + 0.0075*sin(1.43*time);
per_frame_11=rot = rot + 0.05*sin(time);
per_pixel_1=zoom = zoom - rad*0.9;
