[preset00]
fRating=3.000000
fGammaAdj=1.910000
fDecay=0.980000
fVideoEchoZoom=2.000000
fVideoEchoAlpha=0.000000
nVideoEchoOrientation=0
nWaveMode=0
bAdditiveWaves=0
bWaveDots=0
bWaveThick=0
bModWaveAlphaByVolume=0
bMaximizeWaveColor=1
bTexWrap=0
bDarkenCenter=0
bRedBlueStereo=0
bBrighten=0
bDarken=0
bSolarize=0
bInvert=0
fWaveAlpha=5.930533
fWaveScale=0.010000
fWaveSmoothing=0.900000
fWaveParam=-0.410000
fModWaveAlphaStart=0.750000
fModWaveAlphaEnd=0.950000
fWarpAnimSpeed=1.000000
fWarpScale=2.853000
fZoomExponent=1.000000
fShader=0.000000
zoom=1.000000
rot=0.006000
cx=0.500000
cy=0.500000
dx=-0.005000
dy=0.000000
warp=0.000000
sx=1.000000
sy=1.000000
wave_r=0.450000
wave_g=0.650000
wave_b=0.450000
wave_x=0.500000
wave_y=0.500000
ob_size=0.010000
ob_r=0.000000
ob_g=0.000000
ob_b=0.000000
ob_a=0.000000
ib_size=0.010000
ib_r=0.250000
ib_g=0.250000
ib_b=0.250000
ib_a=1.000000
nMotionVectorsX=12.000000
nMotionVectorsY=9.000000
mv_dx=0.000000
mv_dy=0.000000
mv_l=0.900000
mv_r=1.000000
mv_g=1.000000
mv_b=1.000000
mv_a=0.000000
per_frame_1=ib_r = 0.5 + 0.5*sin(1.045*bass+bass_att);
per_frame_2=ib_b = 0.5 -  0.5*sin(0.956*treb+treb_att);
per_frame_3=ib_g = 0.5 + 0.5*cos(mid+mid_att);
per_frame_4=decay = decay - 0.01*equal(frame%40,0);
per_frame_5=sx = 1+ max(0,max(bass_att,bass)-1)*0.27;
per_frame_6=sy = 1+max(0,max(treb_att,treb)-1)*0.17;
per_frame_7=q1=max(0,bass-1)*0.05;
per_frame_8=ob_size = 0.95;
per_frame_9=wave_r = 1-ib_r;
per_frame_10=wave_b = 1-ib_b;
per_frame_11=wave_g = 1-ib_g;
per_frame_12=q2 = max((1.7-bass+bass_att)/2,0);
per_frame_13=dx=q1*1.7*sin(101*q2);
per_frame_14=dy=q1*1.6*cos(85*q2);
per_pixel_1=zoom=0.9615+rad/12+ q2/20;
