[preset00]
fGammaAdj=2.000000
fDecay=0.960000
fVideoEchoZoom=1.006596
fVideoEchoAlpha=0.000000
nVideoEchoOrientation=3
nWaveMode=6
bAdditiveWaves=1
bWaveDots=0
bModWaveAlphaByVolume=1
bMaximizeWaveColor=1
bTexWrap=1
bDarkenCenter=0
bMotionVectorsOn=0
bRedBlueStereo=0
nMotionVectorsX=12
nMotionVectorsY=9
bBrighten=0
bDarken=0
bSolarize=0
bInvert=0
fWaveAlpha=4.099998
fWaveScale=0.963400
fWaveSmoothing=0.450000
fWaveParam=1.000000
fModWaveAlphaStart=0.710000
fModWaveAlphaEnd=1.300000
fWarpAnimSpeed=1.000000
fWarpScale=1.331000
fZoomExponent=1.000000
fShader=0.000000
zoom=1.070549
rot=0.020000
cx=0.500000
cy=0.500000
dx=0.000000
dy=0.000000
warp=0.198054
sx=1.000000
sy=1.000000
wave_r=0.650000
wave_g=0.650000
wave_b=0.650000
wave_x=0.487000
wave_y=0.500000
per_frame_1=tt = time/2;
per_frame_2=wave_r = sin(5*tt/2)/2+0.5;
per_frame_3=wave_g = cos(tt/3)/2+0.5;
per_frame_4=wave_b = cos(3*tt/2)/2+0.5;
per_pixel_1=ff=frames/100;
per_pixel_2=sy = (8*rad/ang);
per_pixel_3=
per_pixel_4=
