[preset00]
fRating=2.000000
fGammaAdj=1.000000
fDecay=0.998000
fVideoEchoZoom=1.000000
fVideoEchoAlpha=0.500000
nVideoEchoOrientation=2
nWaveMode=7
bAdditiveWaves=0
bWaveDots=1
bWaveThick=1
bModWaveAlphaByVolume=0
bMaximizeWaveColor=1
bTexWrap=0
bDarkenCenter=0
bRedBlueStereo=0
bBrighten=1
bDarken=0
bSolarize=0
bInvert=0
fWaveAlpha=1.000000
fWaveScale=0.054200
fWaveSmoothing=0.750000
fWaveParam=0.000000
fModWaveAlphaStart=0.850000
fModWaveAlphaEnd=0.000000
fWarpAnimSpeed=1.000000
fWarpScale=1.000000
fZoomExponent=1.000000
fShader=0.000000
zoom=0.965683
rot=0.000000
cx=0.500000
cy=0.500000
dx=0.000000
dy=0.000000
warp=0.010000
sx=1.220100
sy=1.000000
wave_r=0.400000
wave_g=0.400000
wave_b=1.000000
wave_x=0.500000
wave_y=0.100000
ob_size=0.005000
ob_r=0.000000
ob_g=0.000000
ob_b=0.000000
ob_a=1.000000
ib_size=0.005000
ib_r=1.000000
ib_g=0.000000
ib_b=0.000000
ib_a=1.000000
nMotionVectorsX=64.000000
nMotionVectorsY=1.248000
mv_dx=0.000000
mv_dy=0.000000
mv_l=3.500000
mv_r=1.000000
mv_g=1.000000
mv_b=1.000000
mv_a=1.000000
per_frame_1=wave_r=wave_r*sin(Time*0.961);
per_frame_2=wave_B=wave_b*sin(Time*.131);
per_frame_3=wave_g=wave_G*sin(time*.312);
per_frame_4=ib_r = wave_r;
per_frame_5=ib_b = wave_b;
per_frame_6=ib_g = wave_g;
per_frame_7=mv_r = 1-ib_r;
per_frame_8=mv_g = 1-ib_g;
per_frame_9=mv_b = 1-ib_b;
per_frame_10=mv_x = 1.25;
per_frame_11=mv_y = 48;
per_frame_12=warp = 0;
per_frame_13=q1 = if(above(bass_att+bass,2.8),(bass_att+bass)*0.5,0.1);
per_pixel_1=rot = rot + if(equal(tan(ang*2),0),-rot,rad)*q1;
per_pixel_2=zoom=zoom+.10*sin(rad+.4*time+5);
