[preset00]
fRating=3.000000
fGammaAdj=1.000000
fDecay=0.930000
fVideoEchoZoom=1.006596
fVideoEchoAlpha=0.000000
nVideoEchoOrientation=3
nWaveMode=0
bAdditiveWaves=1
bWaveDots=1
bModWaveAlphaByVolume=0
bMaximizeWaveColor=0
bTexWrap=0
bDarkenCenter=1
bRedBlueStereo=0
bBrighten=0
bDarken=0
bSolarize=0
bInvert=0
fWaveAlpha=4.099998
fWaveScale=0.880270
fWaveSmoothing=0.630000
fWaveParam=-0.520000
fModWaveAlphaStart=0.710000
fModWaveAlphaEnd=1.300000
fWarpAnimSpeed=1.000000
fWarpScale=1.331000
fZoomExponent=1.000000
fShader=0.000000
zoom=0.999514
rot=0.000000
cx=0.500000
cy=0.500000
dx=0.000000
dy=0.000000
warp=0.010000
sx=1.000000
sy=1.000000
wave_r=0.000000
wave_g=0.550000
wave_b=0.600000
wave_x=0.500000
wave_y=0.500000
ob_size=0.001000
ob_r=0.200000
ob_g=0.400000
ob_b=0.300000
ob_a=1.000000
ib_size=0.005000
ib_r=0.850000
ib_g=0.350000
ib_b=0.250000
ib_a=1.000000
nMotionVectorsX=12.000000
nMotionVectorsY=9.000000
mv_l=0.900000
mv_r=1.000000
mv_g=1.000000
mv_b=1.000000
mv_a=0.000000
per_frame_1=wave_b=wave_b + 0.5*sin(1.76*time);
per_frame_2=wave_g= 0.3+0.3*sin(1.45*time);
per_frame_3=rot =0.03*(bass+bass_att);
per_frame_4=ob_b = ob_b +0.2*sin(time*0.62);
per_frame_5=ob_r = ob_r + 0.2*sin(time*0.73);
per_frame_6=ob_g = ob_g + 0.15*sin(time*0.87);
per_frame_7=ib_r = ib_r +0.15*sin(time*0.81);
per_frame_8=ib_b = ib_b +0.16*sin(time*0.678);
per_frame_9=ib_g = ib_g +0.18*sin(time*0.761);
per_pixel_1=zoom=zoom+.020*tan(ang+ang);
