[preset00]
fRating=5.000000
fGammaAdj=1.000000
fDecay=0.940000
fVideoEchoZoom=0.999514
fVideoEchoAlpha=0.000000
nVideoEchoOrientation=3
nWaveMode=2
bAdditiveWaves=1
bWaveDots=0
bWaveThick=0
bModWaveAlphaByVolume=1
bMaximizeWaveColor=0
bTexWrap=1
bDarkenCenter=0
bRedBlueStereo=0
bBrighten=0
bDarken=0
bSolarize=0
bInvert=0
fWaveAlpha=25.572554
fWaveScale=0.434309
fWaveSmoothing=0.540000
fWaveParam=-0.100000
fModWaveAlphaStart=0.389900
fModWaveAlphaEnd=0.660000
fWarpAnimSpeed=1.220146
fWarpScale=7.980380
fZoomExponent=5.995777
fShader=0.000000
zoom=30.299438
rot=0.000000
cx=0.530100
cy=0.500000
dx=1.000000
dy=0.000000
warp=6.165909
sx=1.028415
sy=1.104617
wave_r=0.000000
wave_g=1.000000
wave_b=1.000000
wave_x=0.490000
wave_y=0.510000
ob_size=0.005000
ob_r=0.200000
ob_g=1.000000
ob_b=0.800000
ob_a=0.200000
ib_size=0.000000
ib_r=0.000000
ib_g=1.000000
ib_b=1.000000
ib_a=0.000000
nMotionVectorsX=64.000000
nMotionVectorsY=45.120003
mv_dx=0.000000
mv_dy=0.000000
mv_l=4.500000
mv_r=1.000000
mv_g=0.000000
mv_b=0.520000
mv_a=0.110000
per_frame_1=zoom=zoom+0.05*sin(0.314*time) - 0.03*treb_att;
per_frame_2=mv_a=mv_a+0.012*sin(time*1.33);
per_frame_3=mv_r = mv_r -0.2*treb;
per_frame_4=mv_b = mv_b - 0.08*bass_att + 0.1*sin(time*0.315);
per_frame_5=mv_g = mv_g + 0.1*mid;
per_frame_6=wave_r=1-mv_r;
per_frame_7=wave_g=1-mv_g;
per_frame_8=wave_b=1-mv_b;
per_frame_9=rot=0.5+sin(time*0.956)*0.33+cos((time*0.834)*0.22);
per_frame_10=zoomexp = zoomexp + 10*min(1-bass,0.1);
per_frame_11=wave_a = if(above(bass,2),1,0);
per_frame_12=ob_a = if(above(treb,1.8),1,ob_a);
