[preset00]
fRating=3.500000
fGammaAdj=1.000000
fDecay=0.990000
fVideoEchoZoom=0.998020
fVideoEchoAlpha=0.500000
nVideoEchoOrientation=1
nWaveMode=5
bAdditiveWaves=1
bWaveDots=0
bWaveThick=1
bModWaveAlphaByVolume=0
bMaximizeWaveColor=0
bTexWrap=1
bDarkenCenter=1
bRedBlueStereo=0
bBrighten=1
bDarken=0
bSolarize=1
bInvert=0
fWaveAlpha=0.868023
fWaveScale=1.447719
fWaveSmoothing=0.900000
fWaveParam=0.000000
fModWaveAlphaStart=1.489999
fModWaveAlphaEnd=0.750000
fWarpAnimSpeed=1.000000
fWarpScale=1.331000
fZoomExponent=1.000000
fShader=0.000000
zoom=0.999500
rot=-0.000000
cx=0.500000
cy=0.500000
dx=0.000005
dy=0.000000
warp=0.010000
sx=1.000000
sy=1.000000
wave_r=0.760000
wave_g=0.480000
wave_b=0.390000
wave_x=0.050000
wave_y=0.950000
ob_size=0.000000
ob_r=0.300000
ob_g=0.400000
ob_b=0.200000
ob_a=0.000000
ib_size=0.000000
ib_r=0.500000
ib_g=0.300000
ib_b=0.600000
ib_a=0.000000
nMotionVectorsX=64.000000
nMotionVectorsY=43.200001
mv_dx=0.000000
mv_dy=0.000000
mv_l=0.000000
mv_r=0.759900
mv_g=0.480000
mv_b=0.390000
mv_a=0.000000
per_frame_1=wave_r = wave_r + 0.350*( 0.60*sin(0.825*time) + 0.40*sin(0.915*time) );
per_frame_2=wave_g = wave_g + 0.350*( 0.60*sin(0.900*time) + 0.40*sin(1.025*time) );
per_frame_3=wave_b = wave_b + 0.350*( 0.60*sin(0.810*time) + 0.40*sin(0.950*time) );
per_frame_4=time = time/100;
per_frame_5=dx = 0.005 + 0.002*( 0.60*sin(0.234*time) + 0.40*sin(0.277*time) );
per_frame_6=dy = 0.005 + 0.002*( 0.60*sin(0.234*time) + 0.40*sin(0.277*time) );
per_frame_7=zoom=zoom+sqrt(bass_att-1.25)*0.115;
per_frame_8=zoom = zoom + 0.05 * cos(ang-ang);
per_pixel_1=sx=sx+0.07*sin(rad*18 + time*9)+(0.45&(x*7-0.5))*0.2;
per_pixel_2=sy=sy+0.07*sin(rad*18 + time*9)+(0.45&(y*7-0.5))*0.2;
per_pixel_3=cx = (0.25&(x*10-0.5))*0.1+0.025-0.005-abs(x-1)*0.2;
per_pixel_4=cy = (0.25&(y*10-0.5))*0.1+0.025-0.005-abs(x-1)*0.2;
per_pixel_5=sx = sx -.005-abs(x-1)*.02+(0.25&(x*5-0.5))*0.2+0.2;
per_pixel_6=sy = sy -.005-abs(x-1)*.02+(0.25&(y*5-0.5))*0.2+0.2;
per_pixel_7=zoom = pow(rad,0.05)+.050;
