[preset00]
fRating=5.000000
fGammaAdj=2.000000
fDecay=0.954000
fVideoEchoZoom=1.006500
fVideoEchoAlpha=0.500000
nVideoEchoOrientation=1
nWaveMode=5
bAdditiveWaves=0
bWaveDots=0
bWaveThick=0
bModWaveAlphaByVolume=0
bMaximizeWaveColor=1
bTexWrap=1
bDarkenCenter=0
bRedBlueStereo=0
bBrighten=0
bDarken=0
bSolarize=0
bInvert=0
fWaveAlpha=0.799900
fWaveScale=3.109081
fWaveSmoothing=0.750000
fWaveParam=0.000000
fModWaveAlphaStart=0.750000
fModWaveAlphaEnd=0.950000
fWarpAnimSpeed=1.000000
fWarpScale=1.000000
fZoomExponent=1.000000
fShader=0.000000
zoom=1.020100
rot=0.000000
cx=0.470000
cy=0.500000
dx=0.000000
dy=0.000000
warp=1.000000
sx=1.000000
sy=1.000000
wave_r=0.500000
wave_g=0.500000
wave_b=0.500000
wave_x=0.500000
wave_y=0.500000
ob_size=0.010000
ob_r=0.000000
ob_g=0.000000
ob_b=0.000000
ob_a=0.000000
ib_size=0.010000
ib_r=0.250000
ib_g=0.250000
ib_b=0.250000
ib_a=0.000000
nMotionVectorsX=63.936001
nMotionVectorsY=47.952000
mv_dx=0.000000
mv_dy=0.000000
mv_l=0.900000
mv_r=1.000000
mv_g=0.400000
mv_b=0.400000
mv_a=1.000000
per_frame_1=warp=0;
per_frame_2=state=if(above(bass_att,mid),if(above(bass_att,treb_att),3,2),if(above(treb_att,mid),2,1));
per_frame_3=wave_r = wave_r + if(equal(state,3),.5*sin(bass),.5*sin(time*.777));
per_frame_4=wave_g = wave_g + if(equal(state,2),.5*sin(treb),.5*sin(time*.888));
per_frame_5=wave_b = wave_b + .5*sin(time);
per_frame_6=q1=state;
per_frame_7=bass_effect = max(max(bass,bass_att)-1.3,0);
per_frame_8=mv_l = 3*bass_effect;
per_frame_9=mv_r = 0.8+0.19*sin(time*0.678);
per_frame_10=mv_g = 0.2 + 0.199*cos(time*1.023);
per_pixel_1=floon=if(equal(q1,3),-.1,if(equal(q1,2),2,1));
per_pixel_2=flarn = sin(ang*10+1.5*time+abs(pow(1-rad,q1)*32%2));
per_pixel_3=zoom = zoom+.007*flarn*floon;
per_pixel_4=rot = rot+.07*flarn*floon;
