[preset00]
fRating=5.000000
fGammaAdj=2.000000
fDecay=0.985000
fVideoEchoZoom=0.950146
fVideoEchoAlpha=0.000000
nVideoEchoOrientation=0
nWaveMode=7
bAdditiveWaves=0
bWaveDots=0
bModWaveAlphaByVolume=0
bMaximizeWaveColor=1
bTexWrap=0
bDarkenCenter=1
bRedBlueStereo=0
bBrighten=0
bDarken=1
bSolarize=0
bInvert=0
fWaveAlpha=0.800000
fWaveScale=0.017776
fWaveSmoothing=0.750000
fWaveParam=0.000000
fModWaveAlphaStart=0.750000
fModWaveAlphaEnd=0.950000
fWarpAnimSpeed=1.000000
fWarpScale=0.224700
fZoomExponent=0.484500
fShader=0.000000
zoom=1.104600
rot=0.000000
cx=0.500000
cy=0.500000
dx=0.000000
dy=0.000000
warp=1.220190
sx=0.844300
sy=0.905200
wave_r=0.500000
wave_g=0.500000
wave_b=0.500000
wave_x=0.500000
wave_y=0.000000
ob_size=0.020000
ob_r=0.000000
ob_g=0.000000
ob_b=0.000000
ob_a=1.000000
ib_size=0.010000
ib_r=0.250000
ib_g=0.250000
ib_b=0.250000
ib_a=0.000000
nMotionVectorsX=12.000000
nMotionVectorsY=9.000000
mv_l=5.000000
mv_r=1.000000
mv_g=1.000000
mv_b=1.000000
mv_a=0.000000
per_frame_1=warp = 0;
per_frame_2=dx =dx -0.0005;
per_frame_3=dy = dy-0.0005;
per_frame_4=wave_r = wave_r + 0.4*sin(2.111*time);
per_frame_5=wave_g = wave_g + 0.4*sin(0.974*time);
per_frame_6=wave_b = wave_b + 0.4*sin(0.888*time);
per_frame_7=wave_y = wave_y + 0.28*bass;
per_pixel_1=bass_effect = max((max(bass,bass_att)-1.25),0);
per_pixel_2=treb_effect = max((max(treb,treb_att)-1.275),0);
per_pixel_3=sp = pow((4*bass_effect)*y%2,10);
per_pixel_4=sp2=pow((4*treb_att)*x%2,10);
per_pixel_5=dx = if(above(x,0.5),0.1*(dx - (sp - 0.5)),0.1*(dx + (sp - 0.5)));
per_pixel_6=dy = if(above(y,0.5),0.1*(dy - (sp2 - 0.5)),0.1*(dy + (sp2 - 0.5)));
