[preset00]
fRating=2.000000
fGammaAdj=1.000000
fDecay=0.978000
fVideoEchoZoom=0.999609
fVideoEchoAlpha=0.000000
nVideoEchoOrientation=0
nWaveMode=3
bAdditiveWaves=0
bWaveDots=0
bWaveThick=0
bModWaveAlphaByVolume=0
bMaximizeWaveColor=1
bTexWrap=0
bDarkenCenter=0
bRedBlueStereo=0
bBrighten=0
bDarken=0
bSolarize=0
bInvert=0
fWaveAlpha=0.800000
fWaveScale=0.905286
fWaveSmoothing=0.750000
fWaveParam=0.000000
fModWaveAlphaStart=0.750000
fModWaveAlphaEnd=0.950000
fWarpAnimSpeed=1.000000
fWarpScale=1.000000
fZoomExponent=1.000000
fShader=0.000000
zoom=1.000000
rot=0.000000
cx=0.500000
cy=0.500000
dx=-0.005000
dy=0.000000
warp=1.000000
sx=1.000000
sy=1.000000
wave_r=0.500000
wave_g=0.500000
wave_b=0.499900
wave_x=0.500000
wave_y=0.500000
ob_size=0.001500
ob_r=0.000000
ob_g=0.400000
ob_b=0.600000
ob_a=0.500000
ib_size=0.010000
ib_r=0.250000
ib_g=0.250000
ib_b=0.250000
ib_a=0.000000
nMotionVectorsX=1.000000
nMotionVectorsY=2.000000
mv_dx=0.000000
mv_dy=0.000000
mv_l=0.900000
mv_r=1.000000
mv_g=1.000000
mv_b=1.000000
mv_a=0.000000
per_frame_1=warp = 0;
per_frame_2=wave_r = 0.5 +sin(time*.444)/4+0.1*bass_att;
per_frame_3=wave_g = 0.6 + cos(time*.333)/4+0.1*treb_att;
per_frame_4=wave_b = 0.3+ sin(time*.222)/3+0.1*mid_att;
per_frame_5=ob_b = 0.5+0.5*sin(0.1*time);
per_frame_6=ob_r = 0.5+0.5*sin(time/3);
per_frame_7=q1 = 0.1*sin(bass+time*0.45);
per_frame_8=decay = 0.91 + abs(sin(time*0.634)*0.08);
per_frame_9=dx = 0.01*sin(time/11)+0.1*q1;
per_frame_10=dy = 0.01*cos(time/12)+q1/11;
per_frame_11=cx = 0.5+0.1*q1;
per_frame_12=cy = 0.5-q1/11;
per_pixel_1=sy = 1+0.1*sin(-rad+q1+time/8);
per_pixel_2=sx = 1+0.1*cos(ang+q1+time/9);
per_pixel_3=zoom = 0.98-0.1*(rad*sin(time+2*q1));
per_pixel_4=rot = .11*sin((rad*.2)+q1+time/5);
per_pixel_5=
