[preset00]
fRating=3.000000
fGammaAdj=1.980000
fDecay=0.999000
fVideoEchoZoom=1.006596
fVideoEchoAlpha=0.000000
nVideoEchoOrientation=3
nWaveMode=6
bAdditiveWaves=1
bWaveDots=1
bWaveThick=1
bModWaveAlphaByVolume=0
bMaximizeWaveColor=0
bTexWrap=0
bDarkenCenter=0
bRedBlueStereo=0
bBrighten=0
bDarken=0
bSolarize=1
bInvert=0
fWaveAlpha=4.099998
fWaveScale=0.766382
fWaveSmoothing=0.810000
fWaveParam=0.000000
fModWaveAlphaStart=0.710000
fModWaveAlphaEnd=1.300000
fWarpAnimSpeed=1.000000
fWarpScale=1.331000
fZoomExponent=1.000000
fShader=0.000000
zoom=0.999514
rot=0.000000
cx=0.500000
cy=0.500000
dx=0.000000
dy=0.000000
warp=0.010000
sx=1.000995
sy=1.000000
wave_r=0.050000
wave_g=0.100000
wave_b=0.100000
wave_x=0.920000
wave_y=0.500000
ob_size=0.005000
ob_r=0.010000
ob_g=0.000000
ob_b=0.000000
ob_a=1.000000
ib_size=0.260000
ib_r=0.250000
ib_g=0.250000
ib_b=0.250000
ib_a=0.000000
nMotionVectorsX=12.000000
nMotionVectorsY=9.000000
mv_dx=0.000000
mv_dy=0.000000
mv_l=5.000000
mv_r=1.000000
mv_g=1.000000
mv_b=1.000000
mv_a=1.000000
per_frame_1=mv_x =1;
per_frame_2=mv_y =1;
per_frame_3=xmv_dx = 6*sin(time);
per_frame_4=xmv_dy = 8*cos(time);
per_frame_5=wave_r = 0.7+0.3*sin(time);
per_frame_6=wave_y = wave_y + 0.1*sin(20*time);
per_frame_7=sx = 1.0006;
per_pixel_1=dy = 0.0003+0.006*(y+0.05*(bass+bass_att));
