[preset00]
fRating=3.000000
fGammaAdj=1.000000
fDecay=0.900000
fVideoEchoZoom=0.999608
fVideoEchoAlpha=0.000000
nVideoEchoOrientation=0
nWaveMode=0
bAdditiveWaves=0
bWaveDots=0
bModWaveAlphaByVolume=0
bMaximizeWaveColor=0
bTexWrap=0
bDarkenCenter=0
bRedBlueStereo=0
bBrighten=1
bDarken=0
bSolarize=0
bInvert=0
fWaveAlpha=0.800000
fWaveScale=0.010000
fWaveSmoothing=0.540000
fWaveParam=-0.320000
fModWaveAlphaStart=0.750000
fModWaveAlphaEnd=0.950000
fWarpAnimSpeed=1.000000
fWarpScale=1.000000
fZoomExponent=1.000000
fShader=0.000000
zoom=1.000000
rot=0.000000
cx=0.500000
cy=0.500000
dx=0.000000
dy=0.000000
warp=0.010000
sx=1.000000
sy=0.999998
wave_r=0.000000
wave_g=0.000000
wave_b=0.000000
wave_x=0.500000
wave_y=0.500000
ob_size=0.010000
ob_r=0.000000
ob_g=0.000000
ob_b=0.000000
ob_a=0.000000
ib_size=0.010000
ib_r=0.250000
ib_g=0.250000
ib_b=0.250000
ib_a=0.000000
nMotionVectorsX=12.000000
nMotionVectorsY=9.000000
mv_r=1.000000
mv_g=1.000000
mv_b=1.000000
mv_a=0.000000
per_frame_1=dx=dx-0.0005;
per_frame_2=dy=dy-0.0005;
per_frame_3=dx=dx-0.001*sin(time*0.324);
per_frame_4=dy=dy-0.001*sin(time*0.321);
per_frame_5=wave_r=bass*2;
per_frame_6=wave_g=mid*4;
per_frame_7=wave_b=treb*0.6;
per_frame_8=wave_mystery=if(above(bass,1.1),-0.3+0.01*bass,-0.31);
per_frame_9=dx = dx + dx_residual;
per_frame_10=dy = dy + dy_residual;
per_frame_11=bass_thresh = (above(bass_att,bass_thresh)*2 + (1-above(bass_att,bass_thresh))*((bass_thresh-1.3)*0.96+1.3));
per_frame_12=dx_residual = equal(bass_thresh,2)*0.0096*sin(time*17) + 0.6*(1-equal(bass_thresh,2))*dx_residual;
per_frame_13=dy_residual = equal(bass_thresh,2)*0.0072*sin(time*19) + 0.6*(1-equal(bass_thresh,2))*dy_residual;
per_pixel_1=zoom=if(above(rad,0.15),1+rad*0.2,1-rad*0.2);
per_pixel_2=zoom = zoom + 0.01*rad;
