[preset00]
fGammaAdj=3.000000
fDecay=0.960000
fVideoEchoZoom=2.000000
fVideoEchoAlpha=0.000000
nVideoEchoOrientation=0
nWaveMode=4
bAdditiveWaves=0
bWaveDots=0
bModWaveAlphaByVolume=0
bMaximizeWaveColor=0
bTexWrap=1
bDarkenCenter=0
bMotionVectorsOn=0
bRedBlueStereo=0
nMotionVectorsX=12
nMotionVectorsY=9
bBrighten=0
bDarken=0
bSolarize=0
bInvert=0
fWaveAlpha=1.200000
fWaveScale=3.541000
fWaveSmoothing=0.900000
fWaveParam=0.000000
fModWaveAlphaStart=0.750000
fModWaveAlphaEnd=0.950000
fWarpAnimSpeed=1.000000
fWarpScale=3.138000
fZoomExponent=3.200000
fShader=0.000000
zoom=1.042000
rot=0.000000
cx=0.500000
cy=0.500000
dx=0.000000
dy=0.000000
warp=1.210000
sx=1.000000
sy=1.000000
wave_r=0.550000
wave_g=0.550000
wave_b=0.550000
wave_x=0.500000
wave_y=0.500000
per_frame_1=wave_r = wave_r + 0.350*( 0.60*sin(0.737*time) + 0.40*sin(0.970*time) );
per_frame_2=wave_g = wave_g + 0.350*( 0.60*sin(0.844*time) + 0.40*sin(0.941*time) );
per_frame_3=wave_b = wave_b + 0.350*( 0.60*sin(0.851*time) + 0.40*sin(1.055*time) );
per_frame_4=rot = rot + 0.040*( 0.60*sin(0.381*time) + 0.40*sin(0.579*time) );
per_frame_5=cx = cx + 0.110*( 0.60*sin(0.374*time) + 0.40*sin(0.294*time) );
per_frame_6=cy = cy + 0.110*( 0.60*sin(0.393*time) + 0.40*sin(0.223*time) );
per_frame_7=dy = dy + 0.002*( 0.60*sin(0.284*time) + 0.40*sin(0.247*time) );
fRating=3.000000
