[preset00] 
fRating=0.000000 
fGammaAdj=2.000000 
fDecay=0.980000 
fVideoEchoZoom=2.000000 
fVideoEchoAlpha=1.000000 
nVideoEchoOrientation=0 
nWaveMode=1 
bAdditiveWaves=0 
bWaveDots=0 
bModWaveAlphaByVolume=0 
bMaximizeWaveColor=1 
bTexWrap=1 
bDarkenCenter=0 
bMotionVectorsOn=1 
bRedBlueStereo=0 
nMotionVectorsX=12 
nMotionVectorsY=9 
bBrighten=0 
bDarken=0 
bSolarize=0 
bInvert=0 
fWaveAlpha=0.800000 
fWaveScale=1.000000 
fWaveSmoothing=0.750000 
fWaveParam=0.000000 
fModWaveAlphaStart=0.750000 
fModWaveAlphaEnd=0.950000 
fWarpAnimSpeed=1.000000 
fWarpScale=1.000000 
fZoomExponent=1.000000 
fShader=0.000000 
zoom=2.000000 
rot=0.000000 
cx=0.500000 
cy=0.500000 
dx=0.000000 
dy=0.000000 
warp=1.000000 
sx=1.000000 
sy=1.000000 
wave_r=0.200000 
wave_g=0.000000 
wave_b=1.000000 
wave_x=0.500000 
wave_y=0.500000 
ob_size=0.500000 
ob_r=1.000000 
ob_g=1.000000 
ob_b=0.000000 
ob_a=1.000000 
ib_size=0.500000 
ib_r=0.000000 
ib_g=1.000000 
ib_b=0.000000 
ib_a=1.000000 
per_frame_1=dx = dx - .001; 
per_frame_2=dy = dy - .001; 
per_frame_3=ib_size = if(below(progress,.5),ib_size - (progress),0); 
per_frame_4=ob_size = if(above(progress,.5),ob_size - (progress-.5),.5); 
per_frame_5=ib_r = ib_r + progress*2; 
per_frame_6=ib_g = ib_g - progress*2; 
per_frame_7=ob_r = ob_size*2; 
per_frame_8=ob_g = ob_g - ob_size*2;
