[preset00]
fRating=4.000000
fGammaAdj=1.994001
fDecay=0.985000
fVideoEchoZoom=1.000224
fVideoEchoAlpha=0.000000
nVideoEchoOrientation=0
nWaveMode=4
bAdditiveWaves=0
bWaveDots=0
bWaveThick=0
bModWaveAlphaByVolume=0
bMaximizeWaveColor=0
bTexWrap=0
bDarkenCenter=0
bRedBlueStereo=0
bBrighten=1
bDarken=1
bSolarize=0
bInvert=0
fWaveAlpha=1.003100
fWaveScale=1.004800
fWaveSmoothing=0.000000
fWaveParam=-1.000000
fModWaveAlphaStart=1.010000
fModWaveAlphaEnd=1.010000
fWarpAnimSpeed=0.550444
fWarpScale=0.409240
fZoomExponent=1.001800
fShader=1.000000
zoom=0.985100
rot=0.020000
cx=0.500000
cy=0.500000
dx=0.000000
dy=0.000000
warp=1.001829
sx=1.000000
sy=1.000000
wave_r=1.000000
wave_g=0.500000
wave_b=0.000000
wave_x=0.500000
wave_y=0.500000
ob_size=0.005000
ob_r=0.000000
ob_g=0.000000
ob_b=0.000000
ob_a=1.000000
ib_size=0.000000
ib_r=0.250000
ib_g=0.250000
ib_b=0.250000
ib_a=0.000000
nMotionVectorsX=1.000000
nMotionVectorsY=0.000000
mv_dx=0.000000
mv_dy=0.000000
mv_l=0.900000
mv_r=1.000000
mv_g=1.000000
mv_b=1.000000
mv_a=1.000000
per_frame_1=wave_r=wave_r-abs(sin(time*0.7)*0.2);
per_frame_2=wave_b=abs(sin(time*1.33)*0.15);
per_frame_3=wave_g=abs(sin(time*1.21)*0.1)+wave_g;
per_frame_4=wave_g=if(above(bass,1.4),1,wave_g);
per_frame_5=wave_r=if(above(bass,1.4),0,wave_r);
per_frame_6=wave_b=if(above(bass,1.4),1,wave_b);
per_frame_7=zoom=1+sin(time)*0.1+(bass*sin(time)*0.1);
per_frame_8=rot=sin(time*1.03)*0.06+(treb*sin(time)*0.06);
per_pixel_1=my1=bass_att*0.01;
per_pixel_2=dy=if(above(x,0.1),-0.02-my1,0.02+my1);
per_pixel_3=dy=if(above(x,0.2),0.02+my1,dy);
per_pixel_4=dy=if(above(x,0.3),-0.02-my1,dy);
per_pixel_5=dy=if(above(x,0.4),0.02+my1,dy);
per_pixel_6=dy=if(above(x,0.5),-0.02-my1,dy);
per_pixel_7=dy=if(above(x,0.6),0.02+my1,dy);
per_pixel_8=dy=if(above(x,0.7),-0.02-my1,dy);
per_pixel_9=dy=if(above(x,0.8),0.02+my1,dy);
per_pixel_10=dy=if(above(x,0.9),-0.02-my1,dy);
per_pixel_11=dy=if(above(bass,1.4),-dy,dy)
