[preset00]
fRating=1.000000
fGammaAdj=1.000000
fDecay=1.000000
fVideoEchoZoom=1.000000
fVideoEchoAlpha=0.000000
nVideoEchoOrientation=3
nWaveMode=3
bAdditiveWaves=0
bWaveDots=1
bWaveThick=0
bModWaveAlphaByVolume=0
bMaximizeWaveColor=0
bTexWrap=1
bDarkenCenter=0
bRedBlueStereo=0
bBrighten=0
bDarken=0
bSolarize=0
bInvert=0
fWaveAlpha=1.028415
fWaveScale=0.430333
fWaveSmoothing=0.630000
fWaveParam=1.000000
fModWaveAlphaStart=2.000000
fModWaveAlphaEnd=2.000000
fWarpAnimSpeed=1.000000
fWarpScale=1.000000
fZoomExponent=1.000000
fShader=0.000000
zoom=1.000000
rot=0.000000
cx=0.500000
cy=0.500000
dx=0.000000
dy=0.000000
warp=0.001000
sx=1.000000
sy=1.000000
wave_r=0.650000
wave_g=0.650000
wave_b=0.650000
wave_x=0.500000
wave_y=0.500000
ob_size=0.005000
ob_r=0.000000
ob_g=0.000000
ob_b=0.000000
ob_a=0.000000
ib_size=0.260000
ib_r=0.250000
ib_g=0.250000
ib_b=0.250000
ib_a=0.000000
nMotionVectorsX=33.152000
nMotionVectorsY=28.799997
mv_dx=0.006000
mv_dy=0.000000
mv_l=2.500000
mv_r=1.000000
mv_g=1.000000
mv_b=0.000000
mv_a=0.000000
per_frame_1=wave_x = 2;
per_frame_2=dir = int(time)%4;
per_frame_3=pos=if(equal(dir,olddir),pos, int(rand(10)));
per_frame_4=olddir = dir;
per_frame_5=q1 = dir;
per_frame_6=q2 = pos;
per_frame_7=q3 = sin(2*3.14159*(time-int(time)));
per_frame_8=monitor = q1;
per_pixel_1=dx = if(equal(q1%2,1)*equal(int(y*10),q2),.005*(q1-2),0);
per_pixel_2=dy = if(equal(q1%2,0)*equal(int(x*10),q2),.005*(q1-1),0);
per_pixel_3=
per_pixel_4=dx = if(equal(int(y*10),q2),.005*(q1-2)*q3,0);
per_pixel_5=dy = if(equal(int(x*10),q2),.005*(q1-1)*q3,0);
