[preset00]
fRating=3.000000
fGammaAdj=2.000000
fDecay=0.957000
fVideoEchoZoom=29.656548
fVideoEchoAlpha=0.000000
nVideoEchoOrientation=2
nWaveMode=6
bAdditiveWaves=1
bWaveDots=0
bModWaveAlphaByVolume=0
bMaximizeWaveColor=0
bTexWrap=0
bDarkenCenter=0
bRedBlueStereo=0
bBrighten=1
bDarken=0
bSolarize=0
bInvert=1
fWaveAlpha=3.221673
fWaveScale=8.081386
fWaveSmoothing=0.900000
fWaveParam=1.000000
fModWaveAlphaStart=0.750000
fModWaveAlphaEnd=0.950000
fWarpAnimSpeed=1.000000
fWarpScale=1.000000
fZoomExponent=0.010000
fShader=0.700000
zoom=0.010000
rot=0.040000
cx=0.500000
cy=0.500000
dx=0.000000
dy=0.000000
warp=1.000000
sx=0.999900
sy=1.000000
wave_r=0.500000
wave_g=0.500000
wave_b=0.500000
wave_x=0.500000
wave_y=0.500000
ob_size=0.500000
ob_r=0.000000
ob_g=0.000000
ob_b=0.000000
ob_a=0.100000
ib_size=0.010000
ib_r=0.250000
ib_g=0.250000
ib_b=0.250000
ib_a=0.000000
nMotionVectorsX=12.000000
nMotionVectorsY=9.000000
mv_l=0.900000
mv_r=0.700000
mv_g=0.000000
mv_b=1.000000
mv_a=0.700000
per_frame_1=warp = 1*sin(treb);
per_frame_2=dx = dx - .003*sin(time*.812);
per_frame_3=dy = dy - .003*sin(time*.713)+rand(2)*.003;
per_frame_4=wave_r = wave_r + .25*sin(time*.222)+.04*sin(time*1.123);
per_frame_5=wave_g = wave_g + .25*sin(time*.333)+.04*sin(time*1.234);
per_frame_6=wave_b = wave_b + .25*sin(time*.444)+.04*sin(time*1.345);
per_frame_7=mv_r=mv_r*sin(time*.30);
per_frame_8=mv_b=mv_b*sin(time*.30);
per_frame_9=mv_g=mv_g*sin(time*.30);
per_pixel_1=rot=rot*tan(rad*2-1)*1.06-ang*1.08;
per_pixel_2=rot=if(equal(x*10%2,0),rot+.04*sin(time*1.619),rot-.04*atan(x))*sin(time*.488);
per_pixel_3=zoom=zoom+cos(rad*2-1)*.316-cos(rad)*.341;
per_pixel_4=zoom=if(equal(if(above(bass,.8),x,y)*25%2,0),zoom+.17*sin(time*2.11),zoom+.2*cos(x*2-1))*if(above(treb,1),.75,1);
