[preset00]
fRating=3.000000
fGammaAdj=2.000000
fDecay=0.925000
fVideoEchoZoom=1.006596
fVideoEchoAlpha=0.500000
nVideoEchoOrientation=2
nWaveMode=1
bAdditiveWaves=1
bWaveDots=0
bWaveThick=0
bModWaveAlphaByVolume=1
bMaximizeWaveColor=0
bTexWrap=1
bDarkenCenter=0
bRedBlueStereo=0
bBrighten=0
bDarken=0
bSolarize=0
bInvert=0
fWaveAlpha=4.099998
fWaveScale=4.368721
fWaveSmoothing=0.000000
fWaveParam=-0.500000
fModWaveAlphaStart=0.710000
fModWaveAlphaEnd=1.300000
fWarpAnimSpeed=1.000000
fWarpScale=1.331000
fZoomExponent=1.000000
fShader=0.000000
zoom=0.999514
rot=0.000000
cx=0.500000
cy=0.500000
dx=0.000000
dy=0.000000
warp=0.010000
sx=1.000000
sy=1.000000
wave_r=0.650000
wave_g=0.650000
wave_b=0.650000
wave_x=0.489000
wave_y=0.500000
ob_size=0.500000
ob_r=0.010000
ob_g=0.000000
ob_b=0.000000
ob_a=0.000000
ib_size=0.260000
ib_r=0.250000
ib_g=0.250000
ib_b=0.250000
ib_a=0.000000
nMotionVectorsX=12.000000
nMotionVectorsY=9.000000
mv_dx=0.000000
mv_dy=0.000000
mv_l=0.900000
mv_r=1.000000
mv_g=1.000000
mv_b=1.000000
mv_a=0.000000
per_frame_1=colour = sin(time*1.2)/2 + 0.5;
per_frame_2=wave_g = 1-colour;
per_frame_3=wave_b =0.9 + sin(time/3)/10;
per_frame_4=wave_r = colour;
per_frame_5=q2=.25+.1*sin(time*.777);
per_frame_6=q1=.75+.1*sin(time*.888);
per_pixel_1=sy= if(below(y,q1),if(above(y,q2),pow(log(abs(ang)*time),3)/4,q1+.25),q2+.75);
per_pixel_2=zoom = 1 + sin(rad)/10*cos((y-.5+rad)*10*sin(time));
per_pixel_3=rot=if(bnot(below(y,q1)*above(y,q2)),0,sin(time/2)*.1);
