[preset00]
fRating=4.000000
fGammaAdj=2.000000
fDecay=0.973000
fVideoEchoZoom=1.047463
fVideoEchoAlpha=0.6000000
nVideoEchoOrientation=0
nWaveMode=3
bAdditiveWaves=1
bWaveDots=1
bWaveThick=0
bModWaveAlphaByVolume=0
bMaximizeWaveColor=0
bTexWrap=1
bDarkenCenter=1
bRedBlueStereo=0
bBrighten=0
bDarken=0
bSolarize=1
bInvert=0
fWaveAlpha=0.1777000
fWaveScale=0
fWaveSmoothing=0.00000
fWaveParam=-0.300000
fModWaveAlphaStart=0.750000
fModWaveAlphaEnd=0.950000
fWarpAnimSpeed=1.000000
fWarpScale=2.853000
fZoomExponent=0.999835
fShader=0.000000
zoom=0.9909682
rot=0.000000
cx=0.500000
cy=0.500000
dx=0.000000
dy=0.000000
warp=0.000000
sx=1.000000
sy=1.000000
wave_r=0.600000
wave_g=0.600000
wave_b=0.600000
wave_x=0.500000
wave_y=0.500000
ob_size=0.000000
ob_r=0.000000
ob_g=0.000000
ob_b=0.000000
ob_a=1.000000
ib_size=0.0100000
ib_r=0.50000
ib_g=0.50000
ib_b=0.50000
ib_a=1.00000
nMotionVectorsX=64.000000
nMotionVectorsY=48.000000
mv_dx=0.000000
mv_dy=0.000000
mv_l=0.0000000
mv_r=0.350000
mv_g=0.350000
mv_b=0.350000
mv_a=1.000000
shapecode_0_enabled=1
shapecode_0_sides=3
shapecode_0_additive=1
shapecode_0_thickOutline=1
shapecode_0_textured=1
shapecode_0_x=0.500000
shapecode_0_y=0.500000
shapecode_0_rad=0.247309
shapecode_0_ang=0.000000
shapecode_0_tex_ang=4.398230
shapecode_0_tex_zoom=1.372419
shapecode_0_r=0.000000
shapecode_0_g=1.000000
shapecode_0_b=1.000000
shapecode_0_a=1.000000
shapecode_0_r2=0.000000
shapecode_0_g2=0.000000
shapecode_0_b2=1.000000
shapecode_0_a2=1.000000
shapecode_0_border_r=1.000000
shapecode_0_border_g=0.000000
shapecode_0_border_b=0.000000
shapecode_0_border_a=1.000000
shape_0_per_frame1=x=0.5+0.2*cos(time*100);
shape_0_per_frame2=y=0.5+0.2*sin(time*100);
shapecode_1_enabled=1
shapecode_1_sides=40
shapecode_1_additive=0
shapecode_1_thickOutline=0
shapecode_1_textured=0
shapecode_1_x=0.500000
shapecode_1_y=0.500000
shapecode_1_rad=0.125
shapecode_1_ang=0.068000000
shapecode_1_tex_ang=0.2S9230
shapecode_1_tex_zoom=1.372000
shapecode_1_r=0.000000
shapecode_1_g=1.000000
shapecode_1_b=1.000000
shapecode_1_a=1.000000
shapecode_1_r2=0.000000
shapecode_1_g2=0.000000
shapecode_1_b2=1.000000
shapecode_1_a2=1.000000
shapecode_1_border_r=0.000000
shapecode_1_border_g=0.000000
shapecode_1_border_b=0.000000
shapecode_1_border_a=1.000000
shape_1_per_frame1=r2=above(sin(time*6),0.5)-b2/4;
shape_1_per_frame2=g2=below(sin(time*6),0.5)-r2/4;
shape_1_per_frame3=b2=above(sin(time*6),0.67)-g2/4;
per_pixel_1=ff = 0.5+sqr(sqrt(x+rad)+sqrt(y+rad));
per_pixel_2=zoom = 0.85+ff*above(sin(rad*time*4)-0.2,rad)*sqrt(sin(ang*rad)/(cos(time)+1)-cos(ang*(1-rad))/(sin(time)+1));
per_pixel_3=rot = if(above(ff,1),0.1*sin(time*0.75),rot)
