[preset00]
fRating=2.000000
fGammaAdj=1.840000
fDecay=0.900000
fVideoEchoZoom=2.215847
fVideoEchoAlpha=0.000000
nVideoEchoOrientation=0
nWaveMode=6
bAdditiveWaves=1
bWaveDots=0
bWaveThick=0
bModWaveAlphaByVolume=0
bMaximizeWaveColor=0
bTexWrap=0
bDarkenCenter=0
bRedBlueStereo=0
bBrighten=0
bDarken=0
bSolarize=0
bInvert=0
fWaveAlpha=4.099998
fWaveScale=0.101603
fWaveSmoothing=0.540000
fWaveParam=-1.000000
fModWaveAlphaStart=0.710000
fModWaveAlphaEnd=1.300000
fWarpAnimSpeed=1.000000
fWarpScale=1.331000
fZoomExponent=1.000000
fShader=0.000000
zoom=0.999514
rot=0.000000
cx=0.500000
cy=0.500000
dx=0.000000
dy=0.000000
warp=0.010000
sx=1.000000
sy=1.000000
wave_r=0.650000
wave_g=0.650000
wave_b=0.650000
wave_x=1.000000
wave_y=0.500000
ob_size=0.500000
ob_r=0.010000
ob_g=0.000000
ob_b=0.000000
ob_a=0.000000
ib_size=0.260000
ib_r=0.250000
ib_g=0.250000
ib_b=0.250000
ib_a=0.000000
nMotionVectorsX=12.000000
nMotionVectorsY=9.000000
mv_dx=0.000000
mv_dy=0.000000
mv_l=0.900000
mv_r=1.000000
mv_g=1.000000
mv_b=1.000000
mv_a=0.000000
per_frame_1=wave_r = 0&(bass*1.5)-1;
per_frame_2=wave_g = 0;
per_frame_3=wave_b = below(0&bass*1.5,2);
per_frame_4=monitor = 0&bass;
per_pixel_1=dx = if(above(x,0.5),sin(0.5-x)/15, log10(1/x)/45);
per_pixel_2=rot = if(above(rad,0.4),cos(ang*bass*8*x)/25+sin(pow(ang,5))/25,cos(1-ang)/25+2*sin(-ang)/25);
