[preset00]
fRating=3.000000
fGammaAdj=2.000000
fDecay=0.993000
fVideoEchoZoom=2.000000
fVideoEchoAlpha=0.000000
nVideoEchoOrientation=0
nWaveMode=6
bAdditiveWaves=0
bWaveDots=0
bModWaveAlphaByVolume=0
bMaximizeWaveColor=1
bTexWrap=0
bDarkenCenter=0
bMotionVectorsOn=0
bRedBlueStereo=0
nMotionVectorsX=12
nMotionVectorsY=9
bBrighten=0
bDarken=1
bSolarize=0
bInvert=0
fWaveAlpha=1.453351
fWaveScale=0.923479
fWaveSmoothing=0.090000
fWaveParam=0.000000
fModWaveAlphaStart=1.600000
fModWaveAlphaEnd=0.750000
fWarpAnimSpeed=1.000000
fWarpScale=1.000000
fZoomExponent=1.000000
fShader=0.000000
zoom=1.000000
rot=0.000000
cx=0.500000
cy=0.500000
dx=0.000000
dy=0.000000
warp=1.000000
sx=1.000000
sy=1.000000
wave_r=0.500000
wave_g=0.500000
wave_b=0.500000
wave_x=0.500000
wave_y=0.500000
ob_size=0.010000
ob_r=0.000000
ob_g=0.000000
ob_b=0.000000
ob_a=0.000000
ib_size=0.010000
ib_r=0.250000
ib_g=0.250000
ib_b=0.250000
ib_a=0.000000
per_frame_1=warp = 0;
per_frame_2=wave_r = wave_r + .4*sin(time*.333);
per_frame_3=wave_g = wave_g + .4*sin(time*.444);
per_frame_4=wave_b = wave_b + .4*sin(time*1.522);
per_frame_5=zoom = 0.994 - sin((time))/300;
per_frame_6=dx = -.0001;
per_frame_7=dy = -.0001;
per_frame_8=wave_mystey = -time/9;
per_pixel_1=zoom = 0.01+if(below(rad,sin(time*1.456)/25+0.18),1.2+sin(time*1.44)/5,zoom + (.07+.03*sin(time*.55))*sin(ang*10+time*8));
per_pixel_2=zoomexp = zoom/2;
per_pixel_3=rot = .1*sin(((if(above(sin(time/11),0),-rad,rad))*5)+time*.05);
