[preset00]
fRating=1.000000
fGammaAdj=2.000000
fDecay=1.000000
fVideoEchoZoom=2.000000
fVideoEchoAlpha=0.000000
nVideoEchoOrientation=0
nWaveMode=4
bAdditiveWaves=0
bWaveDots=0
bWaveThick=0
bModWaveAlphaByVolume=0
bMaximizeWaveColor=0
bTexWrap=0
bDarkenCenter=0
bRedBlueStereo=0
bBrighten=0
bDarken=0
bSolarize=0
bInvert=0
fWaveAlpha=0.842832
fWaveScale=0.010000
fWaveSmoothing=0.000000
fWaveParam=1.000000
fModWaveAlphaStart=0.750000
fModWaveAlphaEnd=0.950000
fWarpAnimSpeed=1.000000
fWarpScale=2.853000
fZoomExponent=1.000000
fShader=0.000000
zoom=1.003960
rot=0.000000
cx=0.500000
cy=0.500000
dx=0.005000
dy=0.000000
warp=0.000000
sx=1.000000
sy=1.000000
wave_r=0.500000
wave_g=0.500000
wave_b=0.500000
wave_x=0.500000
wave_y=0.010000
ob_size=0.010000
ob_r=0.000000
ob_g=0.000000
ob_b=0.000000
ob_a=0.000000
ib_size=0.010000
ib_r=0.250000
ib_g=0.250000
ib_b=0.250000
ib_a=0.000000
nMotionVectorsX=12.000000
nMotionVectorsY=9.000000
mv_dx=0.000000
mv_dy=0.000000
mv_l=0.900000
mv_r=1.000000
mv_g=1.000000
mv_b=1.000000
mv_a=0.000000
per_frame_1=warp = 0;
per_frame_2=decay = if(below(bass,1),.5,1);
per_frame_3=wave_r =abs(decay-1);
per_frame_4=wave_b = treb_att*.3;
per_frame_5=wave_g = wave_g + .3*sin(time*.55);
per_frame_6=mv_x = 20.25;
per_frame_7=mv_y = 1.25;
per_frame_8=mv_a = mid_att;
per_frame_9=mv_l = abs(decay-1)*1000;
per_frame_10=mv_r = wave_r;
per_frame_11=mv_g = .2+.2*sin(time*22);
per_frame_12=mv_b = 0;
per_frame_13=zoom = 1;
per_frame_14=dx = 0;
per_pixel_1=ycenter = if(above(bass,1.5),.1*int(rand(10)),ycenter);
per_pixel_2=leftbreak = ycenter - .05;
per_pixel_3=rightbreak = ycenter + .05;
per_pixel_4=dy = if(above(x,leftbreak),if(below(x,rightbreak),-.02,0),0);
