[preset00]
fRating=3.000000
fGammaAdj=2.050000
fDecay=0.980000
fVideoEchoZoom=0.333500
fVideoEchoAlpha=0.000000
nVideoEchoOrientation=0
nWaveMode=0
bAdditiveWaves=0
bWaveDots=0
bWaveThick=0
bModWaveAlphaByVolume=0
bMaximizeWaveColor=1
bTexWrap=1
bDarkenCenter=0
bRedBlueStereo=0
bBrighten=1
bDarken=0
bSolarize=0
bInvert=0
fWaveAlpha=0.649135
fWaveScale=0.010000
fWaveSmoothing=0.900000
fWaveParam=0.920000
fModWaveAlphaStart=0.750000
fModWaveAlphaEnd=0.950000
fWarpAnimSpeed=1.000000
fWarpScale=1.000000
fZoomExponent=1.000000
fShader=0.000000
zoom=1.000000
rot=0.000000
cx=0.500000
cy=0.500000
dx=0.000000
dy=0.000000
warp=1.000000
sx=1.000000
sy=1.000000
wave_r=0.500000
wave_g=0.500000
wave_b=0.500000
wave_x=0.500000
wave_y=0.500000
ob_size=0.005000
ob_r=0.000000
ob_g=0.000000
ob_b=0.000000
ob_a=1.000000
ib_size=0.010000
ib_r=0.250000
ib_g=0.250000
ib_b=0.250000
ib_a=0.000000
nMotionVectorsX=0.000000
nMotionVectorsY=0.000000
mv_dx=0.320000
mv_dy=0.360000
mv_l=5.000000
mv_r=0.000000
mv_g=1.000000
mv_b=0.000000
mv_a=1.000000
per_frame_1=warp = 0;
per_frame_2=wave_mystery = wave_Mystery - bass_att*.7;
per_frame_3=ob_r = 0&bass*.3;
per_frame_4=mv_x = 2;
per_frame_5=mv_y = 2;
per_frame_6=mv_dx = .33;
per_frame_7=mv_dy = .24;
per_frame_8=mv_r = .4+.3*sin(time*.666);
per_frame_9=mv_g = .4+.3*sin(time*.888);
per_frame_10=mv_b = .4+.3*sin(time);
per_frame_11=mv_a = bass+treb+mid*.5;
per_frame_12=mv_l = bass*2;
per_pixel_1=zoom = -ang*.1*bass_att*.5;
per_pixel_2=zoom = zoom +1;
per_pixel_3=zoom = if(above(zoom,1),-zoom,zoom);
