[preset00]
fRating=2.000000
fGammaAdj=2.000000
fDecay=0.980000
fVideoEchoZoom=2.000000
fVideoEchoAlpha=0.000000
nVideoEchoOrientation=0
nWaveMode=6
bAdditiveWaves=0
bWaveDots=0
bWaveThick=0
bModWaveAlphaByVolume=0
bMaximizeWaveColor=1
bTexWrap=0
bDarkenCenter=1
bRedBlueStereo=0
bBrighten=0
bDarken=0
bSolarize=0
bInvert=0
fWaveAlpha=0.800000
fWaveScale=1.488862
fWaveSmoothing=0.750000
fWaveParam=-0.280000
fModWaveAlphaStart=0.750000
fModWaveAlphaEnd=0.950000
fWarpAnimSpeed=1.000000
fWarpScale=1.000000
fZoomExponent=1.000000
fShader=0.000000
zoom=1.000000
rot=0.000000
cx=0.500000
cy=0.500000
dx=0.000000
dy=0.000000
warp=1.000000
sx=1.000000
sy=1.000000
wave_r=0.500000
wave_g=0.500000
wave_b=0.500000
wave_x=0.500000
wave_y=0.500000
ob_size=0.010000
ob_r=0.000000
ob_g=0.000000
ob_b=0.000000
ob_a=1.000000
ib_size=0.010000
ib_r=0.250000
ib_g=0.250000
ib_b=0.250000
ib_a=0.000000
nMotionVectorsX=12.000000
nMotionVectorsY=9.000000
mv_dx=0.000000
mv_dy=0.000000
mv_l=0.900000
mv_r=1.000000
mv_g=1.000000
mv_b=1.000000
mv_a=0.000000
per_frame_1=warp = 0;
per_frame_2=check1 = if(above(bass,1.7),int(rand(10)),check1);
per_frame_3=check2 = if(above(treb,1.7),int(rand(10)),check2);
per_frame_4=check3 = if(above(mid,1.7),int(rand(10)),check3);
per_frame_5=q1 = check1;
per_frame_6=q2 = check2;
per_frame_7=q3 = check3;
per_frame_8=wave_r = check1*.1;
per_frame_9=wave_g = check2*.1;
per_frame_10=wave_b = check3*.1;
per_frame_11=wave_mystery = check3*.1;
per_pixel_1=dx = (asin(y)*q1*.05)-q1*.025;
per_pixel_2=rot = (q2*.05)*(rad*(q3));
per_frame_init_1=check1 = 0;
per_frame_init_2=check2 = 0;
per_frame_init_3=check3 = 0;
