[preset00]
fRating=5.000000
fGammaAdj=2.000000
fDecay=0.995000
fVideoEchoZoom=0.996630
fVideoEchoAlpha=0.500000
nVideoEchoOrientation=3
nWaveMode=3
bAdditiveWaves=0
bWaveDots=0
bModWaveAlphaByVolume=0
bMaximizeWaveColor=1
bTexWrap=1
bDarkenCenter=0
bRedBlueStereo=0
bBrighten=0
bDarken=0
bSolarize=0
bInvert=0
fWaveAlpha=0.800000
fWaveScale=2.905224
fWaveSmoothing=0.000000
fWaveParam=-0.280000
fModWaveAlphaStart=0.750000
fModWaveAlphaEnd=0.950000
fWarpAnimSpeed=1.000000
fWarpScale=1.000000
fZoomExponent=1.000000
fShader=0.000000
zoom=1.000000
rot=0.000000
cx=0.500000
cy=0.500000
dx=0.000000
dy=0.000000
warp=1.000000
sx=1.000000
sy=1.000000
wave_r=0.500000
wave_g=0.500000
wave_b=0.500000
wave_x=0.500000
wave_y=0.500000
ob_size=0.010000
ob_r=0.000000
ob_g=0.000000
ob_b=0.000000
ob_a=0.000000
ib_size=0.010000
ib_r=0.250000
ib_g=0.250000
ib_b=0.250000
ib_a=0.000000
nMotionVectorsX=12.000000
nMotionVectorsY=9.000000
mv_l=0.900000
mv_r=1.000000
mv_g=1.000000
mv_b=1.000000
mv_a=0.000000
per_frame_1=warp = 0;
per_frame_2=wave_r = bass_att*.3;
per_frame_3=wave_g = treb_att*.3;
per_frame_4=wave_b = mid_att*.3;
per_frame_5=wave_y = (sin(treb*0.678) + sin(mid*0.987));
per_frame_6=zoom = zoom - (bass_att*.09);
per_pixel_1=centerx = 1 + 0.2*(sin(time*0.678) + sin(time*0.987));
per_pixel_2=centery = 1 + 0.2*(sin(time*0.876) + sin(time*0.789));
per_pixel_3=newrad = sqrt(pow(centerx-x,1) + pow(centery-y,1));
per_pixel_4=newang = atan((centerx-x)/(centery-y));
per_pixel_5=dy = newrad*sin(newang*(mid_att*15))*.05;
