[preset00]
fGammaAdj=2.000000
fDecay=0.980000
fVideoEchoZoom=2.000000
fVideoEchoAlpha=0.000000
nVideoEchoOrientation=0
nWaveMode=2
bAdditiveWaves=0
bWaveDots=1
bModWaveAlphaByVolume=0
bMaximizeWaveColor=1
bTexWrap=1
bDarkenCenter=1
bMotionVectorsOn=0
bRedBlueStereo=0
nMotionVectorsX=12
nMotionVectorsY=9
bBrighten=0
bDarken=0
bSolarize=0
bInvert=0
fWaveAlpha=1.773371
fWaveScale=0.827740
fWaveSmoothing=0.900000
fWaveParam=1.000000
fModWaveAlphaStart=0.750000
fModWaveAlphaEnd=0.950000
fWarpAnimSpeed=1.000000
fWarpScale=1.000000
fZoomExponent=1.000000
fShader=1.000000
zoom=1.000000
rot=0.000000
cx=0.500000
cy=0.500000
dx=0.000000
dy=0.000000
warp=1.000000
sx=1.000000
sy=1.000000
wave_r=0.500000
wave_g=0.500000
wave_b=0.500000
wave_x=0.500000
wave_y=0.500000
per_frame_1=warp = 0;
per_frame_2=sx = 1 + bass*.1;
per_frame_3=sy = 1 + treb*.1;
per_frame_4=zoomexp =  bass*.001;
per_frame_5=wave_r = wave_r + .2*sin(time*2);
per_frame_6=wave_g = wave_g + .2*sin(time*2.33);
per_frame_7=wave_b = wave_b + .2*sin(time*1.77);
per_pixel_1=zoom = 1 + rad*.05;
fRating=5.000000
