[preset00]
fRating=3.000000
fGammaAdj=1.700000
fDecay=0.999000
fVideoEchoZoom=2.217954
fVideoEchoAlpha=0.900000
nVideoEchoOrientation=2
nWaveMode=2
bAdditiveWaves=1
bWaveDots=1
bWaveThick=0
bModWaveAlphaByVolume=1
bMaximizeWaveColor=0
bTexWrap=1
bDarkenCenter=0
bRedBlueStereo=0
bBrighten=0
bDarken=0
bSolarize=1
bInvert=1
fWaveAlpha=1.003100
fWaveScale=1.004865
fWaveSmoothing=0.000000
fWaveParam=-0.060000
fModWaveAlphaStart=0.500000
fModWaveAlphaEnd=0.510000
fWarpAnimSpeed=0.999994
fWarpScale=0.010000
fZoomExponent=8.311049
fShader=1.000000
zoom=1.035451
rot=0.000000
cx=0.500000
cy=0.500000
dx=0.000000
dy=0.000000
warp=0.010000
sx=1.030301
sy=0.980296
wave_r=1.000000
wave_g=0.100000
wave_b=0.650000
wave_x=0.440000
wave_y=0.500000
ob_size=0.010000
ob_r=0.000000
ob_g=0.000000
ob_b=0.000000
ob_a=0.000000
ib_size=0.010000
ib_r=0.250000
ib_g=0.250000
ib_b=0.250000
ib_a=0.000000
nMotionVectorsX=0.000000
nMotionVectorsY=0.000000
mv_dx=0.000000
mv_dy=0.000000
mv_l=0.900000
mv_r=1.000000
mv_g=1.000000
mv_b=1.000000
mv_a=0.000000
