[preset00]
fRating=4.000000
fGammaAdj=1.000000
fDecay=1.000000
fVideoEchoZoom=0.334862
fVideoEchoAlpha=0.000000
nVideoEchoOrientation=2
nWaveMode=2
bAdditiveWaves=1
bWaveDots=0
bWaveThick=1
bModWaveAlphaByVolume=1
bMaximizeWaveColor=1
bTexWrap=1
bDarkenCenter=1
bRedBlueStereo=0
bBrighten=0
bDarken=1
bSolarize=0
bInvert=0
fWaveAlpha=1.000416
fWaveScale=0.010780
fWaveSmoothing=0.000000
fWaveParam=-0.360000
fModWaveAlphaStart=1.000000
fModWaveAlphaEnd=1.000000
fWarpAnimSpeed=1.000000
fWarpScale=1.000000
fZoomExponent=1.000158
fShader=0.000000
zoom=1.060223
rot=-0.960000
cx=0.500000
cy=0.500000
dx=0.000000
dy=0.015000
warp=0.000000
sx=1.000000
sy=1.000000
wave_r=0.500000
wave_g=0.500000
wave_b=0.500000
wave_x=0.500000
wave_y=0.500000
ob_size=0.000000
ob_r=0.000000
ob_g=0.000000
ob_b=0.000000
ob_a=1.000000
ib_size=0.000000
ib_r=0.250000
ib_g=0.250000
ib_b=0.250000
ib_a=1.000000
nMotionVectorsX=2.280000
nMotionVectorsY=2.400007
mv_dx=0.000000
mv_dy=0.080000
mv_l=2.500000
mv_r=0.000000
mv_g=1.000000
mv_b=0.000000
mv_a=0.000000
per_frame_1=wave_r=sqr(sin(mid/2))*.8+sin(time*.9)*.2;
per_frame_2=wave_g=sqr(sin(treb/2))*.8+sin(time*1.2)*.2;
per_frame_3=wave_b=sqr(sin(bass/2))*.8+sin(time*1.07)*.2;
per_frame_4=echo_alpha=below(time%15,3);
per_frame_5=echo_zoom=if(below(time%30,15),3,.333);
per_pixel_1=zoom=sqr(sin(ang*4+time*2))
per_pixel_2=*(bass_att*.1+rad+.3)+1;
