[preset00] 
fRating=3.000000 
fGammaAdj=3.400000 
fDecay=0.964000 
fVideoEchoZoom=0.998167 
fVideoEchoAlpha=0.500000 
nVideoEchoOrientation=2 
nWaveMode=5 
bAdditiveWaves=0 
bWaveDots=0 
bModWaveAlphaByVolume=0 
bMaximizeWaveColor=0 
bTexWrap=0 
bDarkenCenter=0 
bMotionVectorsOn=0 
bRedBlueStereo=0 
nMotionVectorsX=12 
nMotionVectorsY=9 
bBrighten=0 
bDarken=1 
bSolarize=0 
bInvert=0 
fWaveAlpha=0.606924 
fWaveScale=1.531170 
fWaveSmoothing=0.000000 
fWaveParam=-0.720000 
fModWaveAlphaStart=0.710000 
fModWaveAlphaEnd=1.300000 
fWarpAnimSpeed=1.000000 
fWarpScale=1.331000 
fZoomExponent=6.055748 
fShader=1.000000 
zoom=1.001829 
rot=0.000000 
cx=0.500000 
cy=0.500000 
dx=0.000000 
dy=0.000000 
warp=0.198054 
sx=1.001829 
sy=0.999997 
wave_r=0.500000 
wave_g=0.500000 
wave_b=0.500000 
wave_x=0.500000 
wave_y=0.500000 
per_frame_1=ff = frame/100; 
per_frame_2=wave_r = sin(ff/bass); 
per_frame_3=wave_g = cos(ff/mid); 
per_frame_4=wave_b = cos(ff/treb); 
per_pixel_1=rot=pow(ang,2); 
per_pixel_2=zoom=(pow(rad,8))+(mid_att);
