[preset00]
fGammaAdj=1.700000
fDecay=1.000000
fVideoEchoZoom=1.000000
fVideoEchoAlpha=0.500000
nVideoEchoOrientation=1
nWaveMode=7
bAdditiveWaves=0
bWaveDots=0
bWaveThick=0
bModWaveAlphaByVolume=0
bMaximizeWaveColor=0
bTexWrap=0
bDarkenCenter=0
bRedBlueStereo=0
bBrighten=0
bDarken=0
bSolarize=0
bInvert=0
fWaveAlpha=100.000000
fWaveScale=0.010000
fWaveSmoothing=0.900000
fWaveParam=0.000000
fModWaveAlphaStart=0.500000
fModWaveAlphaEnd=1.000000
fWarpAnimSpeed=1.000000
fWarpScale=1.000000
fZoomExponent=1.000000
fShader=0.000000
zoom=1.000000
rot=0.000000
cx=0.500000
cy=0.500000
dx=0.000010
dy=0.000010
warp=0.010000
sx=1.000000
sy=1.000000
wave_r=0.500000
wave_g=0.500000
wave_b=0.500000
wave_x=0.500000
wave_y=0.500000
ob_size=0.000000
ob_r=1.000000
ob_g=0.800000
ob_b=0.000000
ob_a=0.200000
ib_size=0.000000
ib_r=0.000000
ib_g=0.000000
ib_b=0.000000
ib_a=0.000000
nMotionVectorsX=0.000000
nMotionVectorsY=0.000000
mv_dx=0.000000
mv_dy=0.000000
mv_l=1.000000
mv_r=1.000000
mv_g=1.000000
mv_b=1.000000
mv_a=0.000000
per_frame_1=wave_r = wave_r + 0.25*sin(1.2*time) + 0.12*sin(1.93*time);
per_frame_2=wave_b = wave_b + 0.256*sin(1.6*time) + 0.2*sin(1.33*time);
per_frame_3=wave_g = wave_g + 0.19*sin(2*time) + 3.1*sin(1.78*time);
per_pixel_1=//thresh = above(bass_att,thresh)*2+(1-above(bass_att,thresh))*((thresh-1.3)*0.96+1.3);
per_pixel_2=//dx_r = equal(thresh,2)*0.015*sin(5*time)+(1-equal(thresh,2))*dx_r;
per_pixel_3=//dy_r = equal(thresh,2)*0.015*sin(6*time)+(1-equal(thresh,2))*dy_r;
per_pixel_4=volt = (bass+treb+mid)*0.3333;
per_pixel_5=rots = 0.1*(0.6-rad)*1.1 * volt;
per_pixel_6=zoom = zoom + if (above(3*volt,88*cos(2*bass)), - sin(0.7*volt* rots*1.1), + 0.0);
per_pixel_7=rot = rot + if (above(3*volt,8*cos(3*bass)), - sin(0.7*volt*rots*1.1), + 0.0) * sin(1.3*time);
