[preset00]
fRating=2.000000
fGammaAdj=1.000000
fDecay=0.950000
fVideoEchoZoom=1.000000
fVideoEchoAlpha=0.000000
nVideoEchoOrientation=1
nWaveMode=5
bAdditiveWaves=0
bWaveDots=1
bWaveThick=0
bModWaveAlphaByVolume=1
bMaximizeWaveColor=0
bTexWrap=0
bDarkenCenter=0
bRedBlueStereo=1
bBrighten=0
bDarken=0
bSolarize=0
bInvert=0
fWaveAlpha=100.000000
fWaveScale=0.500221
fWaveSmoothing=0.500000
fWaveParam=-0.510000
fModWaveAlphaStart=0.500000
fModWaveAlphaEnd=1.000000
fWarpAnimSpeed=1.000000
fWarpScale=1.000000
fZoomExponent=1.000000
fShader=0.000000
zoom=1.000000
rot=0.000000
cx=0.500000
cy=0.500000
dx=0.000010
dy=0.000010
warp=0.010000
sx=1.000000
sy=1.000000
wave_r=0.000000
wave_g=0.000000
wave_b=0.000000
wave_x=0.500000
wave_y=0.500000
ob_size=0.100000
ob_r=0.600000
ob_g=0.600000
ob_b=0.600000
ob_a=1.000000
ib_size=0.100000
ib_r=1.000000
ib_g=1.000000
ib_b=0.550000
ib_a=1.000000
nMotionVectorsX=0.000000
nMotionVectorsY=0.000000
mv_dx=0.000000
mv_dy=0.000000
mv_l=1.000000
mv_r=1.000000
mv_g=1.000000
mv_b=1.000000
mv_a=0.000000
per_frame_1=wave_x = wave_x + 0.2*sin(0.7426*time);
per_frame_2=wave_y = wave_y + 0.2*cos(0.6824*time);
per_frame_3=q1 = 2*sin(5*bass_att) - 2*cos(5*treb_att);
per_frame_4=warp = warp + if(above(q1,-2), if(below(q1,-1), +2, 0), 0);
per_frame_5=rot = rot + if(above(q1,-1), if(below(q1,0), +0.02, 0), 0);
per_frame_6=zoom = zoom + if(above(q1,0), if(below(q1,1), -0.05, 0), 0);
per_frame_7=wave_r = wave_r - 0.1*(q1)*mid_att;
per_frame_8=wave_b = wave_b + 0.1*(q1)*treb_att;
per_frame_9=wave_g = wave_g * 0.1*(q1)*bass_att;
per_frame_10=dx = dx + if(above(q1,1), if(below(q1,2), +0.03*sin(bass_att) - 0.04*sin(treb_att), 0), 0);
per_frame_11=dy = dy + if(above(q1,1), if(below(q1,2), +0.03*sin(mid_att) - 0.04*cos(mid_att), 0), 0);
