[preset00]
fRating=2.000000
fGammaAdj=2.400000
fDecay=0.990500
fVideoEchoZoom=1.020100
fVideoEchoAlpha=0.900000
nVideoEchoOrientation=3
nWaveMode=5
bAdditiveWaves=0
bWaveDots=1
bModWaveAlphaByVolume=0
bMaximizeWaveColor=0
bTexWrap=0
bDarkenCenter=0
bRedBlueStereo=0
bBrighten=0
bDarken=0
bSolarize=0
bInvert=0
fWaveAlpha=100.000000
fWaveScale=0.999836
fWaveSmoothing=0.900000
fWaveParam=-0.300000
fModWaveAlphaStart=0.500000
fModWaveAlphaEnd=1.000000
fWarpAnimSpeed=1.000000
fWarpScale=1.000000
fZoomExponent=0.666219
fShader=0.800000
zoom=1.000000
rot=0.000000
cx=0.500000
cy=0.500000
dx=0.000010
dy=0.000010
warp=0.010000
sx=1.000000
sy=1.000000
wave_r=0.000000
wave_g=0.700000
wave_b=1.000000
wave_x=0.500000
wave_y=0.500000
ob_size=0.095000
ob_r=1.000000
ob_g=0.700000
ob_b=0.010000
ob_a=0.200000
ib_size=0.400000
ib_r=0.550000
ib_g=0.650000
ib_b=0.250000
ib_a=0.040000
nMotionVectorsX=55.680000
nMotionVectorsY=47.999996
mv_l=5.000000
mv_r=0.000000
mv_g=0.000000
mv_b=1.000000
mv_a=0.000000
per_frame_1=wave_x = wave_x +if(above(wave_y,0.75),0.25*sin(time), 0.13*sin(time));
per_frame_2=wave_y = wave_y + 0.32*sin(time);
per_frame_3=wave_r = wave_r +if(above(wave_x,0.8), -0.1*sin(2*time),+0.2*sin(2*time));
per_frame_4=wave_g = wave_g +if(above(wave_x,0.6), -0.6*sin(2*time), +0.2*sin(2*time));
per_frame_5=wave_b = wave_b +if(above(wave_x,0.4), -0.6*sin(2*time), +0.2*sin(2*time));
per_frame_6=ib_b = ib_b + 0.2*sin(time);
per_frame_7=ib_g =ib_g + 0.3*sin(1.2*time);
per_frame_8=ib_r = ib_r + 0.4*sin(bass);
per_frame_9=zoom = zoom - 0.01*bass;
per_pixel_1=rot = rot + if (above(y,0.40), if(below(y,0.60), if(above(x,0.40), if(below(x,0.60),+0.1, +0.05),+0.05), +0.05), +0.05);
per_pixel_2=zoom = zoom - 0.01*(1-rad)*3*-bass;
