[preset00]
fRating=2.000000
fGammaAdj=1.000000
fDecay=0.990000
fVideoEchoZoom=2.006761
fVideoEchoAlpha=0.000000
nVideoEchoOrientation=2
nWaveMode=1
bAdditiveWaves=0
bWaveDots=0
bWaveThick=0
bModWaveAlphaByVolume=0
bMaximizeWaveColor=0
bTexWrap=1
bDarkenCenter=0
bRedBlueStereo=0
bBrighten=0
bDarken=0
bSolarize=1
bInvert=0
fWaveAlpha=100.000000
fWaveScale=0.800075
fWaveSmoothing=0.000000
fWaveParam=-0.400000
fModWaveAlphaStart=0.500000
fModWaveAlphaEnd=1.000000
fWarpAnimSpeed=1.000000
fWarpScale=100.000000
fZoomExponent=0.022801
fShader=0.000000
zoom=1.000000
rot=0.000000
cx=0.500000
cy=0.500000
dx=0.000010
dy=0.000010
warp=0.010000
sx=1.000000
sy=1.000000
wave_r=0.000000
wave_g=0.000000
wave_b=0.000000
wave_x=0.500000
wave_y=0.500000
ob_size=0.000000
ob_r=0.000000
ob_g=0.000000
ob_b=0.000000
ob_a=1.000000
ib_size=0.250000
ib_r=0.250000
ib_g=0.250000
ib_b=0.250000
ib_a=0.000000
nMotionVectorsX=0.000000
nMotionVectorsY=0.000000
mv_dx=0.000000
mv_dy=0.000000
mv_l=1.000000
mv_r=1.000000
mv_g=1.000000
mv_b=1.000000
mv_a=0.000000
per_frame_1=wave_b = wave_b + 0.7*sin(bass);
per_frame_2=wave_r = wave_r - 0.8*sin(treb);
per_frame_3=wave_g = wave_g +0.8*sin(mid);
per_frame_4=zoom = zoom + 0.008;
per_frame_5=ob_size = ob_size + 0.00*sin(8900*time);
per_frame_6=zoomexp = zoomexp + if (above(bass,1), 0.025, 0.099);
per_frame_7=rot = rot + if (above(bass,1), +0.01, -0.01);
per_frame_8=warp = warp + if(above(treb,1), +0.5, -0.5);
per_frame_9=dy = dy + if(above(mid,1.5), +0.01, -0.0025);
