[preset00]
fRating=3.000000
fGammaAdj=1.000000
fDecay=1.000000
fVideoEchoZoom=1.000000
fVideoEchoAlpha=0.000000
nVideoEchoOrientation=1
nWaveMode=5
bAdditiveWaves=0
bWaveDots=1
bWaveThick=0
bModWaveAlphaByVolume=0
bMaximizeWaveColor=1
bTexWrap=1
bDarkenCenter=0
bRedBlueStereo=0
bBrighten=0
bDarken=0
bSolarize=0
bInvert=0
fWaveAlpha=100.000000
fWaveScale=2.155456
fWaveSmoothing=0.500000
fWaveParam=0.000000
fModWaveAlphaStart=0.500000
fModWaveAlphaEnd=1.000000
fWarpAnimSpeed=0.010000
fWarpScale=100.000000
fZoomExponent=0.800204
fShader=0.000000
zoom=1.000000
rot=0.000000
cx=0.500000
cy=0.500000
dx=0.000010
dy=0.000010
warp=0.010000
sx=1.000000
sy=1.000000
wave_r=0.000000
wave_g=0.000000
wave_b=0.000000
wave_x=0.500000
wave_y=0.500000
ob_size=0.005000
ob_r=0.000000
ob_g=0.000000
ob_b=0.000000
ob_a=1.000000
ib_size=0.250000
ib_r=0.250000
ib_g=0.250000
ib_b=0.250000
ib_a=0.000000
nMotionVectorsX=0.000000
nMotionVectorsY=0.000000
mv_dx=0.000000
mv_dy=0.000000
mv_l=1.000000
mv_r=1.000000
mv_g=1.000000
mv_b=1.000000
mv_a=0.000000
per_frame_1=bass_effect = max(0,max(bass_att,bass)-1);
per_frame_2=treb_effect = max(0,max(treb_att,treb) -1);
per_frame_3=wave_mystery = -0.5 + bass_effect - 0.5 - treb_effect/8;
per_frame_4=wave_b = wave_b + 0.33*cos(1.2*bass) +0.33*sin(1.1*treb) + 0.33*cos(mid);
per_frame_5=wave_g = wave_g + 0.33*sin(1.1*bass) + 0.33*cos(treb) + 0.33*cos(1.2*mid);
per_frame_6=wave_r = wave_r + 2.33*bass + 2.33*treb + 2.33*mid;
per_frame_7=rot = time/bass/20000;
per_frame_8=wave_x = wave_x + 0.01*bass/sin(time);
per_frame_9=wave_y = wave_y + 0.01*treb/cos(time);
per_frame_10=zoom = zoom - 0.01;
per_frame_11=zoom = zoom - 0.05*(bass+treb+mid)/3;
per_frame_12=warp = warp + if(above(bass,2), +2, 0);
