[preset00]
fRating=2.000000
fGammaAdj=1.000000
fDecay=0.900000
fVideoEchoZoom=1.000000
fVideoEchoAlpha=0.500000
nVideoEchoOrientation=1
nWaveMode=2
bAdditiveWaves=0
bWaveDots=1
bWaveThick=0
bModWaveAlphaByVolume=0
bMaximizeWaveColor=0
bTexWrap=0
bDarkenCenter=0
bRedBlueStereo=0
bBrighten=0
bDarken=0
bSolarize=0
bInvert=1
fWaveAlpha=100.000000
fWaveScale=0.535240
fWaveSmoothing=0.500000
fWaveParam=0.000000
fModWaveAlphaStart=0.500000
fModWaveAlphaEnd=1.000000
fWarpAnimSpeed=1.000000
fWarpScale=1.000000
fZoomExponent=1.000000
fShader=0.000000
zoom=1.000000
rot=0.000000
cx=0.500000
cy=0.500000
dx=0.000010
dy=0.000010
warp=0.010000
sx=1.000000
sy=1.000000
wave_r=1.000000
wave_g=1.000000
wave_b=1.000000
wave_x=0.500000
wave_y=0.500000
ob_size=0.005000
ob_r=0.000000
ob_g=0.000000
ob_b=0.300000
ob_a=0.020000
ib_size=0.000000
ib_r=0.250000
ib_g=0.250000
ib_b=0.250000
ib_a=0.000000
nMotionVectorsX=0.000000
nMotionVectorsY=0.000000
mv_dx=0.000000
mv_dy=0.000000
mv_l=1.000000
mv_r=1.000000
mv_g=1.000000
mv_b=1.000000
mv_a=0.000000
per_frame_1=vox = (bass+treb+mid)/3;
per_frame_2=decay = if(below(vox,1.25), 1, 0.95);
per_frame_3=wave_mystery = wave_mystery + 1*sin(10*bass)*0.3;
per_frame_4=wave_b = - 1+rand(5);
per_frame_5=wave_r =  - 1+rand(5);
per_frame_6=wave_g = - 1+rand(5);
per_frame_7=rot = rot + 0.1;
per_frame_8=zoom = zoom + 0.01;
per_frame_9=dx = dx +if (above(sin(time),0),0.05*sin(time), 0);
per_pixel_1=dy = dy + if (equal(rad,0.5 + 0.5*sin(time)),+0.01*sin(bass), -0.01*sin(bass));
per_pixel_2=dx = dx + if (equal(rad,0.5+ 0.5*cos(time)),+0.01*sin(bass), -0.01*sin(bass));
