[preset00]
fRating=4.000000
fGammaAdj=1.000000
fDecay=0.950000
fVideoEchoZoom=0.999996
fVideoEchoAlpha=0.000000
nVideoEchoOrientation=3
nWaveMode=5
bAdditiveWaves=0
bWaveDots=0
bWaveThick=0
bModWaveAlphaByVolume=0
bMaximizeWaveColor=0
bTexWrap=0
bDarkenCenter=0
bRedBlueStereo=0
bBrighten=0
bDarken=0
bSolarize=0
bInvert=0
fWaveAlpha=100.000000
fWaveScale=0.397106
fWaveSmoothing=0.500000
fWaveParam=0.000000
fModWaveAlphaStart=0.500000
fModWaveAlphaEnd=1.000000
fWarpAnimSpeed=100.000000
fWarpScale=100.000000
fZoomExponent=1.000158
fShader=1.000000
zoom=1.000000
rot=0.000000
cx=0.500000
cy=0.500000
dx=0.000010
dy=0.000010
warp=0.010000
sx=1.000000
sy=1.000000
wave_r=0.500000
wave_g=0.500000
wave_b=0.500000
wave_x=0.500000
wave_y=0.500000
ob_size=0.500000
ob_r=0.000000
ob_g=0.000000
ob_b=0.000000
ob_a=0.000000
ib_size=0.060000
ib_r=1.000000
ib_g=1.000000
ib_b=1.000000
ib_a=0.000000
nMotionVectorsX=0.000000
nMotionVectorsY=0.000000
mv_dx=0.000000
mv_dy=0.000000
mv_l=1.000000
mv_r=1.000000
mv_g=1.000000
mv_b=1.000000
mv_a=0.000000
per_frame_1=wave_r = wave_r + 0.35*sin(1.4*time) + 0.25*sin(2.5*time);
per_frame_2=wave_g = wave_g + 0.35*sin(1.7*time) - 0.25*sin(1.11*time);
per_frame_3=wave_b = wave_b + 0.35*sin(1.84*time) + 0.25*sin(2.3*time);
per_frame_4=warp = warp + above(bass,1)* 5*cos(8*time);
per_frame_5=ib_a = above(bass,1.3)*bass;
per_frame_6=ib_r = 0.5*bass;
per_frame_7=ib_g = 0.5*treb;
per_frame_8=ib_b = 0.5*mid;
per_pixel_1=thresh = above(bass_att,thresh)*2+(1-above(bass_att,thresh))*((thresh-1.3)*0.96+1.3);
per_pixel_2=dx_r = equal(thresh,2)*0.015*sin(5*time)+(1-equal(thresh,2))*dx_r;
per_pixel_3=dy_r = equal(thresh,2)*0.015*sin(6*time)+(1-equal(thresh,2))*dy_r;
per_pixel_4=
per_pixel_5=rot = rot + if(above(bass,0.9), 0.73*(0.7-rad)*(0.5*bass_att), -(0.73*(0.7-rad)*(0.5*bass_att)));
per_pixel_6=zoom = zoom + 0.5*sin(rot+(rad));
per_pixel_7=zoom = zoom - above(rad,0.5)*0.2*(1.1*rad);
per_pixel_8=rot = rot - above(rad,0.7)*(rot*0.9*rad);
per_pixel_9=
per_pixel_10=warp= warp- above(x,0.5+ 0.25*sin(1.21*time))*below(x,0.5+0.1*cos(0.89*time) + 0.25*sin(1.53*time))*above(y,0.5+0.25*cos(0.23*time))*below(y,0.5+0.1*sin(1.23*time) + 0.25*cos(1.3*time))
per_pixel_11=*30.5*bass;
