[preset00]
fRating=3.000000
fGammaAdj=1.700000
fDecay=0.980000
fVideoEchoZoom=1.488863
fVideoEchoAlpha=0.600000
nVideoEchoOrientation=0
nWaveMode=2
bAdditiveWaves=0
bWaveDots=0
bWaveThick=0
bModWaveAlphaByVolume=0
bMaximizeWaveColor=0
bTexWrap=0
bDarkenCenter=0
bRedBlueStereo=0
bBrighten=1
bDarken=0
bSolarize=0
bInvert=0
fWaveAlpha=100.000000
fWaveScale=11.699619
fWaveSmoothing=0.500000
fWaveParam=0.000000
fModWaveAlphaStart=0.500000
fModWaveAlphaEnd=1.000000
fWarpAnimSpeed=1.000000
fWarpScale=1.000000
fZoomExponent=1.000000
fShader=0.000000
zoom=1.000000
rot=0.000000
cx=0.500000
cy=0.500000
dx=0.000010
dy=0.000010
warp=0.010000
sx=1.000000
sy=1.000000
wave_r=0.000000
wave_g=0.000000
wave_b=0.000000
wave_x=0.500000
wave_y=0.500000
ob_size=0.005000
ob_r=0.250000
ob_g=0.000000
ob_b=0.000000
ob_a=0.500000
ib_size=0.250000
ib_r=0.250000
ib_g=0.250000
ib_b=0.250000
ib_a=0.000000
nMotionVectorsX=0.000000
nMotionVectorsY=0.000000
mv_dx=0.000000
mv_dy=0.000000
mv_l=1.000000
mv_r=1.000000
mv_g=1.000000
mv_b=1.000000
mv_a=0.000000
per_frame_1=wave_r = wave_r +3*tan(8*treb);
per_frame_2=wave_b = wave_b -1*tan(8*bass);
per_frame_3=wave_g = -2;
per_pixel_1=zoom = zoom + if(below(rad,0.5 + 0.1*sin(bass)), if(below(y, 0.6), if(above(y,0.25),+0.09, 0), 0), 0);
per_pixel_2=rot = rot + if (below(rad,0.51 + 0.2*sin(5*bass)),
per_pixel_3=if(below(y,0.6),if(above(y,0.25), if(below(x,0.5),
per_pixel_4=+0.05*tan(bass), -0.05*tan(bass)), 0), 0), 0);
per_pixel_5=zoom = zoom + if(above(rad, 0.5), if(below(y,0.5), -0.1, 0), 0);
per_pixel_6=zoom = zoom + if(above(y,0.49), if(above(ang,-2.5),
per_pixel_7=if(below(ang,-0.6), +0.00, -0.1), -0.1), 0);
per_pixel_8=warp = warp + if (above(y,0.49), if(above(ang, -2.5),
per_pixel_9=if(below(ang,-0.6), +1*cos(bass), 0), 0), 0);
per_pixel_10=dy = dy + if(above(y,0.49), -0.01, 0);
per_pixel_11=zoom = zoom + if(below(y,0.25), if(below(rad,0.5), -0.1, 0), 0);
