[preset00]
fRating=4.000000
fGammaAdj=1.490000
fDecay=0.990000
fVideoEchoZoom=1.006592
fVideoEchoAlpha=0.500000
nVideoEchoOrientation=3
nWaveMode=7
bAdditiveWaves=0
bWaveDots=0
bWaveThick=0
bModWaveAlphaByVolume=0
bMaximizeWaveColor=1
bTexWrap=0
bDarkenCenter=0
bRedBlueStereo=0
bBrighten=0
bDarken=0
bSolarize=0
bInvert=0
fWaveAlpha=100.000000
fWaveScale=2.000454
fWaveSmoothing=0.630000
fWaveParam=0.000000
fModWaveAlphaStart=0.710000
fModWaveAlphaEnd=1.300000
fWarpAnimSpeed=100.000000
fWarpScale=100.000000
fZoomExponent=1.000000
fShader=1.000000
zoom=0.999514
rot=0.000000
cx=0.500000
cy=0.500000
dx=0.000000
dy=0.000000
warp=0.010000
sx=1.000000
sy=1.000000
wave_r=0.400000
wave_g=0.400000
wave_b=0.400000
wave_x=0.500000
wave_y=0.500000
ob_size=0.050000
ob_r=0.000000
ob_g=0.000000
ob_b=0.300000
ob_a=0.000000
ib_size=0.040000
ib_r=0.000000
ib_g=0.000000
ib_b=0.100000
ib_a=0.000000
nMotionVectorsX=12.000000
nMotionVectorsY=9.000000
mv_dx=0.000000
mv_dy=0.000000
mv_l=0.900000
mv_r=1.000000
mv_g=1.000000
mv_b=1.000000
mv_a=0.000000
per_frame_1=dx = dx + 0.001*sin(0.27*time);
per_frame_2=dy = dy + 0.001*sin(0.25*time);
per_frame_3=cx = cx + 0.08*(0.6*time);
per_frame_4=sy = sy  -0.052*sin(0.40*time);
per_frame_5=wave_r = wave_r +0.5*sin(1.61*time);
per_frame_6=wave_g = wave_g +0.5*sin(1.82*time);
per_frame_7=wave_b = wave_b +0.5*sin(2.13*time);
per_frame_8=wave_mystery = wave_mystery +0.1*sin(wave_mystery+0.5*time);
per_pixel_1=dy = dy + if(above(x,int(rand(10))*0.1), if(below(x,int(rand(10))*0.1), 0.05*sin(5*bass), 0), 0);
per_pixel_2=sx = sx + if (above(x,0.8*sin(bass)), -0.0001, +0.0001);
