[preset00]
fRating=2.000000
fGammaAdj=1.700000
fDecay=0.995000
fVideoEchoZoom=1.000000
fVideoEchoAlpha=0.000000
nVideoEchoOrientation=1
nWaveMode=5
bAdditiveWaves=1
bWaveDots=1
bWaveThick=1
bModWaveAlphaByVolume=1
bMaximizeWaveColor=0
bTexWrap=1
bDarkenCenter=0
bRedBlueStereo=0
bBrighten=1
bDarken=0
bSolarize=1
bInvert=0
fWaveAlpha=10.000780
fWaveScale=7.858086
fWaveSmoothing=0.500000
fWaveParam=0.000000
fModWaveAlphaStart=0.500000
fModWaveAlphaEnd=1.000000
fWarpAnimSpeed=0.499722
fWarpScale=1.751021
fZoomExponent=0.200492
fShader=1.000000
zoom=1.000000
rot=0.000000
cx=0.500000
cy=0.500000
dx=0.000010
dy=0.000010
warp=0.010000
sx=1.000000
sy=1.000000
wave_r=0.500000
wave_g=0.500000
wave_b=0.500000
wave_x=0.500000
wave_y=0.500000
ob_size=0.000000
ob_r=0.000000
ob_g=0.000000
ob_b=0.000000
ob_a=1.000000
ib_size=0.250000
ib_r=0.250000
ib_g=0.250000
ib_b=0.250000
ib_a=0.000000
nMotionVectorsX=0.000000
nMotionVectorsY=0.000000
mv_dx=0.000000
mv_dy=0.000000
mv_l=1.000000
mv_r=1.000000
mv_g=1.000000
mv_b=1.000000
mv_a=0.000000
per_frame_1=wave_g = wave_g + 0.25*cos(bass) +0.25*sin(treb);
per_frame_2=wave_b = wave_b - 0.25*sin(bass) + 0.25*cos(mid);
per_frame_3=wave_r = wave_r + 0.25*sin(mid) + 0.25*cos(treb);
per_frame_4=cx = cx + 0.25*sin(treb);
per_frame_5=cy = cy + 0.25*cos(mid);
per_frame_6=q1 = sin(time);
per_frame_7=rot = rot + if (below(q1,0), 0.05*sin(0.5*bass), -0.025*sin(0.5*bass));
per_pixel_1=warp = warp + if (below(rad,0.5), if(above(rad,0.2), +3 - 5*bass, 0), +1);
per_pixel_2=zoom = zoom + if(above(rad,rad*sin(bass*sin(time))), +0.02, -0.02);
