[preset00]
fRating=4.000000
fGammaAdj=1.000000
fDecay=0.900000
fVideoEchoZoom=1.000000
fVideoEchoAlpha=0.500000
nVideoEchoOrientation=3
nWaveMode=2
bAdditiveWaves=0
bWaveDots=0
bWaveThick=0
bModWaveAlphaByVolume=0
bMaximizeWaveColor=0
bTexWrap=0
bDarkenCenter=1
bRedBlueStereo=0
bBrighten=0
bDarken=0
bSolarize=0
bInvert=0
fWaveAlpha=100.000000
fWaveScale=1.447723
fWaveSmoothing=0.500000
fWaveParam=0.000000
fModWaveAlphaStart=0.500000
fModWaveAlphaEnd=1.000000
fWarpAnimSpeed=1.000000
fWarpScale=1.000000
fZoomExponent=1.000000
fShader=0.000000
zoom=1.000000
rot=0.000000
cx=0.500000
cy=0.500000
dx=0.000010
dy=0.000010
warp=0.010000
sx=1.000000
sy=1.000000
wave_r=1.000000
wave_g=1.000000
wave_b=1.000000
wave_x=0.500000
wave_y=0.500000
ob_size=0.000000
ob_r=0.000000
ob_g=0.000000
ob_b=0.000000
ob_a=1.000000
ib_size=0.000000
ib_r=0.250000
ib_g=0.250000
ib_b=0.250000
ib_a=0.000000
nMotionVectorsX=0.000000
nMotionVectorsY=0.000000
mv_dx=0.000000
mv_dy=0.000000
mv_l=1.000000
mv_r=1.000000
mv_g=1.000000
mv_b=1.000000
mv_a=0.000000
per_frame_1=vox = (bass+treb+mid)/3;
per_frame_2=decay = if(below(vox,1.25), 1, 0.95);
per_frame_3=wave_mystery = wave_mystery + 1*sin(10*bass)*0.3;
per_frame_4=wave_b = - 1+int(rand(5));
per_frame_5=wave_r =  - 1+int(rand(5));
per_frame_6=wave_g = - 1+int(rand(5));
per_pixel_1=dy = dy + if (above(rad,0.5),+0.01*sin(bass), -0.01*cos(bass));
per_pixel_2=dx = dx + if (above(rad,0.5),+0.01*sin(bass), -0.01*cos(bass));
per_pixel_3=rot = rot + min((0.6*rad/bass/treb)*0.9,  + 2*bass*0.08);
