[preset00]
fRating=2.000000
fGammaAdj=1.000000
fDecay=0.990000
fVideoEchoZoom=1.000000
fVideoEchoAlpha=0.000000
nVideoEchoOrientation=1
nWaveMode=6
bAdditiveWaves=1
bWaveDots=0
bWaveThick=1
bModWaveAlphaByVolume=0
bMaximizeWaveColor=0
bTexWrap=0
bDarkenCenter=0
bRedBlueStereo=0
bBrighten=0
bDarken=0
bSolarize=0
bInvert=0
fWaveAlpha=100.000000
fWaveScale=0.249765
fWaveSmoothing=0.500000
fWaveParam=0.000000
fModWaveAlphaStart=0.500000
fModWaveAlphaEnd=1.000000
fWarpAnimSpeed=1.000000
fWarpScale=1.000000
fZoomExponent=1.000000
fShader=0.000000
zoom=1.000000
rot=0.000000
cx=0.500000
cy=0.500000
dx=0.000010
dy=0.000010
warp=0.010000
sx=1.000000
sy=1.000000
wave_r=0.000000
wave_g=0.000000
wave_b=0.000000
wave_x=0.500000
wave_y=0.500000
ob_size=0.000000
ob_r=0.000000
ob_g=0.000000
ob_b=0.000000
ob_a=1.000000
ib_size=0.095000
ib_r=0.100000
ib_g=0.000000
ib_b=0.500000
ib_a=0.020000
nMotionVectorsX=0.000000
nMotionVectorsY=0.000000
mv_dx=0.000000
mv_dy=0.000000
mv_l=1.000000
mv_r=1.000000
mv_g=1.000000
mv_b=1.000000
mv_a=0.000000
per_frame_1=wave_b = 2;
per_frame_2=wave_r = -1;
per_frame_3=wave_g = -1;
per_frame_4=ib_g = ib_g;
per_frame_5=ib_r = ib_r;
per_frame_6=dy = dy + 0.01;
per_pixel_1=warp = warp +1*rad;
per_pixel_2=dy = dy + if(below(y,0.499), - 0.02, 0);
per_pixel_3=zoom = zoom +if(below(y,0.499), - 0.005 +0.01*sin(time), 0);
per_pixel_4=rot = rot + 0.02*rad*sin(0.5*bass_att - 0.5*treb_att);
per_pixel_5=rot = rot + if (below(rad,0.5), if(above(y,0.51), +0.01*bass*sin(20*treb), 0), 0);
