[preset00]
fRating=2.000000
fGammaAdj=7.299999
fDecay=0.990000
fVideoEchoZoom=1.000000
fVideoEchoAlpha=0.000000
nVideoEchoOrientation=1
nWaveMode=0
bAdditiveWaves=1
bWaveDots=0
bWaveThick=1
bModWaveAlphaByVolume=1
bMaximizeWaveColor=1
bTexWrap=1
bDarkenCenter=0
bRedBlueStereo=1
bBrighten=1
bDarken=0
bSolarize=1
bInvert=0
fWaveAlpha=0.077377
fWaveScale=100.000000
fWaveSmoothing=0.900000
fWaveParam=-0.500000
fModWaveAlphaStart=0.500000
fModWaveAlphaEnd=1.000000
fWarpAnimSpeed=100.000000
fWarpScale=1.000000
fZoomExponent=1.999100
fShader=1.000000
zoom=1.000000
rot=0.000000
cx=0.500000
cy=0.500000
dx=0.000010
dy=0.004010
warp=0.010000
sx=1.000000
sy=1.000000
wave_r=1.000000
wave_g=1.000000
wave_b=1.000000
wave_x=0.500000
wave_y=0.500000
ob_size=0.005000
ob_r=1.000000
ob_g=0.000000
ob_b=0.000000
ob_a=1.000000
ib_size=0.010000
ib_r=1.000000
ib_g=1.000000
ib_b=0.000000
ib_a=1.000000
nMotionVectorsX=12.799999
nMotionVectorsY=14.400005
mv_dx=0.000000
mv_dy=0.000000
mv_l=5.000000
mv_r=0.000000
mv_g=0.600000
mv_b=1.000000
mv_a=0.000000
per_frame_1=cx = cx +0.2*sin(time);
per_frame_2=rot = rot + 0.03*sin(time);
per_frame_3=wave_r = if(above(progress,0.4), if(below(progress,0.6), +2, 0), 0);
per_frame_4=wave_g = if(above(progress,0.4), if(below(progress,0.6), -2, 0), 0);
per_frame_5=wave_b = if(above(progress,0.4), if(below(progress,0.6), -2, 0.5), 0.5);
per_frame_6=cx = cx + 0.25*cos(5*time);
per_frame_7=cy = cy + 0.25*sin(5*time);
per_pixel_1=rot = rot + rad*sin(time)*rad/bass/treb/mid/20*sin(time);
per_pixel_2=zoom = zoom + 0.01*rad/cos(bass);
per_pixel_3=warp = warp + 0.1*rad-rad*sin(time)/treb;
per_pixel_4=zoomexp = zoomexp + 0.2*(treb-bass)*(1-rad);
