[preset00]
fRating=2.000000
fGammaAdj=1.000000
fDecay=0.990000
fVideoEchoZoom=1.000000
fVideoEchoAlpha=0.000000
nVideoEchoOrientation=1
nWaveMode=0
bAdditiveWaves=1
bWaveDots=0
bWaveThick=1
bModWaveAlphaByVolume=1
bMaximizeWaveColor=0
bTexWrap=0
bDarkenCenter=0
bRedBlueStereo=0
bBrighten=0
bDarken=0
bSolarize=0
bInvert=0
fWaveAlpha=100.000000
fWaveScale=0.484545
fWaveSmoothing=0.500000
fWaveParam=-0.400000
fModWaveAlphaStart=0.500000
fModWaveAlphaEnd=1.000000
fWarpAnimSpeed=1.000000
fWarpScale=1.000000
fZoomExponent=1.000000
fShader=0.000000
zoom=1.000000
rot=0.000000
cx=0.500000
cy=0.500000
dx=0.000010
dy=0.000010
warp=0.010000
sx=1.000000
sy=1.000000
wave_r=1.000000
wave_g=1.000000
wave_b=1.000000
wave_x=0.500000
wave_y=0.500000
ob_size=0.015000
ob_r=0.000000
ob_g=0.000000
ob_b=0.000000
ob_a=0.005000
ib_size=0.250000
ib_r=0.250000
ib_g=0.250000
ib_b=0.250000
ib_a=0.000000
nMotionVectorsX=0.000000
nMotionVectorsY=0.000000
mv_dx=0.000000
mv_dy=0.000000
mv_l=1.000000
mv_r=1.000000
mv_g=1.000000
mv_b=1.000000
mv_a=0.000000
per_frame_1=wave_r = -3 + if (above(bass,1.2), +4, 0);
per_frame_2=wave_b = -3 + if (above(bass,1.2), +4, 0);
per_frame_3=wave_g = 1 + if (above(bass,1.2), +4 , 0);
per_frame_4=wave_mystery = wave_mystery + if (above(bass,1.2), +0.3, 0);
per_frame_5=dx = dx + if (below(bass,1.2), + 0.01*bass*sin(0.15*time), 0);
per_frame_6=dy = dy + if (below(bass,1.2), + 0.01*treb*cos(0.15*time), 0);
per_frame_7=warp = 0;
