[preset00]
fRating=2.000000
fGammaAdj=1.000000
fDecay=0.999000
fVideoEchoZoom=1.000000
fVideoEchoAlpha=0.000000
nVideoEchoOrientation=1
nWaveMode=2
bAdditiveWaves=0
bWaveDots=1
bWaveThick=1
bModWaveAlphaByVolume=0
bMaximizeWaveColor=0
bTexWrap=0
bDarkenCenter=0
bRedBlueStereo=0
bBrighten=1
bDarken=0
bSolarize=1
bInvert=0
fWaveAlpha=100.000000
fWaveScale=0.499723
fWaveSmoothing=0.900000
fWaveParam=-0.600000
fModWaveAlphaStart=0.500000
fModWaveAlphaEnd=1.000000
fWarpAnimSpeed=100.000000
fWarpScale=100.000000
fZoomExponent=1.000000
fShader=1.000000
zoom=1.000000
rot=0.000000
cx=0.500000
cy=0.500000
dx=0.000010
dy=0.000010
warp=0.010000
sx=1.000000
sy=1.000000
wave_r=1.000000
wave_g=0.000000
wave_b=0.000000
wave_x=0.500000
wave_y=0.500000
ob_size=0.000000
ob_r=0.000000
ob_g=0.000000
ob_b=0.000000
ob_a=1.000000
ib_size=0.300000
ib_r=0.000000
ib_g=0.000000
ib_b=1.000000
ib_a=0.000000
nMotionVectorsX=0.000000
nMotionVectorsY=0.000000
mv_dx=0.000000
mv_dy=0.000000
mv_l=1.000000
mv_r=1.000000
mv_g=1.000000
mv_b=1.000000
mv_a=0.000000
per_frame_1=wave_x = wave_x + 0.1*sin(5*bass);
per_frame_2=wave_y = wave_y + 0.1*sin(5*bass);
per_frame_3=wave_r = wave_r + 5;
per_frame_4=wave_g =wave_g - 5 + rand(6);
per_frame_5=wave_b = wave_b -5;
per_frame_6=rot = rot + if (above(bass,0), +0.02*sin(6*bass) - 0.025*cos(4.75*bass), 0);
per_pixel_1=warp = warp + if (below(y, 0.95), +0.5*sin(bass*time), 0);
per_pixel_2=zoom = zoom + 0.005*rad;
