[preset00]
fRating=4.000000
fGammaAdj=1.000000
fDecay=0.930000
fVideoEchoZoom=0.999998
fVideoEchoAlpha=0.500000
nVideoEchoOrientation=1
nWaveMode=3
bAdditiveWaves=0
bWaveDots=1
bWaveThick=1
bModWaveAlphaByVolume=0
bMaximizeWaveColor=0
bTexWrap=0
bDarkenCenter=0
bRedBlueStereo=0
bBrighten=0
bDarken=0
bSolarize=0
bInvert=0
fWaveAlpha=100.000000
fWaveScale=0.397107
fWaveSmoothing=0.900000
fWaveParam=0.000000
fModWaveAlphaStart=0.500000
fModWaveAlphaEnd=1.000000
fWarpAnimSpeed=1.000000
fWarpScale=79.689735
fZoomExponent=0.550448
fShader=0.000000
zoom=1.000000
rot=0.000000
cx=0.500000
cy=0.500000
dx=0.000010
dy=0.000010
warp=0.010000
sx=1.000000
sy=1.000000
wave_r=1.000000
wave_g=1.000000
wave_b=1.000000
wave_x=0.500000
wave_y=0.500000
ob_size=0.020000
ob_r=0.000000
ob_g=0.000000
ob_b=0.000000
ob_a=0.002000
ib_size=0.010000
ib_r=0.000000
ib_g=0.000000
ib_b=0.000000
ib_a=0.002000
nMotionVectorsX=64.000000
nMotionVectorsY=48.000000
mv_dx=0.000000
mv_dy=0.000000
mv_l=0.000000
mv_r=1.000000
mv_g=0.000000
mv_b=0.000000
mv_a=0.000000
per_frame_1=dx = dx - 0.0005;
per_frame_2=dy = dy - 0.0005;
per_frame_3=wave_r = wave_r + 0.3*sin(5*treb) + 0.27*sin(4*bass) + 0.2*sin(9*mid);
per_frame_4=wave_b = wave_b  + 0.3*sin(2.1*time) + 0.24*sin(time);
per_frame_5=wave_g = wave_g + 0.34*sin(1.2*time) + 0.5*sin(0.77*time);
per_frame_6=ob_r = 1-wave_r;
per_frame_7=ob_g = 1-wave_g;
per_frame_8=ob_b = 1-wave_b;
per_frame_9=ib_r = ob_r*0.5 + 0.25*sin(1.3*time);
per_frame_10=ib_g = ib_g*0.9 + 0.25*sin(1.2*time);
per_frame_11=ib_b = ib_b*0.9 + 0.25*sin(1.1*time);
per_frame_12=warp = warp + 0.5*(2*atan(time) - 3*abs(bass_att));
per_frame_13=rot = rot + 0.2*(0.5*atan(bass_att)-0.5*abs(bass_att)/mid_att*0.5);
per_frame_14=zoom = zoom + (pow(bass,treb) - abs(5*mid) / bass+treb)*0.01;
