[preset00]
fRating=4.000000
fGammaAdj=2.400000
fDecay=0.900000
fVideoEchoZoom=1.000000
fVideoEchoAlpha=0.500000
nVideoEchoOrientation=3
nWaveMode=4
bAdditiveWaves=1
bWaveDots=0
bWaveThick=1
bModWaveAlphaByVolume=0
bMaximizeWaveColor=0
bTexWrap=1
bDarkenCenter=0
bRedBlueStereo=0
bBrighten=0
bDarken=0
bSolarize=0
bInvert=0
fWaveAlpha=0.231186
fWaveScale=0.999838
fWaveSmoothing=0.000000
fWaveParam=-0.500000
fModWaveAlphaStart=0.500000
fModWaveAlphaEnd=1.000000
fWarpAnimSpeed=0.010000
fWarpScale=4.417513
fZoomExponent=1.000000
fShader=1.000000
zoom=1.000000
rot=0.000000
cx=0.500000
cy=0.500000
dx=0.000010
dy=0.000010
warp=0.010000
sx=1.000000
sy=1.000000
wave_r=1.000000
wave_g=1.000000
wave_b=1.000000
wave_x=0.500000
wave_y=0.500000
ob_size=0.005000
ob_r=0.000000
ob_g=0.000000
ob_b=0.000000
ob_a=1.000000
ib_size=0.250000
ib_r=0.250000
ib_g=0.250000
ib_b=0.250000
ib_a=0.000000
nMotionVectorsX=0.000000
nMotionVectorsY=0.000000
mv_dx=0.000000
mv_dy=0.000000
mv_l=1.000000
mv_r=1.000000
mv_g=1.000000
mv_b=1.000000
mv_a=0.000000
per_frame_1=zoom = zoom + 0.01;
per_frame_2=wave_x = wave_x +0.0*sin(8*time);
per_frame_3=wave_mystery = wave_mystery - 2.1*bass;
per_frame_4=rot = rot + 0.025*sin(time);
per_frame_5=cx = cx + if(below(bass,1), +0.25, -0.25);
per_pixel_1=sy = sy + if (above(rad,0.0), + if(below(rad,1), +0.05*sin(bass), 0), 0);
per_pixel_2=warp = warp - pow(bass,treb) - rad*sin(time+bass);
