[preset00]
fRating=3.000000
fGammaAdj=1.000000
fDecay=1.000000
fVideoEchoZoom=1.000000
fVideoEchoAlpha=0.000000
nVideoEchoOrientation=1
nWaveMode=7
bAdditiveWaves=0
bWaveDots=0
bWaveThick=0
bModWaveAlphaByVolume=0
bMaximizeWaveColor=0
bTexWrap=0
bDarkenCenter=0
bRedBlueStereo=0
bBrighten=0
bDarken=0
bSolarize=0
bInvert=0
fWaveAlpha=1.531168
fWaveScale=8.311052
fWaveSmoothing=0.000000
fWaveParam=-0.500000
fModWaveAlphaStart=0.500000
fModWaveAlphaEnd=1.000000
fWarpAnimSpeed=0.010000
fWarpScale=100.000000
fZoomExponent=0.198902
fShader=1.000000
zoom=1.000000
rot=0.000000
cx=0.500000
cy=0.500000
dx=0.000010
dy=0.000010
warp=0.179141
sx=1.000000
sy=1.000000
wave_r=0.000000
wave_g=0.000000
wave_b=0.000000
wave_x=0.500000
wave_y=0.500000
ob_size=0.005000
ob_r=0.000000
ob_g=0.000000
ob_b=0.000000
ob_a=1.000000
ib_size=0.000000
ib_r=0.250000
ib_g=0.250000
ib_b=0.250000
ib_a=0.000000
nMotionVectorsX=0.000000
nMotionVectorsY=0.000000
mv_dx=0.000000
mv_dy=0.000000
mv_l=1.000000
mv_r=1.000000
mv_g=1.000000
mv_b=1.000000
mv_a=0.000000
per_frame_1=myVolume = (bass+treb+mid)/3;
per_frame_2=wave_r = wave_r + 0.5*sin(7*bass)*3.78*time;
per_frame_3=wave_b = wave_b + 0.5*sin(7*treb)*6.56*time;
per_frame_4=wave_g = wave_g + 0.5*sin(7*mid)*4.35*time;
per_frame_5=wave_x = wave_x + 0.1*sin(0.89*time);
per_frame_6=wave_y = wave_y + 0.1*sin(0.76*time);
per_frame_7=ob_r = ob_r + 1.5*sin(7*bass)*3.78*time;
per_frame_8=ob_b = ob_b + 1.5*sin(7*treb)*6.56*time;
per_frame_9=ob_g = ob_g + 1.5*sin(7*mid)*4.35*time;
per_frame_10=dy = -0.008 * sin(0.5*time);
per_frame_11=dx = -0.008*  cos(0.26*time);
per_pixel_1=rot = rot + if (below(rad,0.4+ 0.2*sin(bass/mid)), abs(0.02*abs(bass/treb)*sin(time)+ 0.01*abs(mid/treb/bass))*cos(time), 0);
