[preset00]
fRating=3.000000
fGammaAdj=1.000000
fDecay=1.000000
fVideoEchoZoom=1.000000
fVideoEchoAlpha=0.000000
nVideoEchoOrientation=1
nWaveMode=0
bAdditiveWaves=0
bWaveDots=0
bWaveThick=1
bModWaveAlphaByVolume=0
bMaximizeWaveColor=1
bTexWrap=0
bDarkenCenter=0
bRedBlueStereo=0
bBrighten=1
bDarken=0
bSolarize=0
bInvert=0
fWaveAlpha=100.000000
fWaveScale=5.427003
fWaveSmoothing=0.500000
fWaveParam=-0.500000
fModWaveAlphaStart=0.500000
fModWaveAlphaEnd=1.000000
fWarpAnimSpeed=1.000000
fWarpScale=1.000000
fZoomExponent=1.000000
fShader=1.000000
zoom=1.000000
rot=0.000000
cx=0.500000
cy=0.500000
dx=0.000010
dy=0.000010
warp=0.010000
sx=1.000000
sy=1.000000
wave_r=0.000000
wave_g=0.000000
wave_b=0.000000
wave_x=0.200000
wave_y=0.800000
ob_size=0.005000
ob_r=0.000000
ob_g=0.000000
ob_b=0.000000
ob_a=1.000000
ib_size=0.250000
ib_r=0.250000
ib_g=0.250000
ib_b=0.250000
ib_a=0.000000
nMotionVectorsX=0.000000
nMotionVectorsY=0.000000
mv_dx=0.000000
mv_dy=0.000000
mv_l=1.000000
mv_r=1.000000
mv_g=1.000000
mv_b=1.000000
mv_a=0.000000
per_frame_1=wave_x = wave_x + if (above(bass,1), +0.6, 0);
per_frame_2=wave_y = wave_y + if (above(bass,1), -0.6, 0);
per_frame_3=wave_x = wave_x + if (above(treb,1), if(below(bass,1), +0.3, 0), 0);
per_frame_4=wave_y = wave_y + if(above(treb,1), if(below(bass,1), -0.3, 0), 0);
per_frame_5=wave_r = -1 + rand(3);
per_frame_6=wave_b = -1 + rand(3);
per_frame_7=wave_g = -1 + rand(3);
per_pixel_1=dx = dx+ if(below(y,0.45), if(below(x, 0.7),+ 0.005 +0.02*sin(8*bass), + 0.005 +0.005*sin(8*bass)), 0);
per_pixel_2=dx = dx+ if(above(y,0.55), if(above(x, 0.3), -0.005 -0.02*sin(8*mid), - 0.005 -0.005*sin(8*mid)), 0);
per_pixel_3=dx = dx + if(below(y,0.6), if(above(y, 0.5), +0.02*cos(8*treb), 0), 0);
per_pixel_4=dx = dx + if(below(y,0.5), if(above(y,0.3), -0.02*cos(8*treb), 0), 0);
per_pixel_5=rot = rot + if (below(rad, 0.3), if(above(progress,0.0),+0.1, +0.1), 0);
per_pixel_6=rot = rot + (1-rad)*0.25;
