[preset00]
fRating=4.000000
fGammaAdj=1.000000
fDecay=0.980000
fVideoEchoZoom=1.000000
fVideoEchoAlpha=0.000000
nVideoEchoOrientation=3
nWaveMode=1
bAdditiveWaves=0
bWaveDots=0
bWaveThick=1
bModWaveAlphaByVolume=0
bMaximizeWaveColor=0
bTexWrap=0
bDarkenCenter=0
bRedBlueStereo=0
bBrighten=0
bDarken=0
bSolarize=0
bInvert=0
fWaveAlpha=0.512475
fWaveScale=1.951303
fWaveSmoothing=0.500000
fWaveParam=0.000000
fModWaveAlphaStart=0.500000
fModWaveAlphaEnd=1.000000
fWarpAnimSpeed=1.000000
fWarpScale=1.000000
fZoomExponent=0.999999
fShader=1.000000
zoom=0.999999
rot=0.000000
cx=0.500000
cy=0.500000
dx=0.000010
dy=0.000010
warp=0.010000
sx=1.000000
sy=1.000000
wave_r=1.000000
wave_g=1.000000
wave_b=1.000000
wave_x=0.500000
wave_y=0.500000
ob_size=0.000000
ob_r=0.000000
ob_g=0.000000
ob_b=0.000000
ob_a=1.000000
ib_size=0.000000
ib_r=0.000000
ib_g=0.000000
ib_b=0.000000
ib_a=0.000000
nMotionVectorsX=38.399994
nMotionVectorsY=24.000004
mv_dx=0.000000
mv_dy=0.000000
mv_l=2.000000
mv_r=0.500000
mv_g=0.500000
mv_b=0.500000
mv_a=0.100000
per_frame_1=warp = 0;
per_frame_2=
per_frame_3=mv_r = mv_r + 0.5*(0.2*sin(1.5*time)) + 0.1*sin(2*time);
per_frame_4=mv_g = mv_g + 0.5*(0.2*sin(1.24*time)) + 0.1*sin(1.57*time);
per_frame_5=mv_b = mv_b + 0.5*(0.2*sin(1.34*time)) + 0.1*sin(1.73*time);
per_frame_6=
per_frame_7=wave_r = 1-mv_r;
per_frame_8=wave_g = 1-mv_b;
per_frame_9=wave_b = 1-mv_g;
per_pixel_1=thresh = above(bass_att,thresh)*2+(1-above(bass_att,thresh))*((thresh-1.3)*0.96+1.3);
per_pixel_2=dx_r = equal(thresh,2)*0.015*sin(5*time)+(1-equal(thresh,2))*dx_r;
per_pixel_3=dy_r = equal(thresh,2)*0.015*sin(6*time)+(1-equal(thresh,2))*dy_r;
per_pixel_4=
per_pixel_5=//rot = rot + 0.001*abs(sin(0.6*time) + 0.25*cos(1.2*time))*(rad);
per_pixel_6=dy = dy +dy_r+ 0.0015*(0.2*sin(1.75*time)) + (0.25*sin(0.7*time))*sin(1.9*time)*(0.5-rad);
per_pixel_7=dx = dx + dy_r+0.0015*(0.1*cos(1.55*time)) + (0.25*sin(time))*sin(1.9*time)*(0.5-rad);
per_pixel_8=dx = dx + 0.0015*(0.2*sin(1.2*time) + 0.33*cos(0.2*time)*cos(12*rad));
per_pixel_9=dy = dy + 0.0015*(0.2*cos(2*bass_att) + 0.33*sin(0.2*time)*sin(12*rad));
