[preset00]
fRating=2.000000
fGammaAdj=1.000000
fDecay=0.990000
fVideoEchoZoom=1.000000
fVideoEchoAlpha=0.000000
nVideoEchoOrientation=1
nWaveMode=5
bAdditiveWaves=0
bWaveDots=0
bWaveThick=0
bModWaveAlphaByVolume=0
bMaximizeWaveColor=0
bTexWrap=0
bDarkenCenter=0
bRedBlueStereo=0
bBrighten=0
bDarken=1
bSolarize=0
bInvert=0
fWaveAlpha=100.000000
fWaveScale=1.003819
fWaveSmoothing=0.000000
fWaveParam=-0.400000
fModWaveAlphaStart=0.500000
fModWaveAlphaEnd=1.000000
fWarpAnimSpeed=100.000000
fWarpScale=2.987784
fZoomExponent=1.000000
fShader=0.000000
zoom=1.000000
rot=0.000000
cx=0.500000
cy=0.500000
dx=0.000010
dy=0.000010
warp=0.010000
sx=1.000000
sy=1.000000
wave_r=0.000000
wave_g=0.000000
wave_b=0.000000
wave_x=0.500000
wave_y=0.500000
ob_size=0.005000
ob_r=0.000000
ob_g=0.000000
ob_b=0.300000
ob_a=0.400000
ib_size=0.250000
ib_r=0.000000
ib_g=0.000000
ib_b=0.200000
ib_a=0.200000
nMotionVectorsX=44.799995
nMotionVectorsY=48.000000
mv_dx=0.000000
mv_dy=0.000000
mv_l=0.350000
mv_r=0.000000
mv_g=0.000000
mv_b=1.000000
mv_a=0.200000
per_frame_1=wave_b = +2;
per_frame_2=wave_r = -0.1;
per_frame_3=wave_g = -0.1;
per_frame_4=wave_x = wave_x + 0.25*sin(1.934*time);
per_frame_5=wave_y = wave_y + 0.25*sin(2.156*time);
per_frame_6=wave_mystery = wave_mystery + if (above(bass,0.1), +0.001 + 0.5*sin(0.01*time), -0.5);
per_frame_7=mv_l = mv_l + bass;
per_frame_8=zoom = zoom + if(below(bass, 1), -0.04, +0.02);
per_frame_9=zoom = zoom - 0.02*sin(bass);
per_pixel_1=rot = rot - 8*atan(0.008*rad)*sin(0.0001*time);
per_pixel_2=dx = dx + if(below(y,sin(time/x)), -0.008*sin(bass), 0);
per_pixel_3=dy = dy + if(below(y,sin(time/x)), -0.008*sin(bass), 0);
per_pixel_4=dx = dx + if(above(y,sin(time/x)), +0.008*sin(bass), 0);
per_pixel_5=dy = dy + if(above(y,sin(time/x)), +0.008*sin(basS), 0);
per_pixel_6=sy = sy + if(above(rad,0.8), + 0.05, 0);
per_pixel_7=sx = sx + if(above(rad,0.8), +0.05, 0);
