[preset00]
fRating=2.000000
fGammaAdj=1.000000
fDecay=0.990000
fVideoEchoZoom=1.000156
fVideoEchoAlpha=1.000000
nVideoEchoOrientation=3
nWaveMode=0
bAdditiveWaves=0
bWaveDots=0
bWaveThick=0
bModWaveAlphaByVolume=1
bMaximizeWaveColor=0
bTexWrap=0
bDarkenCenter=0
bRedBlueStereo=0
bBrighten=1
bDarken=0
bSolarize=0
bInvert=0
fWaveAlpha=100.000000
fWaveScale=100.000000
fWaveSmoothing=0.000000
fWaveParam=0.000000
fModWaveAlphaStart=0.500000
fModWaveAlphaEnd=1.000000
fWarpAnimSpeed=1.000000
fWarpScale=3.300380
fZoomExponent=100.000000
fShader=0.000000
zoom=0.931007
rot=0.000000
cx=0.500000
cy=0.500000
dx=0.000010
dy=0.000010
warp=0.010000
sx=1.000157
sy=0.899751
wave_r=1.000000
wave_g=1.000000
wave_b=0.000000
wave_x=0.500000
wave_y=0.500000
ob_size=0.000000
ob_r=0.000000
ob_g=0.000000
ob_b=0.000000
ob_a=1.000000
ib_size=0.000000
ib_r=0.250000
ib_g=0.250000
ib_b=0.250000
ib_a=0.000000
nMotionVectorsX=64.000000
nMotionVectorsY=48.000000
mv_dx=0.000000
mv_dy=0.000000
mv_l=0.000000
mv_r=1.000000
mv_g=0.600000
mv_b=0.000000
mv_a=1.000000
per_frame_1=wave_x = wave_x + 0.01*sin(0.8*time);
per_frame_2=wave_y = wave_y + 0.01*sin(0.5*time);
per_frame_3=wave_b = wave_b +1*sin(3*bass);
per_frame_4=wave_g = wave_g + 1*cos(3*treb);
per_frame_5=wave_r = wave_r + 1*sin(3*mid);
per_frame_6=zoom = zoom + 0.01;
per_frame_7=warp = 5*bass;
per_pixel_1=sx = sx + if (above(rad, 0.38), +0.01, 0);
per_pixel_2=sy = sy + if (above(rad, 0.38), +0.01, 0);
