[preset00]
fRating=3.000000
fGammaAdj=1.000000
fDecay=1.000000
fVideoEchoZoom=1.000000
fVideoEchoAlpha=0.000000
nVideoEchoOrientation=1
nWaveMode=5
bAdditiveWaves=0
bWaveDots=0
bWaveThick=0
bModWaveAlphaByVolume=0
bMaximizeWaveColor=0
bTexWrap=0
bDarkenCenter=0
bRedBlueStereo=0
bBrighten=0
bDarken=0
bSolarize=0
bInvert=0
fWaveAlpha=100.000000
fWaveScale=0.300245
fWaveSmoothing=0.900000
fWaveParam=0.000000
fModWaveAlphaStart=0.500000
fModWaveAlphaEnd=1.000000
fWarpAnimSpeed=1.000000
fWarpScale=1.000000
fZoomExponent=1.000000
fShader=0.000000
zoom=1.000000
rot=0.000000
cx=0.500000
cy=0.500000
dx=0.000010
dy=0.000010
warp=0.010000
sx=1.000000
sy=1.000000
wave_r=0.000000
wave_g=0.000000
wave_b=0.000000
wave_x=0.500000
wave_y=0.500000
ob_size=0.500000
ob_r=1.000000
ob_g=1.000000
ob_b=1.000000
ob_a=0.020000
ib_size=0.500000
ib_r=0.600000
ib_g=0.600000
ib_b=0.600000
ib_a=0.020000
nMotionVectorsX=0.000000
nMotionVectorsY=0.000000
mv_dx=0.000000
mv_dy=0.000000
mv_l=1.000000
mv_r=1.000000
mv_g=1.000000
mv_b=1.000000
mv_a=0.000000
per_frame_1=dx = dx + 0.005*sin(time);
per_frame_2=dy = dy + 0.005*sin(1.1*time);
per_frame_3=zoom = zoom +0.008 + 0.03*sin(0.34*time) + 0.025*sin(1.2*time);
per_frame_4=wave_r = 0;
per_frame_5=wave_b = 0;
per_frame_6=wave_g = 0;
per_frame_7=wave_x = wave_x + 0.2*sin(time);
per_frame_8=wave_y =wave_y + 0.2*cos(time);
per_frame_9=ob_r = ob_r + 0.0*cos(time);
per_frame_10=ob_b = ob_b + 0.0*cos(time);
per_frame_11=ob_g = ob_g + 0.0*cos(time);
per_frame_12=ib_r = ib_r + 0.2*sin(time);
per_frame_13=ib_b = ib_b + 0.2*sin(time);
per_frame_14=ib_g = ib_g + 0.2*sin(time);
per_frame_15=ib_a = + if (above(progress,0.99), 0, 0.02);
per_frame_16=ob_a = + if (above(progress, 0.99), 0, 0.02);
per_pixel_1=ob_a = ob_a + if (above(x, 0.5), +0.4, 0);
