[preset00]
fRating=2.000000
fGammaAdj=1.000000
fDecay=0.985000
fVideoEchoZoom=1.000000
fVideoEchoAlpha=1.000000
nVideoEchoOrientation=2
nWaveMode=1
bAdditiveWaves=0
bWaveDots=1
bModWaveAlphaByVolume=0
bMaximizeWaveColor=0
bTexWrap=0
bDarkenCenter=0
bRedBlueStereo=0
bBrighten=0
bDarken=0
bSolarize=0
bInvert=0
fWaveAlpha=100.000000
fWaveScale=0.730087
fWaveSmoothing=0.900000
fWaveParam=0.000000
fModWaveAlphaStart=0.500000
fModWaveAlphaEnd=1.000000
fWarpAnimSpeed=1.000000
fWarpScale=1.000000
fZoomExponent=1.000000
fShader=1.000000
zoom=1.000000
rot=0.000000
cx=0.500000
cy=0.500000
dx=0.000000
dy=0.000000
warp=0.010000
sx=1.000000
sy=1.000000
wave_r=0.500000
wave_g=0.500000
wave_b=0.500000
wave_x=0.500000
wave_y=0.500000
ob_size=0.025000
ob_r=1.000000
ob_g=1.000000
ob_b=1.000000
ob_a=0.700000
ib_size=0.150000
ib_r=0.930000
ib_g=0.550000
ib_b=0.450000
ib_a=0.080000
nMotionVectorsX=0.000000
nMotionVectorsY=0.000000
mv_l=1.000000
mv_r=1.000000
mv_g=1.000000
mv_b=1.000000
mv_a=0.000000
per_frame_1=myVolume = min((bass+mid+treb)/3,2.5);
per_frame_2=wave_mystery = wave_mystery -0.75 + 0.75*sin(myVolume);
per_frame_3=zoom = zoom + 0.03*(myVolume -0.6);
per_frame_4=wave_x = wave_x +0.1*sin(5*time);
per_frame_5=wave_y = wave_y + 0.1*cos(5*time);
per_frame_6=wave_r = wave_r + 0.5*sin(1.2*time) + 2*sin(bass*2);
per_frame_7=wave_g = wave_g + 0.5*sin(1.3*time) + 2*sin (mid*2);
per_frame_8=wave_b = wave_b + 0.5*sin(2*time) + 2*sin (treb*2);
per_frame_9=zoom = zoom + 0.001;
per_frame_10=dx = dx - 0.0006*sin(time);
per_frame_11=dy = dy - 0.0006*cos(time);
per_pixel_1=warp = warp + if (above(rad,0.8), 0.2*bass-rad, 0);
per_pixel_2=dx = dx + if (below(x,0.5), +0.001*rad, -0.001*rad);
per_pixel_3=dy = dy + if (below(y,0.5), + 0.001*rad, - 0.001*rad);
per_pixel_4=rot = rot + if(below(rad,0.5), + 0.05*((-rad/bass*2.1) *rad*sin(treb)*-rad*cos(bass)), 0);
