[preset00]
fRating=3.000000
fGammaAdj=1.000000
fDecay=0.970000
fVideoEchoZoom=1.644625
fVideoEchoAlpha=0.500000
nVideoEchoOrientation=0
nWaveMode=0
bAdditiveWaves=0
bWaveDots=0
bWaveThick=0
bModWaveAlphaByVolume=0
bMaximizeWaveColor=0
bTexWrap=0
bDarkenCenter=0
bRedBlueStereo=0
bBrighten=0
bDarken=0
bSolarize=0
bInvert=0
fWaveAlpha=100.000000
fWaveScale=1.691364
fWaveSmoothing=0.000000
fWaveParam=-0.500000
fModWaveAlphaStart=0.500000
fModWaveAlphaEnd=1.000000
fWarpAnimSpeed=1.000000
fWarpScale=1.000000
fZoomExponent=1.000000
fShader=0.000000
zoom=1.000000
rot=0.000000
cx=0.500000
cy=0.500000
dx=0.000010
dy=0.000010
warp=0.010000
sx=1.000000
sy=1.000000
wave_r=1.000000
wave_g=1.000000
wave_b=1.000000
wave_x=0.500000
wave_y=0.500000
ob_size=0.300000
ob_r=0.000000
ob_g=1.000000
ob_b=0.000000
ob_a=1.000000
ib_size=0.050000
ib_r=0.000000
ib_g=0.000000
ib_b=1.000000
ib_a=1.000000
nMotionVectorsX=0.000000
nMotionVectorsY=0.000000
mv_dx=0.000000
mv_dy=0.000000
mv_l=1.000000
mv_r=1.000000
mv_g=1.000000
mv_b=1.000000
mv_a=0.000000
per_frame_1=wave_r = 1;
per_frame_2=wave_b = 0;
per_frame_3=wave_g = 0;
per_pixel_1=zoom = zoom + ((1-rad)*sin(8*bass_att))/50*sin(3*time);
per_pixel_2=sy = sy + (0.1*sin((rad*73)/bass))/5*sin(3*time);
per_pixel_3=sx = sx + (0.1*cos((rad*73)/treb))/5*cos(3*time);
per_pixel_4=zoom = zoom + (1-rad)*0.01*zoom*sin(time);
per_pixel_5=rot = rot - (0.9-rad)*0.1*bass*(sx/sy*(treb-bass));
per_pixel_6=warp = warp + 6*sqr(zoom*rot*sy*sx)*1-rad;
per_pixel_7=dx = dx + 0.45*(0.005*(zoom+rad)*(bass*treb*mid))*sin(3*time);
per_pixel_8=dy = dy + 0.45*(0.005*(zoom+rad)*(bass*treb*mid))*cos(3*time);
