[preset00]
fRating=2.000000
fGammaAdj=1.000000
fDecay=0.990000
fVideoEchoZoom=1.104621
fVideoEchoAlpha=0.300000
nVideoEchoOrientation=0
nWaveMode=7
bAdditiveWaves=0
bWaveDots=0
bWaveThick=1
bModWaveAlphaByVolume=1
bMaximizeWaveColor=0
bTexWrap=1
bDarkenCenter=0
bRedBlueStereo=0
bBrighten=0
bDarken=1
bSolarize=0
bInvert=0
fWaveAlpha=100.000000
fWaveScale=0.653088
fWaveSmoothing=0.500000
fWaveParam=0.000000
fModWaveAlphaStart=0.500000
fModWaveAlphaEnd=1.000000
fWarpAnimSpeed=0.010000
fWarpScale=100.000000
fZoomExponent=1.000000
fShader=0.000000
zoom=1.000000
rot=0.000000
cx=0.500000
cy=0.500000
dx=0.000010
dy=0.000010
warp=0.010000
sx=1.000000
sy=1.000000
wave_r=0.500000
wave_g=0.500000
wave_b=0.500000
wave_x=0.500000
wave_y=0.500000
ob_size=0.005000
ob_r=1.000000
ob_g=1.000000
ob_b=1.000000
ob_a=1.000000
ib_size=0.020000
ib_r=0.000000
ib_g=0.000000
ib_b=1.000000
ib_a=0.200000
nMotionVectorsX=0.000000
nMotionVectorsY=0.000000
mv_dx=0.000000
mv_dy=0.000000
mv_l=1.000000
mv_r=1.000000
mv_g=1.000000
mv_b=1.000000
mv_a=0.000000
per_frame_1=dx = dx + 0.02*sin(0.3*bass_att);
per_frame_2=dy = dy + 0.02*sin(0.3*treb_att);
per_frame_3=rot = rot + 0.05*sin(time);
per_frame_4=warp = 5*treb - bass*5;
per_frame_5=ob_a = ob_a + 0.1*sin(bass);
per_frame_6=wave_b = wave_b + if (above(bass,1.3), +5, 0.25);
per_pixel_1=rot = rot  + (if (below(rad,0.5*bass), +0.5*abs(1-rad)*sin(0.7*bass), -0.5*abs(1-rad)*sin(0.7*mid))) * 0.2;
per_pixel_2=zoom = zoom - 0.025*abs((1-rad)*sin(treb));
