[preset00]
fRating=2.000000
fGammaAdj=1.000000
fDecay=1.000000
fVideoEchoZoom=1.000000
fVideoEchoAlpha=0.000000
nVideoEchoOrientation=1
nWaveMode=6
bAdditiveWaves=1
bWaveDots=0
bWaveThick=1
bModWaveAlphaByVolume=0
bMaximizeWaveColor=1
bTexWrap=0
bDarkenCenter=0
bRedBlueStereo=1
bBrighten=0
bDarken=0
bSolarize=0
bInvert=0
fWaveAlpha=100.000000
fWaveScale=0.804864
fWaveSmoothing=0.900000
fWaveParam=0.000000
fModWaveAlphaStart=0.500000
fModWaveAlphaEnd=1.000000
fWarpAnimSpeed=1.000000
fWarpScale=1.000000
fZoomExponent=1.000000
fShader=0.000000
zoom=1.000000
rot=0.000000
cx=0.500000
cy=0.500000
dx=0.000010
dy=0.000010
warp=0.010000
sx=1.000000
sy=1.000000
wave_r=0.000000
wave_g=0.000000
wave_b=0.000000
wave_x=0.500000
wave_y=0.500000
ob_size=0.006500
ob_r=1.000000
ob_g=1.000000
ob_b=1.000000
ob_a=1.000000
ib_size=0.250000
ib_r=0.250000
ib_g=0.250000
ib_b=0.250000
ib_a=0.000000
nMotionVectorsX=0.000000
nMotionVectorsY=0.000000
mv_dx=0.000000
mv_dy=0.000000
mv_l=1.000000
mv_r=1.000000
mv_g=1.000000
mv_b=1.000000
mv_a=0.000000
per_frame_1=wave_mystery = if (above(bass_att,1), +1, 0);
per_frame_2=sx = sx + if (above(bass_att,1), +0.025, 0);
per_frame_3=sy = sy + if (above(bass_att,1), 0, +0.025);
per_frame_4=warp = 0;
per_frame_5=wave_r = 2;
per_frame_6=wave_g = -2;
per_frame_7=wave_b = -2;
per_frame_8=decay = if(above(progress,0.05), if (above(bass,1), 0.9999, 1), 0.995);
per_frame_9=wave_x = wave_x + 0.0025*sin(5*time);
per_frame_10=wave_y = wave_y + 0.0025*sin(5*time);
per_frame_11=ob_r = 2;
per_frame_12=ob_g = 2;
per_frame_13=ob_b= 1;
per_pixel_1=zoom = zoom + if (above(rad,0.1),
per_pixel_2=if(below(x,0.42), if(below(y,0.4), -0.05, 0), 0), 0);
per_pixel_3=zoom = zoom + if(above(rad,0.1),
per_pixel_4=if(above(x,0.58), if(below(y,0.4), -0.05, 0), 0), 0);
per_pixel_5=zoom = zoom + if(above(rad,0.1),
per_pixel_6=if(below(x,0.42), if(above(y,0.6), -0.05, 0), 0), 0);
per_pixel_7=zoom = zoom + if(above(rad,0.1),
per_pixel_8=if(above(x,0.58), if(above(y,0.6), -0.05, 0), 0), 0);
per_pixel_9=zoom = zoom + if(above(x,0.4), if(below(x,0.6), +0.02, 0), 0);
per_pixel_10=zoom = zoom + if(above(y,0.4), if(below(y,0.6), +0.02, 0), 0);
