[preset00]
fRating=0.000000
fGammaAdj=2.001000
fDecay=1.000000
fVideoEchoZoom=0.599990
fVideoEchoAlpha=1.000000
nVideoEchoOrientation=3
nWaveMode=1
bAdditiveWaves=1
bWaveDots=1
bWaveThick=0
bModWaveAlphaByVolume=0
bMaximizeWaveColor=0
bTexWrap=0
bDarkenCenter=0
bRedBlueStereo=1
bBrighten=1
bDarken=0
bSolarize=1
bInvert=0
fWaveAlpha=7.523890
fWaveScale=1.285751
fWaveSmoothing=0.630000
fWaveParam=0.000000
fModWaveAlphaStart=0.710000
fModWaveAlphaEnd=1.300000
fWarpAnimSpeed=1.000000
fWarpScale=1.331000
fZoomExponent=1.000000
fShader=0.000000
zoom=0.999513
rot=0.000000
cx=0.500000
cy=0.500000
dx=0.000000
dy=0.000000
warp=0.010100
sx=0.999999
sy=1.000000
wave_r=1.000000
wave_g=1.000000
wave_b=0.450000
wave_x=0.500000
wave_y=0.500000
ob_size=0.005000
ob_r=0.000000
ob_g=0.000000
ob_b=0.000000
ob_a=1.000000
ib_size=0.000000
ib_r=0.250000
ib_g=0.250000
ib_b=0.250000
ib_a=0.000000
nMotionVectorsX=12.000000
nMotionVectorsY=9.000000
mv_dx=0.000000
mv_dy=0.000000
mv_l=0.900000
mv_r=1.000000
mv_g=1.000000
mv_b=1.000000
mv_a=0.000000
per_frame_1=wave_x = wave_x + 0.050*(0.60*sin(2.121*time) + 0.40*sin(1.621*time));
per_frame_2=wave_y = wave_y - 0.050*(0.60*sin(1.742*time) + 0.40*sin(2.322*time));
per_frame_3=wave_r = wave_r + 0.200*(0.60*sin(0.823*time) + 0.40*sin(0.916*time));
per_frame_4=wave_g = wave_g - 0.500*(0.60*sin(0.900*time) - 0.40*sin(1.023*time));
per_frame_5=wave_b = wave_b - 0.500*(0.60*sin(0.808*time) - 0.40*sin(0.949*time));
per_frame_6=decay = 0.98 + 0.02*sin(time);
per_pixel_1=zoom = zoom + 0.02*bass + 0.01*sin(-0.02*rad);
per_pixel_2=rot = rot + 0.01*cos(rad);
per_pixel_3=dx = dx - 0.023*(0.22*rad)*sin(1.002*time);
per_pixel_4=dy = dy - 0.023*(0.22*rad)*cos(1.155*time);
