[preset00]
fRating=4.000000
fGammaAdj=1.000000
fDecay=1.000000
fVideoEchoZoom=1.000000
fVideoEchoAlpha=0.500000
nVideoEchoOrientation=3
nWaveMode=0
bAdditiveWaves=0
bWaveDots=0
bWaveThick=1
bModWaveAlphaByVolume=0
bMaximizeWaveColor=1
bTexWrap=0
bDarkenCenter=0
bRedBlueStereo=0
bBrighten=0
bDarken=0
bSolarize=0
bInvert=0
fWaveAlpha=100.000000
fWaveScale=2.063777
fWaveSmoothing=0.000000
fWaveParam=0.000000
fModWaveAlphaStart=0.500000
fModWaveAlphaEnd=1.000000
fWarpAnimSpeed=1.000000
fWarpScale=1.000000
fZoomExponent=1.000000
fShader=1.000000
zoom=1.000000
rot=0.000000
cx=0.500000
cy=0.500000
dx=0.000010
dy=0.000010
warp=0.010000
sx=1.000000
sy=1.000000
wave_r=0.500000
wave_g=0.500000
wave_b=0.500000
wave_x=0.500000
wave_y=0.500000
ob_size=0.005000
ob_r=0.000000
ob_g=0.000000
ob_b=0.300000
ob_a=0.200000
ib_size=0.050000
ib_r=0.000000
ib_g=0.200000
ib_b=0.300000
ib_a=0.100000
nMotionVectorsX=64.000000
nMotionVectorsY=48.000000
mv_dx=0.000000
mv_dy=0.000000
mv_l=5.000000
mv_r=0.300000
mv_g=0.000000
mv_b=0.000000
mv_a=0.000000
per_frame_1=wave_r = wave_r + 0.35*sin(1.4*time) + 0.25*sin(2.5*time);
per_frame_2=wave_g = wave_g + 0.35*sin(1.7*time) - 0.25*sin(1.11*time);
per_frame_3=wave_b = wave_b + 0.35*sin(1.84*time) + 0.25*sin(2.3*time);
per_frame_4=warp = 0;
per_frame_5=mv_r = 0.3 + 0.2*sin(treb_att*1.2);
per_frame_6=mv_b = 0.3 + 0.2*cos(bass);
per_frame_7=mv_g = 0.3 + 0.25*sin(time);
per_frame_8=mv_x = mv_x * 0.3*bass;
per_frame_9=mv_y = mv_y * 0.4*treb;
per_pixel_1=thresh = above(bass_att,thresh)*2+(1-above(bass_att,thresh))*((thresh-1.3)*0.96+1.3);
per_pixel_2=dx_r = equal(thresh,2)*0.015*sin(5*time)+(1-equal(thresh,2))*dx_r;
per_pixel_3=dy_r = equal(thresh,2)*0.015*sin(6*time)+(1-equal(thresh,2))*dy_r;
per_pixel_4=zoom = zoom - 0.6*rad*(0.7+0.1*sin(bass*time)-rad);
per_pixel_5=dy= dy + 1.99*dy_r*(rad*sin(5*treb_att))*(1-rad);
per_pixel_6=dx = dx + 1.5*dx_r *(rad*cos(5*bass_att))*(0.6*rad-0.7-rad);
per_pixel_7=rot = rot + 0.6*(0.7*sin(bass*treb)*x-0.033*ang)*(1-rad);
