[preset00]
fRating=2.000000
fGammaAdj=2.400000
fDecay=0.999000
fVideoEchoZoom=1.000000
fVideoEchoAlpha=0.000000
nVideoEchoOrientation=1
nWaveMode=0
bAdditiveWaves=0
bWaveDots=0
bWaveThick=0
bModWaveAlphaByVolume=1
bMaximizeWaveColor=0
bTexWrap=0
bDarkenCenter=0
bRedBlueStereo=0
bBrighten=1
bDarken=0
bSolarize=0
bInvert=0
fWaveAlpha=100.000000
fWaveScale=1.310600
fWaveSmoothing=0.900000
fWaveParam=-0.450000
fModWaveAlphaStart=0.500000
fModWaveAlphaEnd=1.000000
fWarpAnimSpeed=0.010000
fWarpScale=1.000154
fZoomExponent=0.499881
fShader=0.800000
zoom=1.009999
rot=0.000000
cx=0.500000
cy=0.500000
dx=0.000000
dy=0.000000
warp=0.010000
sx=0.999999
sy=1.000000
wave_r=0.500000
wave_g=1.000000
wave_b=1.000000
wave_x=0.500000
wave_y=0.500000
ob_size=0.015000
ob_r=0.000000
ob_g=0.000000
ob_b=0.500000
ob_a=0.500000
ib_size=0.000000
ib_r=1.000000
ib_g=1.000000
ib_b=0.250000
ib_a=0.200000
nMotionVectorsX=6.400000
nMotionVectorsY=4.800000
mv_dx=0.000000
mv_dy=0.000000
mv_l=3.500000
mv_r=0.000000
mv_g=0.000000
mv_b=1.000000
mv_a=0.000000
per_frame_1=wave_r = 7;
per_frame_2=wave_b = -2;
per_frame_3=wave_g = -2;
per_frame_4=rot = rot + 0.0*sin(time);
per_frame_5=ob_b = ob_b + 0.5*sin(0.62*time) - 0.4*sin(0.9*time) + 0.6*sin(1.1*time);
per_frame_6=ob_g = ob_g + 0.6*cos(0.5*time) - 0.2*sin(2*time) + 0.226*cos(time);
per_frame_7=ob_r = ob_r + 0.7*sin(0.25*time) - 0.5*sin(0.74*time) + 0.25*sin(1.8*time);
per_pixel_1=rot = rot + 0.25*((bass-treb)/mid/(9*sqrt(bass-rad)));
per_pixel_2=zoom = zoom - if(below(rad,0.75), rad*0.075, rad*0.005);
