[preset00]
fRating=2.000000
fGammaAdj=1.000000
fDecay=1.000000
fVideoEchoZoom=1.000000
fVideoEchoAlpha=0.000000
nVideoEchoOrientation=1
nWaveMode=0
bAdditiveWaves=0
bWaveDots=0
bWaveThick=1
bModWaveAlphaByVolume=0
bMaximizeWaveColor=1
bTexWrap=0
bDarkenCenter=0
bRedBlueStereo=0
bBrighten=1
bDarken=0
bSolarize=0
bInvert=0
fWaveAlpha=0.699730
fWaveScale=5.503150
fWaveSmoothing=0.000000
fWaveParam=-0.380000
fModWaveAlphaStart=0.500000
fModWaveAlphaEnd=1.000000
fWarpAnimSpeed=1.000000
fWarpScale=3.999138
fZoomExponent=0.599721
fShader=1.000000
zoom=1.000000
rot=0.000000
cx=0.500000
cy=0.500000
dx=0.000010
dy=0.000010
warp=0.010000
sx=1.000000
sy=1.000000
wave_r=0.000000
wave_g=0.000000
wave_b=0.000000
wave_x=0.500000
wave_y=0.500000
ob_size=0.150000
ob_r=0.400000
ob_g=0.400000
ob_b=0.400000
ob_a=1.000000
ib_size=0.050000
ib_r=1.000000
ib_g=1.000000
ib_b=0.000000
ib_a=0.300000
nMotionVectorsX=0.000000
nMotionVectorsY=0.000000
mv_dx=0.000000
mv_dy=0.000000
mv_l=1.000000
mv_r=1.000000
mv_g=1.000000
mv_b=1.000000
mv_a=0.000000
per_frame_1=wave_r = wave_r - 2 + sin(rand(5));
per_frame_2=wave_b = wave_b -2+ sin(rand(5));
per_frame_3=wave_g = wave_g -2+ sin(rand(5));
per_frame_4=wave_x = wave_x + 0.00*sin(0.8*time);
per_frame_5=wave_y = wave_y + 0.00*sin(0.5*time);
per_frame_6=q1 = wave_r;
per_frame_7=q2 = wave_g;
per_frame_8=q3 = wave_b;
per_frame_9=zoom = zoom - (q1+q1+q3)*0.015;
per_frame_10=dy = dy + (0.8*q2-0.7*q1)*0.01;
per_frame_11=dx = dx + (0.8*q3-0.7*q2)*0.01;
per_frame_12=rot = rot + if (above(bass,1.5), +(0.15*bass)*sin(5*time), 0);
per_pixel_1=rot =  rot + 0.75*sin(0.01 +(rad/100));
per_pixel_2=zoom = zoom - 0.11*((1-rad)/bass*treb);
per_pixel_3=warp = warp + if (above(rad,0.0), (0.1*q1/q2), 0);
