[preset00]
fRating=2.000000
fGammaAdj=1.000000
fDecay=0.980000
fVideoEchoZoom=1.000000
fVideoEchoAlpha=0.000000
nVideoEchoOrientation=1
nWaveMode=1
bAdditiveWaves=0
bWaveDots=1
bWaveThick=0
bModWaveAlphaByVolume=1
bMaximizeWaveColor=0
bTexWrap=0
bDarkenCenter=1
bRedBlueStereo=0
bBrighten=0
bDarken=0
bSolarize=0
bInvert=0
fWaveAlpha=100.000000
fWaveScale=0.796896
fWaveSmoothing=0.500000
fWaveParam=-0.500000
fModWaveAlphaStart=0.500000
fModWaveAlphaEnd=1.000000
fWarpAnimSpeed=1.000000
fWarpScale=1.000000
fZoomExponent=1.000000
fShader=0.000000
zoom=1.000000
rot=0.000000
cx=0.500000
cy=0.500000
dx=0.000010
dy=0.000010
warp=0.010000
sx=1.000000
sy=1.000000
wave_r=0.600000
wave_g=0.600000
wave_b=0.600000
wave_x=0.500000
wave_y=0.500000
ob_size=0.000000
ob_r=0.000000
ob_g=0.000000
ob_b=0.000000
ob_a=1.000000
ib_size=0.250000
ib_r=0.250000
ib_g=0.250000
ib_b=0.250000
ib_a=0.000000
nMotionVectorsX=0.000000
nMotionVectorsY=0.000000
mv_dx=0.000000
mv_dy=0.000000
mv_l=1.000000
mv_r=1.000000
mv_g=1.000000
mv_b=1.000000
mv_a=0.000000
per_frame_1=wave_r = wave_r + 0.4*sin(8*bass);
per_frame_2=wave_g = wave_g + 0.4*sin(8*treb);
per_frame_3=wave_b = wave_b + 0.4*sin(8*mid);
per_frame_4=zoom = zoom + if (above(rad,0.5 - 0.2*sin(1.5*bass)), 0.1*bass, 0);
per_frame_5=zoom = zoom + if (below(warp, 1), +0.03, 0);
per_frame_6=rot = rot + if (below(warp, 0), +0.025*bass, -0.025*bass);
per_frame_7=warp = warp + if (above(bass,1.1), +2, 0);
per_pixel_1=dx = dx + 0.005*treb/bass*cos(time)+0.01*sin(.5*ang*(2*bass));
per_pixel_2=dy = dy + 0.005*treb/bass*sin(time)+0.01*cos(.5*ang*(2*bass));
