[preset00]
fRating=2.000000
fGammaAdj=1.700000
fDecay=0.999000
fVideoEchoZoom=1.000000
fVideoEchoAlpha=0.000000
nVideoEchoOrientation=1
nWaveMode=5
bAdditiveWaves=0
bWaveDots=1
bWaveThick=0
bModWaveAlphaByVolume=0
bMaximizeWaveColor=0
bTexWrap=0
bDarkenCenter=0
bRedBlueStereo=0
bBrighten=1
bDarken=0
bSolarize=1
bInvert=0
fWaveAlpha=10.000780
fWaveScale=3.209173
fWaveSmoothing=0.500000
fWaveParam=0.000000
fModWaveAlphaStart=0.500000
fModWaveAlphaEnd=1.000000
fWarpAnimSpeed=0.499722
fWarpScale=1.751021
fZoomExponent=2.943518
fShader=1.000000
zoom=1.000000
rot=0.000000
cx=0.500000
cy=0.500000
dx=0.000010
dy=0.000010
warp=0.010000
sx=1.000000
sy=1.000000
wave_r=0.500000
wave_g=0.500000
wave_b=0.500000
wave_x=0.500000
wave_y=0.500000
ob_size=0.030000
ob_r=1.000000
ob_g=0.300000
ob_b=0.000000
ob_a=0.050000
ib_size=0.060000
ib_r=0.500000
ib_g=0.000000
ib_b=1.000000
ib_a=0.100000
nMotionVectorsX=0.000000
nMotionVectorsY=0.000000
mv_dx=0.000000
mv_dy=0.000000
mv_l=1.000000
mv_r=1.000000
mv_g=1.000000
mv_b=1.000000
mv_a=0.000000
per_frame_1=wave_g = wave_g + 0.25*cos(bass) +0.25*sin(treb);
per_frame_2=wave_b = wave_b - 0.25*sin(bass) + 0.25*cos(mid);
per_frame_3=wave_r = wave_r + 0.25*sin(mid) + 0.25*cos(treb);
per_frame_4=rot = rot + 0.01*(bass-mid)/treb;
per_frame_5=onetwo = 1*sin(time);
per_frame_6=rot = rot + if (below(onetwo,0), 0.05*sin(0.5*bass), -0.025*sin(0.5*bass));
per_frame_7=cx = cx + 0.25*sin(treb);
per_frame_8=cy = cy + 0.25*cos(mid);
per_pixel_1=
per_pixel_2=warp = warp + if (below(rad,0.5), if(above(rad,0.2), +3 - 5*bass, 0), +1);
per_pixel_3=zoom = zoom + if(above(rad,rad*sin(bass*sin(time))), +0.02, -0.02);
per_pixel_4=
per_pixel_5=zoom = zoom - if (above(bass,1.3), 0.1*sqrt(0.1*rad-(bass/treb)), 0);
