[preset00]
fRating=4.000000
fGammaAdj=1.000000
fDecay=1.000000
fVideoEchoZoom=1.000000
fVideoEchoAlpha=0.000000
nVideoEchoOrientation=1
nWaveMode=1
bAdditiveWaves=0
bWaveDots=0
bWaveThick=1
bModWaveAlphaByVolume=0
bMaximizeWaveColor=0
bTexWrap=0
bDarkenCenter=1
bRedBlueStereo=0
bBrighten=0
bDarken=0
bSolarize=0
bInvert=0
fWaveAlpha=100.000000
fWaveScale=0.972369
fWaveSmoothing=0.500000
fWaveParam=0.000000
fModWaveAlphaStart=0.500000
fModWaveAlphaEnd=1.000000
fWarpAnimSpeed=1.000000
fWarpScale=1.000000
fZoomExponent=1.000000
fShader=0.000000
zoom=1.000000
rot=0.000000
cx=0.500000
cy=0.500000
dx=0.000010
dy=0.000010
warp=0.010000
sx=1.000000
sy=1.000000
wave_r=0.000000
wave_g=0.000000
wave_b=1.000000
wave_x=0.500000
wave_y=0.500000
ob_size=0.000000
ob_r=0.000000
ob_g=0.000000
ob_b=0.000000
ob_a=1.000000
ib_size=0.300000
ib_r=0.000000
ib_g=0.000000
ib_b=0.000000
ib_a=0.050000
nMotionVectorsX=0.000000
nMotionVectorsY=0.000000
mv_dx=0.000000
mv_dy=0.000000
mv_l=1.000000
mv_r=1.000000
mv_g=1.000000
mv_b=1.000000
mv_a=0.000000
per_frame_1=
per_frame_2=wave_b = 5;
per_frame_3=wave_r = -2;
per_frame_4=wave_g =-2;
per_frame_5=zoom = zoom - 0.04*(bass+treb+mid)/3;
per_pixel_1=zoom = zoom + if (above(x,0.5-0.5*sin(bass)), if(below(x,0.5+0.5*sin(treb)), if(below(y,0.5+0.5*sin(mid)), if(above(y,0.5-0.5*sin(bass)), +0.05, 0), 0), 0), 0);
per_pixel_2=rot = rot + (0.1*rad-3*treb/bass)/100;
