[preset00]
fRating=2.000000
fGammaAdj=1.000000
fDecay=1.000000
fVideoEchoZoom=1.000000
fVideoEchoAlpha=0.000000
nVideoEchoOrientation=1
nWaveMode=0
bAdditiveWaves=0
bWaveDots=0
bWaveThick=0
bModWaveAlphaByVolume=0
bMaximizeWaveColor=0
bTexWrap=0
bDarkenCenter=0
bRedBlueStereo=0
bBrighten=1
bDarken=0
bSolarize=0
bInvert=0
fWaveAlpha=100.000000
fWaveScale=0.591237
fWaveSmoothing=0.900000
fWaveParam=-0.500000
fModWaveAlphaStart=0.500000
fModWaveAlphaEnd=1.000000
fWarpAnimSpeed=1.000000
fWarpScale=1.000000
fZoomExponent=0.999002
fShader=0.000000
zoom=1.000000
rot=0.000000
cx=0.500000
cy=0.500000
dx=0.000010
dy=0.000010
warp=0.010000
sx=1.000000
sy=1.000000
wave_r=1.000000
wave_g=1.000000
wave_b=1.000000
wave_x=0.500000
wave_y=0.500000
ob_size=0.005000
ob_r=0.000000
ob_g=0.000000
ob_b=0.000000
ob_a=1.000000
ib_size=0.500000
ib_r=0.350000
ib_g=1.000000
ib_b=0.150000
ib_a=0.040000
nMotionVectorsX=0.000000
nMotionVectorsY=0.000000
mv_dx=0.000000
mv_dy=0.000000
mv_l=1.000000
mv_r=1.000000
mv_g=1.000000
mv_b=1.000000
mv_a=0.000000
per_frame_1=wave_r = 5;
per_frame_2=wave_b =-2;
per_frame_3=wave_g = -2;
per_frame_4=dy = dy + ((0.5*mid_att*(0.5*treb_att*(0.5*bass_att*(0.2*time))))*0.00005)*cos(time);
per_frame_5=dx = dx + ((0.5*mid_att*(0.5*treb_att*(0.5*bass_att*(0.2*time))))*0.00005)*sin(time);
per_frame_6=warp = 0;
per_frame_7=rot = rot + (sqr(zoom))/50;
per_pixel_1=zoom = zoom - (sqrt(0.005*rad + 0.005*sin(time)) - 0.05*cos(rad*sin(time)))*1*rad;
