[preset00]
fRating=3.000000
fGammaAdj=1.000000
fDecay=0.990000
fVideoEchoZoom=1.000000
fVideoEchoAlpha=0.000000
nVideoEchoOrientation=1
nWaveMode=2
bAdditiveWaves=1
bWaveDots=0
bWaveThick=0
bModWaveAlphaByVolume=0
bMaximizeWaveColor=0
bTexWrap=1
bDarkenCenter=0
bRedBlueStereo=0
bBrighten=0
bDarken=0
bSolarize=0
bInvert=0
fWaveAlpha=100.000000
fWaveScale=0.399880
fWaveSmoothing=0.500000
fWaveParam=0.000000
fModWaveAlphaStart=0.500000
fModWaveAlphaEnd=1.000000
fWarpAnimSpeed=1.000000
fWarpScale=4.997643
fZoomExponent=1.104618
fShader=0.000000
zoom=1.000000
rot=0.000000
cx=0.500000
cy=0.500000
dx=0.000010
dy=0.000010
warp=0.010000
sx=1.000000
sy=1.000000
wave_r=1.000000
wave_g=1.000000
wave_b=1.000000
wave_x=0.500000
wave_y=0.500000
ob_size=0.300000
ob_r=0.400000
ob_g=0.700000
ob_b=0.500000
ob_a=0.100000
ib_size=0.250000
ib_r=0.250000
ib_g=0.250000
ib_b=0.250000
ib_a=0.000000
nMotionVectorsX=0.000000
nMotionVectorsY=0.000000
mv_dx=0.000000
mv_dy=0.000000
mv_l=1.000000
mv_r=1.000000
mv_g=1.000000
mv_b=1.000000
mv_a=0.000000
per_frame_1=wave_r = wave_r - + int(rand(5*bass));
per_frame_2=wave_g = wave_g -1 + int(rand(5*mid));
per_frame_3=wave_b = wave_b -1 +int(rand(5*treb));
per_frame_4=zoom = zoom + 0.008;
per_frame_5=rot = rot + 0.003*sqrt(bass_att+treb_att);
per_frame_6=dx = dx + min(0.005*int(rand(bass_att))+abs(treb_att)*0.001*sin(1.6*time), 0.01);
per_frame_7=dy = dy + min(0.005*int(rand(treb_att))+abs(bass_att)*0.001*sin(1.7*time), 0.01);
per_pixel_1=warp = warp + min(0.07*pow(rad,bass_att)*0.05 - 2*sin(bass_att)/treb , 1);
