[preset00]
fRating=2.000000
fGammaAdj=2.400000
fDecay=1.000000
fVideoEchoZoom=1.000000
fVideoEchoAlpha=0.000000
nVideoEchoOrientation=1
nWaveMode=2
bAdditiveWaves=0
bWaveDots=0
bWaveThick=0
bModWaveAlphaByVolume=0
bMaximizeWaveColor=0
bTexWrap=0
bDarkenCenter=0
bRedBlueStereo=0
bBrighten=1
bDarken=0
bSolarize=0
bInvert=0
fWaveAlpha=10.000743
fWaveScale=9.997585
fWaveSmoothing=0.500000
fWaveParam=-0.500000
fModWaveAlphaStart=0.500000
fModWaveAlphaEnd=1.000000
fWarpAnimSpeed=1.000000
fWarpScale=1.000000
fZoomExponent=1.000000
fShader=1.000000
zoom=1.000000
rot=0.000000
cx=0.500000
cy=0.500000
dx=0.000010
dy=0.000010
warp=0.010000
sx=1.000000
sy=1.000000
wave_r=1.000000
wave_g=1.000000
wave_b=1.000000
wave_x=0.500000
wave_y=0.500000
ob_size=0.005000
ob_r=0.000000
ob_g=0.000000
ob_b=0.000000
ob_a=1.000000
ib_size=0.000000
ib_r=1.000000
ib_g=0.000000
ib_b=0.000000
ib_a=0.100000
nMotionVectorsX=0.000000
nMotionVectorsY=0.000000
mv_dx=0.000000
mv_dy=0.000000
mv_l=1.000000
mv_r=1.000000
mv_g=1.000000
mv_b=1.000000
mv_a=0.000000
per_frame_1=wave_r = wave_r - 0.8*sin(5*bass)*2.5*time;
per_frame_2=wave_b = wave_b - 0.8*sin(5*treb)*2.35*time;
per_frame_3=wave_g = wave_g - 0.8*sin(5*mid)*2.44*time;
per_frame_4=zoom = zoom  - 0.01;
per_pixel_1=zoom = zoom + 0.05*sin(ang*5+2*sin(4*mid)-2*treb);
per_pixel_2=warp = warp + 0.5*cos(ang*5+2*sin(2*bass)-2*mid);
per_pixel_3=rot = rot + 0.05*sin(ang*5+2*sin(4*treb)-2*bass);
per_pixel_4=dx = dx + (0.001*cos(rad*4-3*treb))*sin(time);
per_pixel_5=dy = dy + (0.001*sin(rad*4-3*bass))*sin(time);
