[preset00]
fRating=3.000000
fGammaAdj=1.000000
fDecay=1.000000
fVideoEchoZoom=1.000000
fVideoEchoAlpha=0.000000
nVideoEchoOrientation=1
nWaveMode=6
bAdditiveWaves=0
bWaveDots=0
bWaveThick=1
bModWaveAlphaByVolume=0
bMaximizeWaveColor=0
bTexWrap=0
bDarkenCenter=0
bRedBlueStereo=0
bBrighten=0
bDarken=0
bSolarize=0
bInvert=0
fWaveAlpha=100.000000
fWaveScale=1.618384
fWaveSmoothing=0.800100
fWaveParam=0.000000
fModWaveAlphaStart=0.500000
fModWaveAlphaEnd=1.000000
fWarpAnimSpeed=100.000000
fWarpScale=100.000000
fZoomExponent=1.000000
fShader=1.000000
zoom=1.000000
rot=0.000000
cx=0.500000
cy=0.500000
dx=0.000010
dy=0.000010
warp=0.010000
sx=1.000000
sy=1.000000
wave_r=1.000000
wave_g=0.000000
wave_b=0.000000
wave_x=0.170000
wave_y=0.500000
ob_size=0.005000
ob_r=0.000000
ob_g=0.000000
ob_b=0.000000
ob_a=1.000000
ib_size=0.500000
ib_r=1.000000
ib_g=1.000000
ib_b=1.000000
ib_a=0.000000
nMotionVectorsX=38.399998
nMotionVectorsY=19.199999
mv_dx=0.000000
mv_dy=0.000000
mv_l=1.000000
mv_r=1.000000
mv_g=1.000000
mv_b=1.000000
mv_a=0.000000
per_frame_1=wave_r = 1;
per_frame_2=wave_b = 0;
per_frame_3=wave_g = 0.5;
per_frame_4=dy = dy - 0.005;
per_pixel_1=Volt = (bass*mid*treb)/3;
per_pixel_2=warp = warp + if (above(x, 0.45 + 0.6*sin(3*time/Volt)), if(below(x, 0.55 + 0.6*sin(3*time/Volt)), if(below(y, 0.75), if(above(rad,0.0), 1 + 0.3*sin(bass) , 0), 0), 0), 0);
per_pixel_3=sy = sy + if (above(y, 0.49 + 0.38*sin(3*time/Volt)), if(below(y, 0.51 + 0.38*sin(3*time/Volt)), if(below(rad, 1), -0.03*sin(bass), 0), 0), 0);
per_pixel_4=dy = dy + if
per_pixel_5=(above(x, 0.45 + 0.6*sin(1.11*time)), if
per_pixel_6=(below(x, 0.55 + 0.6*sin(1.11*time)), if
per_pixel_7=(above(y, 0.45 + 0.6*sin(1.5*time)), if
per_pixel_8=(below(y, 0.55 + 0.6*sin(1.5*time)), if
per_pixel_9=(below(y, 0.75), -0.02*sin(time), 0), 0), 0), 0), 0);
per_pixel_10=dy = dy + if
per_pixel_11=(above(x, 0.45 + 0.6*sin(1.21*time)), if
per_pixel_12=(below(x, 0.55 + 0.6*sin(1.21*time)), if
per_pixel_13=(above(y, 0.45 + 0.6*sin(1.35*time)), if
per_pixel_14=(below(y, 0.55 + 0.6*sin(1.35*time)), if
per_pixel_15=(below(y, 0.75), -0.02*sin(0.76*time), 0), 0), 0), 0), 0);
