[preset00]
fRating=2.000000
fGammaAdj=1.000000
fDecay=0.930000
fVideoEchoZoom=4.149117
fVideoEchoAlpha=0.000000
nVideoEchoOrientation=1
nWaveMode=0
bAdditiveWaves=1
bWaveDots=0
bWaveThick=1
bModWaveAlphaByVolume=1
bMaximizeWaveColor=0
bTexWrap=0
bDarkenCenter=0
bRedBlueStereo=0
bBrighten=0
bDarken=0
bSolarize=0
bInvert=0
fWaveAlpha=0.030216
fWaveScale=20.350674
fWaveSmoothing=0.500000
fWaveParam=0.000000
fModWaveAlphaStart=0.500000
fModWaveAlphaEnd=1.000000
fWarpAnimSpeed=1.000000
fWarpScale=1.000000
fZoomExponent=1.000000
fShader=1.000000
zoom=1.000000
rot=0.000000
cx=0.500000
cy=0.500000
dx=0.000010
dy=0.000010
warp=0.010000
sx=1.000000
sy=1.000000
wave_r=1.000000
wave_g=1.000000
wave_b=0.000000
wave_x=0.500000
wave_y=0.500000
ob_size=0.005000
ob_r=0.000000
ob_g=0.000000
ob_b=0.000000
ob_a=1.000000
ib_size=0.250000
ib_r=0.250000
ib_g=0.250000
ib_b=0.250000
ib_a=0.000000
nMotionVectorsX=18.559999
nMotionVectorsY=14.879993
mv_dx=0.000000
mv_dy=0.000000
mv_l=1.000000
mv_r=1.000000
mv_g=1.000000
mv_b=1.000000
mv_a=0.000000
per_frame_1=wave_r = wave_r + if(below(wave_b, 1), if(below(wave_g,1), +8*volt, -2*sin(0.5*time)), -2*sin(0.5*time));
per_frame_2=wave_b = wave_b +if(below(wave_g,1), if(below(wave_r,1), +8*volt, -2*sin(0.7*time)), -2*sin(0.7*time));
per_frame_3=wave_g = wave_g +if(below(wave_r,1), if(below(wave_b,1), +8*volt, -2*sin(0.8*time)), -2*sin(0.8*time));
per_pixel_1=zoom = zoom + if
per_pixel_2=(below(rad, + 0.5 + 0.45*sin(2*volt)), +0.2, 0);
per_pixel_3=volt = (bass_att*treb_att*mid_att)/3;
per_pixel_4=zoom = zoom + if
per_pixel_5=(below(rad, 0.25 + 0.05*sin(4*volt)), -10, 0);
per_pixel_6=warp = warp +0.25*rad+bass*0.25;
