[preset00]
fRating=4.000000
fGammaAdj=1.000000
fDecay=1.000000
fVideoEchoZoom=0.342102
fVideoEchoAlpha=0.000000
nVideoEchoOrientation=1
nWaveMode=5
bAdditiveWaves=0
bWaveDots=1
bWaveThick=1
bModWaveAlphaByVolume=1
bMaximizeWaveColor=0
bTexWrap=1
bDarkenCenter=0
bRedBlueStereo=0
bBrighten=0
bDarken=0
bSolarize=0
bInvert=0
fWaveAlpha=100.000000
fWaveScale=2.380962
fWaveSmoothing=0.500000
fWaveParam=0.000000
fModWaveAlphaStart=0.500000
fModWaveAlphaEnd=1.000000
fWarpAnimSpeed=1.000000
fWarpScale=1.000000
fZoomExponent=1.000000
fShader=0.000000
zoom=1.000000
rot=0.000000
cx=0.500000
cy=0.500000
dx=0.000010
dy=0.000010
warp=0.010000
sx=1.000000
sy=1.000000
wave_r=1.000000
wave_g=1.000000
wave_b=1.000000
wave_x=0.500000
wave_y=0.500000
ob_size=0.005000
ob_r=0.000000
ob_g=0.000000
ob_b=0.000000
ob_a=0.000000
ib_size=0.250000
ib_r=0.000000
ib_g=0.000000
ib_b=0.000000
ib_a=0.100000
nMotionVectorsX=0.000000
nMotionVectorsY=0.000000
mv_dx=0.000000
mv_dy=0.000000
mv_l=1.000000
mv_r=1.000000
mv_g=1.000000
mv_b=1.000000
mv_a=0.000000
per_frame_1=ob_size = if(below(ib_size,ob_size),1*sin(0.5*cos(time)), 0);
per_frame_2=ib_size = 0.6*cos(0.5*sin(time));
per_frame_3=ob_r = ob_r + 0.5 + 0.25*sin(1.33*time);
per_frame_4=ob_b = ob_b + 0.5 + 0.25*sin(1.2*time);
per_frame_5=ob_g = ob_g + 0.5 + 0.25*sin(1.5*time);
per_frame_6=ib_r = ib_r + 0.5*ob_r;
per_frame_7=ib_b = ib_b + 0.5*ob_b;
per_frame_8=ib_g = ib_g + 0.5*ob_g;
per_frame_9=wave_r = 1 - ob_r;
per_frame_10=wave_b = 1 - ob_g;
per_frame_11=wave_g = 1 - ob_b;
per_frame_12=ib_a = ib_a + int(rand(2));
per_frame_13=q1 = ob_a;
per_frame_14=q2 = ib_a;
per_frame_15=warp = 0;
per_frame_16=zoom = zoom + 0.9;
per_pixel_1=rot = rot - ((bass+rad-treb)/5);
per_pixel_2=zoom = zoom - sqrt((1-rad) - (q2+q1)*sin(bass-treb));
