[preset00]
fRating=4.000000
fGammaAdj=1.000000
fDecay=1.000000
fVideoEchoZoom=2.704809
fVideoEchoAlpha=0.200000
nVideoEchoOrientation=0
nWaveMode=2
bAdditiveWaves=1
bWaveDots=1
bWaveThick=1
bModWaveAlphaByVolume=0
bMaximizeWaveColor=0
bTexWrap=0
bDarkenCenter=0
bRedBlueStereo=0
bBrighten=0
bDarken=0
bSolarize=0
bInvert=0
fWaveAlpha=100.000000
fWaveScale=1.599182
fWaveSmoothing=0.500000
fWaveParam=-0.500000
fModWaveAlphaStart=0.500000
fModWaveAlphaEnd=1.000000
fWarpAnimSpeed=100.000000
fWarpScale=100.000000
fZoomExponent=1.000000
fShader=1.000000
zoom=1.000000
rot=0.000000
cx=0.500000
cy=0.500000
dx=0.000010
dy=0.000010
warp=0.010000
sx=1.000000
sy=1.000000
wave_r=0.000000
wave_g=0.000000
wave_b=0.000000
wave_x=0.500000
wave_y=0.500000
ob_size=0.005000
ob_r=0.000000
ob_g=0.000000
ob_b=0.000000
ob_a=1.000000
ib_size=0.300000
ib_r=0.000000
ib_g=0.000000
ib_b=1.000000
ib_a=0.000000
nMotionVectorsX=0.000000
nMotionVectorsY=0.000000
mv_dx=0.000000
mv_dy=0.000000
mv_l=1.000000
mv_r=1.000000
mv_g=1.000000
mv_b=1.000000
mv_a=0.000000
per_frame_1=wave_x = wave_x + 0.2*sin(10*bass);
per_frame_2=wave_y = wave_y + 0.2*sin(5*bass);
per_frame_3=wave_r = wave_r + 1;
per_frame_4=wave_g =wave_g + int(rand(2));
per_frame_5=wave_b = 0;
per_frame_6=dy = dy - 0.003;
per_pixel_1=warp = warp + if (below(y, 0.95), +0.5*sin(bass*time), 0);
