[preset00]
fRating=2.000000
fGammaAdj=1.000000
fDecay=0.970000
fVideoEchoZoom=1.000000
fVideoEchoAlpha=0.000000
nVideoEchoOrientation=1
nWaveMode=7
bAdditiveWaves=1
bWaveDots=0
bWaveThick=0
bModWaveAlphaByVolume=0
bMaximizeWaveColor=1
bTexWrap=0
bDarkenCenter=0
bRedBlueStereo=0
bBrighten=0
bDarken=0
bSolarize=0
bInvert=0
fWaveAlpha=100.000000
fWaveScale=0.184203
fWaveSmoothing=0.900000
fWaveParam=0.000000
fModWaveAlphaStart=0.500000
fModWaveAlphaEnd=1.000000
fWarpAnimSpeed=1.000000
fWarpScale=100.000000
fZoomExponent=1.000000
fShader=0.000000
zoom=1.000000
rot=0.000000
cx=0.500000
cy=0.500000
dx=0.000000
dy=0.000010
warp=0.010000
sx=1.000000
sy=1.000000
wave_r=0.000000
wave_g=0.800000
wave_b=0.100000
wave_x=0.500000
wave_y=0.600000
ob_size=0.005000
ob_r=0.010000
ob_g=0.000000
ob_b=0.000000
ob_a=1.000000
ib_size=0.250000
ib_r=0.250000
ib_g=0.250000
ib_b=0.250000
ib_a=0.000000
nMotionVectorsX=0.000000
nMotionVectorsY=0.000000
mv_dx=0.000000
mv_dy=0.000000
mv_l=1.000000
mv_r=1.000000
mv_g=1.000000
mv_b=1.000000
mv_a=0.000000
per_frame_1=wave_r = wave_r + if (above(bass, 1.5), +1, 0);
per_frame_2=wave_b = wave_b - if(above(treb, 1), 1, 0);
per_pixel_1=zoom = zoom + if (above(y, 0*sin(time)), if(below(y, 0.5*sin(time)), +0.05*sin(0.5*treb_att) + 0.045*cos(2*mid_att), 0), 0);
per_pixel_2=zoom = zoom + if (above(y, 0.5), if(below(y,1*sin(0.9*time)), -0.05*cos(0.5*bass_att) + 0.06*sin(0.8*mid_att), 0), 0);
per_pixel_3=
per_pixel_4=sy = sy + if (above(x, +0.45 + 0.47*sin(time) - 0.2*tan(time) + 0.2*tan(0.7*time)),
per_pixel_5=if (below(x, +0.55 + 0.47*sin(time) -0.2*tan(time) + 0.2*tan(0.7*time)), +0.1*sin(bass), 0), 0);
per_pixel_6=
per_pixel_7=zoom = zoom + if (below(zoom, 0.9999), -zoom +1.020, 0);
