[preset00]
fRating=2.000000
fGammaAdj=1.000000
fDecay=0.980000
fVideoEchoZoom=1.220188
fVideoEchoAlpha=0.500000
nVideoEchoOrientation=2
nWaveMode=4
bAdditiveWaves=0
bWaveDots=0
bWaveThick=1
bModWaveAlphaByVolume=0
bMaximizeWaveColor=0
bTexWrap=0
bDarkenCenter=0
bRedBlueStereo=0
bBrighten=0
bDarken=0
bSolarize=0
bInvert=0
fWaveAlpha=100.000000
fWaveScale=0.080814
fWaveSmoothing=0.500000
fWaveParam=-0.400000
fModWaveAlphaStart=0.500000
fModWaveAlphaEnd=1.000000
fWarpAnimSpeed=1.000000
fWarpScale=1.000000
fZoomExponent=1.000000
fShader=0.000000
zoom=1.000000
rot=0.000000
cx=0.500000
cy=0.500000
dx=0.000010
dy=0.000010
warp=0.010000
sx=1.000000
sy=1.000000
wave_r=0.500000
wave_g=0.500000
wave_b=0.500000
wave_x=0.000000
wave_y=0.000000
ob_size=0.500000
ob_r=0.000000
ob_g=0.000000
ob_b=0.000000
ob_a=0.000000
ib_size=0.050000
ib_r=0.200000
ib_g=0.300000
ib_b=1.000000
ib_a=1.000000
nMotionVectorsX=0.000000
nMotionVectorsY=0.000000
mv_dx=0.000000
mv_dy=0.000000
mv_l=1.000000
mv_r=1.000000
mv_g=1.000000
mv_b=1.000000
mv_a=0.000000
per_frame_1=wave_r = wave_r + 0.35*sin(4*time) + 0.15*sin(2.5*time);
per_frame_2=wave_g = wave_g + 0.35*sin(3.7*time) + 0.15*sin(2.11*time);
per_frame_3=wave_b = wave_b + 0.35*sin(3.84*time) + 0.15*sin(2.3*time);
per_frame_4=warp = 0;
per_frame_5=wave_x = wave_x + if (above(sin(100*time),  0),  0.75, 0.25);
per_frame_6=wave_y = wave_y + if (above(sin(100*time), 0), 0, 1);
per_frame_7=ob_size = 0.85;
per_frame_8=ib_r = wave_r;
per_frame_9=ib_g = wave_g;
per_frame_10=ib_b = wave_b;
per_pixel_1=thresh = above(bass_att,thresh)*2+(1-above(bass_att,thresh))*((thresh-1.3)*0.96+1.3);
per_pixel_2=dx_r = equal(thresh,2)*0.015*sin(5*time)+(1-equal(thresh,2))*dx_r;
per_pixel_3=dy_r = equal(thresh,2)*0.015*sin(6*time)+(1-equal(thresh,2))*dy_r;
per_pixel_4=dy = dy + if (below(x,0.35), +0.01, 0);
per_pixel_5=dy = dy + if (above(x,0.65), -0.01, 0);
per_pixel_6=
per_pixel_7=dx = dx + above(bass,1.1)*dx_r;
per_pixel_8=dy = dy + if (above(x,0.35), if(below(x,0.65), if(below(y,0.38), +0.05, 0), 0), 0);
per_pixel_9=dy = dy + if(above(x,0.35), if(below(x,0.65), if(above(y,0.62), -0.05, 0), 0), 0);
