[preset00]
fRating=4.000000
fGammaAdj=1.000000
fDecay=0.999000
fVideoEchoZoom=1.000000
fVideoEchoAlpha=0.500000
nVideoEchoOrientation=3
nWaveMode=0
bAdditiveWaves=0
bWaveDots=0
bWaveThick=0
bModWaveAlphaByVolume=0
bMaximizeWaveColor=0
bTexWrap=0
bDarkenCenter=0
bRedBlueStereo=0
bBrighten=0
bDarken=0
bSolarize=0
bInvert=0
fWaveAlpha=100.000000
fWaveScale=3.499372
fWaveSmoothing=0.500000
fWaveParam=0.000000
fModWaveAlphaStart=0.500000
fModWaveAlphaEnd=1.000000
fWarpAnimSpeed=1.000000
fWarpScale=1.000000
fZoomExponent=1.000000
fShader=0.000000
zoom=1.000000
rot=0.000000
cx=0.500000
cy=0.500000
dx=0.000010
dy=0.000010
warp=0.010000
sx=1.000000
sy=1.000000
wave_r=1.000000
wave_g=1.000000
wave_b=1.000000
wave_x=0.500000
wave_y=0.500000
ob_size=0.005000
ob_r=0.000000
ob_g=0.000000
ob_b=0.000000
ob_a=1.000000
ib_size=0.250000
ib_r=0.250000
ib_g=0.250000
ib_b=0.250000
ib_a=0.000000
nMotionVectorsX=0.000000
nMotionVectorsY=0.000000
mv_dx=0.000000
mv_dy=0.000000
mv_l=1.000000
mv_r=1.000000
mv_g=1.000000
mv_b=1.000000
mv_a=0.000000
per_frame_1=wave_r = 1;
per_frame_2=wave_g = 0.4 + 0.3*sin(time);
per_frame_3=wave_b = 0;
per_frame_4=dull = (bass+treb+mid)/3;
per_frame_5=wave_mystery = if(below(dull,1), -0.5, 0);
per_frame_6=zoomexp = 0.1;
per_pixel_1=zoom = zoom + if (above(bass,1.1), - sin(rad*2)/10 * 0.5*sin(5*mid),
per_pixel_2=+ sin(rad)/30 * 0.5*sin(5*mid));
per_pixel_3=rot = rot + 0.01*x*sin(bass) + 0.1*x*cos(0.75*bass);
per_pixel_4=rot = rot + 0.01*y*sin(0.75*bass) + 0.01*y*cos(bass);
