[preset00]
fRating=4.000000
fGammaAdj=1.000000
fDecay=0.940000
fVideoEchoZoom=0.999995
fVideoEchoAlpha=0.500000
nVideoEchoOrientation=1
nWaveMode=7
bAdditiveWaves=1
bWaveDots=0
bWaveThick=1
bModWaveAlphaByVolume=0
bMaximizeWaveColor=1
bTexWrap=1
bDarkenCenter=0
bRedBlueStereo=0
bBrighten=0
bDarken=0
bSolarize=0
bInvert=0
fWaveAlpha=100.000000
fWaveScale=0.299446
fWaveSmoothing=0.900000
fWaveParam=1.000000
fModWaveAlphaStart=0.500000
fModWaveAlphaEnd=1.000000
fWarpAnimSpeed=1.000000
fWarpScale=0.010000
fZoomExponent=1.000000
fShader=0.600000
zoom=0.999999
rot=0.000000
cx=0.500000
cy=0.500000
dx=0.000010
dy=0.000010
warp=0.010000
sx=1.100401
sy=0.999998
wave_r=0.500000
wave_g=0.500000
wave_b=0.500000
wave_x=0.500000
wave_y=0.500000
ob_size=0.050000
ob_r=0.010000
ob_g=0.200000
ob_b=0.300000
ob_a=1.000000
ib_size=0.250000
ib_r=0.450000
ib_g=0.800000
ib_b=0.250000
ib_a=0.080000
nMotionVectorsX=64.000000
nMotionVectorsY=6.239900
mv_dx=0.000000
mv_dy=0.000000
mv_l=0.050000
mv_r=1.000000
mv_g=0.600000
mv_b=0.000000
mv_a=0.000000
per_frame_1=wave_b = wave_b +1 + 1*sin(time);
per_frame_2=wave_r = wave_r + 0.5*sin(0.99*time);
per_frame_3=wave_g=wave_g + 0.5*sin(1.22*time);
per_frame_4=wave_b = wave_b + 0.5*sin(1.55*time);
per_frame_5=wave_mystery = wave_mystery + time/4;
per_frame_6=ib_r =  ib_r + wave_r - 0.1; ib_g = ib_g + wave_g - 0.1; ib_b = ib_b + wave_b - 0.1;
per_frame_7=rot = rot + if (above(bass,0.1), + 0.02, 0);
per_frame_8=block = (wave_mystery*(bass+treb+mid)/3);
per_frame_9=zoom = zoom + 0.5*(0.01*sin(0.2*block));
per_pixel_1=dx = dx + if (below(bass,1.2), (1-rad)*0.05*sin(treb_att*time), 0);
per_pixel_2=dy = dy + if (below(treb,1.2), (1-rad)*0.05*sin(bass_att*time), 0);
per_pixel_3=dx = dx + if (above(bass,1.2), if(below(x*(x-y),0.5), + 0.08*(0.4-rad), -0.08*(0.4-rad)), 0);
per_pixel_4=dy = dy + if (above(treb,1.2), if(below(y*x,0.5), +0.08*(0.4-rad), -0.08*(0.4-rad)),0);
per_pixel_5=
per_pixel_6=rot = rot + 0.05*abs(0.3-bass+rad*(3*bass*abs(ang*0.1*(0.5-rad))));
