[preset00]
fRating=2.000000
fGammaAdj=1.000000
fDecay=1.000000
fVideoEchoZoom=1.000000
fVideoEchoAlpha=0.000000
nVideoEchoOrientation=1
nWaveMode=0
bAdditiveWaves=0
bWaveDots=0
bWaveThick=1
bModWaveAlphaByVolume=0
bMaximizeWaveColor=0
bTexWrap=0
bDarkenCenter=0
bRedBlueStereo=0
bBrighten=0
bDarken=0
bSolarize=0
bInvert=0
fWaveAlpha=100.000000
fWaveScale=0.010000
fWaveSmoothing=0.500000
fWaveParam=0.000000
fModWaveAlphaStart=0.500000
fModWaveAlphaEnd=1.000000
fWarpAnimSpeed=1.000000
fWarpScale=1.000000
fZoomExponent=1.000000
fShader=0.000000
zoom=1.000000
rot=0.000000
cx=0.500000
cy=0.500000
dx=0.000010
dy=0.000010
warp=0.010000
sx=1.000000
sy=1.000000
wave_r=1.000000
wave_g=1.000000
wave_b=1.000000
wave_x=0.500000
wave_y=0.500000
ob_size=0.300000
ob_r=1.000000
ob_g=1.000000
ob_b=1.000000
ob_a=1.000000
ib_size=0.050000
ib_r=1.000000
ib_g=1.000000
ib_b=0.000000
ib_a=1.000000
nMotionVectorsX=64.000000
nMotionVectorsY=48.000000
mv_dx=0.000000
mv_dy=0.000000
mv_l=0.000000
mv_r=1.000000
mv_g=0.600000
mv_b=0.000000
mv_a=0.000000
per_frame_1=wave_r = -2;
per_frame_2=wave_b = -2;
per_frame_3=wave_g = +4;
per_frame_4=zoom = zoom - 0.25*(sin(bass_att) - sin(treb_att));
per_pixel_1=rot = rot + (abs(dx)*(sin(10*ang + 5*sin(8*bass)))*0.05)/abs(0.3*dy);
