[preset00]
fRating=2.000000
fGammaAdj=1.700000
fDecay=1.000000
fVideoEchoZoom=1.000000
fVideoEchoAlpha=0.000000
nVideoEchoOrientation=1
nWaveMode=4
bAdditiveWaves=0
bWaveDots=0
bWaveThick=0
bModWaveAlphaByVolume=0
bMaximizeWaveColor=0
bTexWrap=0
bDarkenCenter=0
bRedBlueStereo=0
bBrighten=0
bDarken=1
bSolarize=0
bInvert=0
fWaveAlpha=0.001000
fWaveScale=0.020068
fWaveSmoothing=0.900000
fWaveParam=0.000000
fModWaveAlphaStart=0.500000
fModWaveAlphaEnd=1.000000
fWarpAnimSpeed=0.010000
fWarpScale=1.000154
fZoomExponent=1.028415
fShader=1.000000
zoom=0.999999
rot=0.000000
cx=0.500000
cy=0.500000
dx=0.000000
dy=0.000000
warp=0.010000
sx=0.999999
sy=1.000000
wave_r=1.000000
wave_g=1.000000
wave_b=1.000000
wave_x=0.500000
wave_y=0.015000
ob_size=0.005000
ob_r=0.000000
ob_g=0.000000
ob_b=0.500000
ob_a=0.100000
ib_size=0.000000
ib_r=1.000000
ib_g=1.000000
ib_b=0.250000
ib_a=0.000000
nMotionVectorsX=6.400000
nMotionVectorsY=4.800000
mv_dx=0.000000
mv_dy=0.000000
mv_l=3.500000
mv_r=0.000000
mv_g=0.000000
mv_b=1.000000
mv_a=0.000000
per_frame_1=wave_x = wave_x + (0.48*sin(4*bass*treb*mid))*sin(2*time) - (0.48*cos(4*bass*treb*mid))*cos(2*time);
per_frame_2=decay = + if (above(progress, 0.99), 0.9, 1);
per_frame_3=wave_b = +5;
per_frame_4=wave_r = +5;
per_frame_5=wave_g = +5;
per_frame_6=ob_g = ob_g + 1*sin(1.5*mid);
per_frame_7=ob_r = ob_r + 1*sin(1.5*treb);
per_frame_8=ob_b = ob_b + 1*sin(1.5*bass);
per_frame_9=dy = dy - 0.01 + 0.002*sin(0.01*time);
per_frame_10=warp = 0;
