[preset00]
fRating=2.000000
fGammaAdj=2.400000
fDecay=0.995000
fVideoEchoZoom=1.000000
fVideoEchoAlpha=0.000000
nVideoEchoOrientation=1
nWaveMode=0
bAdditiveWaves=0
bWaveDots=0
bWaveThick=1
bModWaveAlphaByVolume=0
bMaximizeWaveColor=0
bTexWrap=0
bDarkenCenter=0
bRedBlueStereo=0
bBrighten=1
bDarken=0
bSolarize=1
bInvert=0
fWaveAlpha=100.000000
fWaveScale=1.488620
fWaveSmoothing=0.000000
fWaveParam=-0.500000
fModWaveAlphaStart=0.500000
fModWaveAlphaEnd=1.000000
fWarpAnimSpeed=1.000000
fWarpScale=1.000000
fZoomExponent=0.010000
fShader=1.000000
zoom=1.000000
rot=0.000000
cx=0.500000
cy=0.500000
dx=0.000010
dy=0.000010
warp=0.010000
sx=1.000000
sy=1.000000
wave_r=1.000000
wave_g=1.000000
wave_b=1.000000
wave_x=0.500000
wave_y=0.500000
ob_size=0.000000
ob_r=0.010000
ob_g=0.000000
ob_b=0.000000
ob_a=1.000000
ib_size=0.250000
ib_r=0.250000
ib_g=0.250000
ib_b=0.250000
ib_a=0.000000
nMotionVectorsX=0.000000
nMotionVectorsY=0.000000
mv_dx=0.000000
mv_dy=0.000000
mv_l=1.000000
mv_r=1.000000
mv_g=1.000000
mv_b=1.000000
mv_a=0.000000
per_frame_1=wave_r = wave_r + 0.5*sin(5*bass)*time*5;
per_frame_2=wave_b = wave_b + 0.5*sin(5*treb)*time*5;
per_frame_3=wave_g = wave_g + 0.5*sin(5*mid)*time*5;
per_frame_4=wave_x = wave_x + 0.30*sin(2.5*time);
per_frame_5=wave_y = wave_y + 0.30*cos(2.5*time);
per_frame_6=rot =  rot + 0.05;
per_frame_7=cx = cx + 5*rot*cos(time);
per_frame_8=cy = cy + 5*rot*sin(time);
per_pixel_1=sx = sx + if (above(rad, 0.52 + 0.07*sin(time)), +0.05, -0.01);
per_pixel_2=sy = sy + if (above(rad, 0.52 + 0.07*sin(time)), +0.05, -0.01);
per_pixel_3=sx = sx + if(above(rad,0.7), +0.05, +0.00);
per_pixel_4=sy =sy + if(above(rad,0.7), +0.05, +0.00);
per_pixel_5=warp = warp + if (above(rad,0.86), 0, 0);
