[preset00]
fRating=3.000000
fGammaAdj=1.000000
fDecay=0.999000
fVideoEchoZoom=0.999609
fVideoEchoAlpha=0.000000
nVideoEchoOrientation=0
nWaveMode=0
bAdditiveWaves=0
bWaveDots=0
bModWaveAlphaByVolume=0
bMaximizeWaveColor=0
bTexWrap=0
bDarkenCenter=0
bRedBlueStereo=0
bBrighten=1
bDarken=1
bSolarize=0
bInvert=0
fWaveAlpha=100.000000
fWaveScale=0.100490
fWaveSmoothing=0.900000
fWaveParam=-0.484000
fModWaveAlphaStart=2.000000
fModWaveAlphaEnd=2.000000
fWarpAnimSpeed=1.000000
fWarpScale=1.000000
fZoomExponent=1.000000
fShader=0.000000
zoom=1.000000
rot=0.000000
cx=0.500000
cy=0.500000
dx=-0.012000
dy=0.000000
warp=0.010000
sx=1.000000
sy=1.000000
wave_r=0.000000
wave_g=1.000000
wave_b=0.000000
wave_x=0.900000
wave_y=0.500000
ob_size=0.010000
ob_r=0.000000
ob_g=0.000000
ob_b=0.000000
ob_a=0.000000
ib_size=0.010000
ib_r=0.250000
ib_g=0.250000
ib_b=0.250000
ib_a=0.000000
nMotionVectorsX=64.000000
nMotionVectorsY=3.984009
mv_r=1.000000
mv_g=1.000000
mv_b=1.000000
mv_a=1.000000
per_frame_1=dx=dx-0.0005;
per_frame_2=dy=dy-0.0005;
per_frame_3=basseffect = max(max(bass,att)-1,0);
per_frame_4=wave_y=min(0.35+(bass_att*0.2),1);
per_frame_5=decay=if(above(progress,0.05),1,0);
per_frame_6=mv_y =4- min(((bass_att+bass)-2)*0.25,0.9);
per_frame_7=mv_r = basseffect*4;
per_frame_8=mv_b = basseffect*3;
per_frame_9=mv_g = basseffect*3.5;
