[preset00] 
fGammaAdj=1.000000 
fDecay=0.965000 
fVideoEchoZoom=82.773888 
fVideoEchoAlpha=0.000000 
nVideoEchoOrientation=3 
nWaveMode=3 
bAdditiveWaves=0 
bWaveDots=0 
bModWaveAlphaByVolume=1 
bMaximizeWaveColor=0 
bTexWrap=0 
bDarkenCenter=1 
bMotionVectorsOn=0 
bRedBlueStereo=0 
nMotionVectorsX=12 
nMotionVectorsY=9 
bBrighten=0 
bDarken=0 
bSolarize=0 
bInvert=0 
fWaveAlpha=90.528610 
fWaveScale=1.141599 
fWaveSmoothing=0.630000 
fWaveParam=-1.000000 
fModWaveAlphaStart=0.750000 
fModWaveAlphaEnd=1.000000 
fWarpAnimSpeed=0.549438 
fWarpScale=0.391736 
fZoomExponent=0.019214 
fShader=0.000000 
zoom=1.018233 
rot=0.000000 
cx=0.410000 
cy=0.230000 
dx=0.000000 
dy=0.000000 
warp=2.754125 
sx=1.040604 
sy=0.836016 
wave_r=0.500000 
wave_g=0.500000 
wave_b=0.050000 
wave_x=0.520000 
wave_y=0.500000 
per_frame_1=wave_r = wave_r + 0.5*sin(bass*1.2); 
per_frame_2=wave_g = wave_g + 0.5*sin(mid*1.3); 
per_frame_3=wave_b = wave_b + 0.5*sin(treb*1.4); 
per_frame_4=zoom = zoom + 1*( 0.3*sin(0.4*mid)); 
per_frame_5=rot = rot + 0.02*( 1.5*sin(0.2*bass) + 0.020*sin(9*mid) ); 
per_pixel_1=warp=warp+5*cos(rad*15+mid*2.5); 


