[preset00]
fRating=3.000000
fGammaAdj=1.070000
fDecay=0.900000
fVideoEchoZoom=6.035312
fVideoEchoAlpha=0.500000
nVideoEchoOrientation=3
nWaveMode=5
bAdditiveWaves=1
bWaveDots=0
bModWaveAlphaByVolume=0
bMaximizeWaveColor=0
bTexWrap=0
bDarkenCenter=1
bMotionVectorsOn=0
bRedBlueStereo=0
nMotionVectorsX=64
nMotionVectorsY=48
bBrighten=0
bDarken=1
bSolarize=0
bInvert=0
fWaveAlpha=6.044659
fWaveScale=1.008098
fWaveSmoothing=0.900000
fWaveParam=0.200000
fModWaveAlphaStart=0.750000
fModWaveAlphaEnd=0.950000
fWarpAnimSpeed=1.000000
fWarpScale=2.853000
fZoomExponent=1.000000
fShader=0.000000
zoom=1.008100
rot=0.006000
cx=0.500000
cy=0.500000
dx=0.000000
dy=0.000000
warp=0.000000
sx=0.998170
sy=1.000000
wave_r=0.900000
wave_g=0.450000
wave_b=0.000000
wave_x=0.500000
wave_y=0.500000
per_frame_1=zoom=0.84+0.2*zoom*bass;
per_frame_2=rot=.42*(treb_att-1);
per_frame_3=zoomexp=mid*mid_att;
per_frame_4=warp=-0.2*volume;
per_frame_5=wave_r=.1+(bass-1);
per_frame_6=wave_g=.1+0.15*(mid-1);
per_frame_7=wave_b=.1+10*(teb-1);
per_frame_8=decay=.95+10*volume;
per_pixel_1=sx=rand(2)+1;
per_pixel_2=sy=rand(2)+1;
