[preset00]
fRating=3.000000
fGammaAdj=1.350000
fDecay=0.990000
fVideoEchoZoom=0.999609
fVideoEchoAlpha=0.500000
nVideoEchoOrientation=3
nWaveMode=5
bAdditiveWaves=0
bWaveDots=0
bWaveThick=0
bModWaveAlphaByVolume=0
bMaximizeWaveColor=1
bTexWrap=0
bDarkenCenter=0
bRedBlueStereo=0
bBrighten=0
bDarken=0
bSolarize=0
bInvert=0
fWaveAlpha=1.886999
fWaveScale=0.724044
fWaveSmoothing=0.500000
fWaveParam=0.000000
fModWaveAlphaStart=0.750000
fModWaveAlphaEnd=0.950000
fWarpAnimSpeed=1.000000
fWarpScale=2.853000
fZoomExponent=1.000000
fShader=0.000000
zoom=1.000343
rot=0.000000
cx=0.500000
cy=0.500000
dx=0.000000
dy=0.000000
warp=0.000000
sx=1.000000
sy=1.000000
wave_r=0.500000
wave_g=0.500000
wave_b=0.500000
wave_x=0.500000
wave_y=0.500000
ob_size=0.000000
ob_r=0.000000
ob_g=0.000000
ob_b=0.000000
ob_a=1.000000
ib_size=0.005000
ib_r=0.000000
ib_g=0.000000
ib_b=0.000000
ib_a=0.400000
nMotionVectorsX=12.000000
nMotionVectorsY=9.000000
mv_dx=0.000000
mv_dy=0.000000
mv_l=0.900000
mv_r=1.000000
mv_g=1.000000
mv_b=1.000000
mv_a=0.000000
per_frame_1=wave_r = wave_r + 0.500*(0.60*sin(0.933*time) + 0.40*sin(1.045*time));
per_frame_2=wave_g = wave_g + 0.500*(0.60*sin(0.909*time) + 0.40*sin(0.956*time));
per_frame_3=wave_b = wave_b + 0.500*(0.60*sin(0.910*time) + 0.40*sin(0.992*time));
per_frame_4=
per_frame_5=
per_frame_6=zoom = zoom + 0.08*sin(4*sin(time));
per_frame_7=rot = rot + 0.05*cos(2*sin(time+cos(sin(time))));
per_frame_8=ib_r = wave_r;
per_frame_9=ib_g = wave_g;
per_frame_10=ib_b = wave_b;
per_pixel_1=zoom = zoom + 0.0095*(sin(50+25*cos(0.2*time)*rad) + sin(sin(time*2*sin(time)*rad))*0.3 - cos(rad)*0.1);
per_pixel_2=rot = rot + 0.08*abs(0.746-rad)*sin(2.2*(0.5-rad)+5.7*sin(0.1*time));
per_pixel_3=sx = sx + 0.01*(0.99*1-rad)*sin(0.733*time)*below(sin(time),0);
per_pixel_4=sy = sy + 0.01*(0.99*1-rad)*cos(0.953*time)*above(sin(time),0);
per_pixel_5=zoom = zoom - 0.015*(0.5*abs(3)-rad)*below(rad,1.5);
per_pixel_6=dx = dx + 0.03975*pow(rad,x*2)*sin(time);
per_pixel_7=dy = dy + 0.03975*pow(rad,x*2)*cos(time);
per_pixel_8=zoom = zoom - 0.125*pow(rad,x*6)*cos(ang*6);
per_pixel_9=rot = rot - 0.25*(0.75*sin(1.25*time)*pow(rad,x)*sin(1.45*time))*sin(time);
