[preset00]
fRating=4.000000
fGammaAdj=1.000000
fDecay=0.950000
fVideoEchoZoom=1.000000
fVideoEchoAlpha=0.000000
nVideoEchoOrientation=3
nWaveMode=2
bAdditiveWaves=1
bWaveDots=0
bWaveThick=0
bModWaveAlphaByVolume=0
bMaximizeWaveColor=0
bTexWrap=1
bDarkenCenter=0
bRedBlueStereo=0
bBrighten=0
bDarken=0
bSolarize=0
bInvert=0
fWaveAlpha=100.000000
fWaveScale=0.438651
fWaveSmoothing=0.900000
fWaveParam=0.000000
fModWaveAlphaStart=0.500000
fModWaveAlphaEnd=1.000000
fWarpAnimSpeed=1.000000
fWarpScale=1.000000
fZoomExponent=1.000000
fShader=0.000000
zoom=1.000000
rot=0.000000
cx=0.500000
cy=0.500000
dx=0.000010
dy=0.000010
warp=0.010000
sx=1.000000
sy=1.000000
wave_r=0.000000
wave_g=0.000000
wave_b=0.000000
wave_x=0.500000
wave_y=0.500000
ob_size=0.010000
ob_r=0.000000
ob_g=0.000000
ob_b=0.000000
ob_a=1.000000
ib_size=0.050000
ib_r=0.000000
ib_g=0.000000
ib_b=0.000000
ib_a=0.500000
nMotionVectorsX=0.000000
nMotionVectorsY=0.000000
mv_dx=0.000000
mv_dy=0.000000
mv_l=1.000000
mv_r=1.000000
mv_g=1.000000
mv_b=1.000000
mv_a=0.000000
per_frame_1=warp = 0;
per_frame_2=
per_frame_3=wave_r = wave_r + 0.7*sin(1.14*time)+0.23*cos(1.12*time)+0.34*sin(1.114*time);
per_frame_4=wave_g = wave_g + 0.67*cos(1.234*time)+0.34*cos(1.242*time)+0.2*sin(3.1*time);
per_frame_5=wave_b = wave_b + 0.54*sin(2*time)+0.53*sin(0.36*time)+0.55*cos(0.9*time);
per_frame_6=wave_r = 1;
per_frame_7=wave_mystery = wave_mystery + 0.34*time;
per_frame_8=
per_frame_9=ib_r = 1-wave_r;
per_frame_10=ib_g = 1-wave_g;
per_frame_11=ib_b = 1-wave_b;
per_pixel_1=thresh = above(bass_att,thresh)*2+(1-above(bass_att,thresh))*((thresh-1.3)*0.96+1.3);
per_pixel_2=dx_r = equal(thresh,2)*0.015*sin(5*time)+(1-equal(thresh,2))*dx_r;
per_pixel_3=dy_r = equal(thresh,2)*0.015*sin(6*time)+(1-equal(thresh,2))*dy_r;
per_pixel_4=
per_pixel_5=zoom = zoom - 0.05;
per_pixel_6=dx = dx + 2*(sin(bass_att)-rad)*dx_r;
per_pixel_7=dy = dy + 2*(sin(bass_att)-rad)*dy_r;
