[preset00]
fRating=4.000000
fGammaAdj=1.000000
fDecay=0.950000
fVideoEchoZoom=1.000000
fVideoEchoAlpha=0.500000
nVideoEchoOrientation=3
nWaveMode=6
bAdditiveWaves=0
bWaveDots=0
bWaveThick=1
bModWaveAlphaByVolume=0
bMaximizeWaveColor=1
bTexWrap=0
bDarkenCenter=0
bRedBlueStereo=0
bBrighten=0
bDarken=0
bSolarize=0
bInvert=0
fWaveAlpha=100.000000
fWaveScale=1.074096
fWaveSmoothing=0.000000
fWaveParam=0.000000
fModWaveAlphaStart=0.500000
fModWaveAlphaEnd=1.000000
fWarpAnimSpeed=1.000000
fWarpScale=1.000000
fZoomExponent=1.000000
fShader=1.000000
zoom=1.000000
rot=0.000000
cx=0.500000
cy=0.500000
dx=0.000010
dy=0.000010
warp=0.010000
sx=1.000000
sy=1.000000
wave_r=0.500000
wave_g=0.500000
wave_b=0.500000
wave_x=0.500000
wave_y=0.500000
ob_size=0.005000
ob_r=0.300000
ob_g=0.200000
ob_b=0.000000
ob_a=0.300000
ib_size=0.000000
ib_r=0.000000
ib_g=0.000000
ib_b=0.000000
ib_a=0.000000
nMotionVectorsX=0.000000
nMotionVectorsY=0.000000
mv_dx=0.000000
mv_dy=0.000000
mv_l=1.000000
mv_r=1.000000
mv_g=1.000000
mv_b=1.000000
mv_a=0.000000
per_frame_1=warp = 0;
per_frame_2=wave_r = wave_r + 0.25*cos(1.12*time) +
per_frame_3=0.2*(0.3*cos(1.28*time)+0.317*sin(1.8*time));
per_frame_4=wave_g = wave_g + 0.25*cos(1.142*time) +
per_frame_5=0.2*(0.3*cos(1.2*time)+0.32*sin(1.623*time));
per_frame_6=wave_b = wave_b + 0.25*cos(1.13*time) +
per_frame_7=0.2*(0.4*cos(0.9*time)+0.328*sin(1.5245*time));
per_frame_8=
per_frame_9=wave_x = wave_x + 0.1*sin(bass_att);
per_frame_10=wave_y = wave_y + 0.1*cos(0.9*bass_att);
per_frame_11=
per_frame_12=ob_r = wave_g;
per_frame_13=ob_b = wave_r;
per_frame_14=ob_g = wave_b;
per_pixel_1=thresh = above(bass_att,thresh)*2+(1-above(bass_att,thresh))*((thresh-1.3)*0.96+1.3);
per_pixel_2=dx_r = equal(thresh,2)*0.015*sin(5*time)+(1-equal(thresh,2))*dx_r;
per_pixel_3=dy_r = equal(thresh,2)*0.015*sin(6*time)+(1-equal(thresh,2))*dy_r;
per_pixel_4=
per_pixel_5=zoom = zoom - abs(0.02+0.8*(dx_r*5*bass));
per_pixel_6=rot = rot + 0.15*sin((10*cos(thresh*sin(2*bass_att))*(1.25*(sin(bass_att)-rad))));
per_pixel_7=dy = dy - 0.01;
