[preset00]
fRating=3.000000
fGammaAdj=1.070000
fDecay=1.000000
fVideoEchoZoom=0.999998
fVideoEchoAlpha=0.500000
nVideoEchoOrientation=3
nWaveMode=5
bAdditiveWaves=0
bWaveDots=0
bWaveThick=0
bModWaveAlphaByVolume=0
bMaximizeWaveColor=1
bTexWrap=1
bDarkenCenter=0
bRedBlueStereo=0
bBrighten=0
bDarken=0
bSolarize=0
bInvert=0
fWaveAlpha=100.000000
fWaveScale=0.972363
fWaveSmoothing=0.900000
fWaveParam=-0.100000
fModWaveAlphaStart=0.500000
fModWaveAlphaEnd=1.000000
fWarpAnimSpeed=6.811282
fWarpScale=0.671649
fZoomExponent=1.000000
fShader=1.000000
zoom=1.000000
rot=0.000000
cx=0.500000
cy=0.500000
dx=0.000010
dy=0.000010
warp=0.010000
sx=1.000000
sy=1.000000
wave_r=0.500000
wave_g=0.500000
wave_b=0.500000
wave_x=0.500000
wave_y=0.500000
ob_size=0.005000
ob_r=0.000000
ob_g=0.000000
ob_b=0.000000
ob_a=0.100000
ib_size=0.005000
ib_r=0.000000
ib_g=0.000000
ib_b=0.500000
ib_a=0.100000
nMotionVectorsX=0.000000
nMotionVectorsY=0.000000
mv_dx=0.000000
mv_dy=0.000000
mv_l=1.000000
mv_r=1.000000
mv_g=1.000000
mv_b=1.000000
mv_a=0.000000
per_frame_1=warp = 0;
per_frame_2=wave_r = wave_r + 0.252*cos(1.121*time) +
per_frame_3=0.2*(0.31*cos(1.21*time)+0.317*sin(1.589*time));
per_frame_4=wave_g = wave_g + 0.245*cos(1.142*time) +
per_frame_5=0.21*(0.3*cos(1.13*time)+0.32*sin(1.623*time));
per_frame_6=wave_b = wave_b + 0.25*cos(1.135*time) +
per_frame_7=0.221*(0.34*cos(0.99*time)+0.328*sin(1.5245*time));
per_frame_8=
per_frame_9=ob_r = wave_g+1;
per_frame_10=ob_b = wave_r;
per_frame_11=ob_g = wave_b;
per_frame_12=ib_g = wave_b;
per_frame_13=ib_r = wave_g;
per_frame_14=ib_b = wave_r+1;
per_frame_15=wave_x = wave_x + 0.1*sin(3*time);
per_frame_16=wave_y = wave_y + 0.1*cos(3*time);
per_pixel_1=thresh = above(bass_att,thresh)*2+(1-above(bass_att,thresh))*((thresh-1.3)*0.96+1.3);
per_pixel_2=dx_r = equal(thresh,2)*0.015*sin(5*time)+(1-equal(thresh,2))*dx_r;
per_pixel_3=dy_r = equal(thresh,2)*0.015*sin(6*time)+(1-equal(thresh,2))*dy_r;
per_pixel_4=
per_pixel_5=
per_pixel_6=rot = rot +0.014*(0.5-rad);
per_pixel_7=warp = warp - 4.01*bass_att*(0.5-rad);
per_pixel_8=zoom = zoom + 0.05*(0.5*(sin(4.1*bass_att)-rad)*0.5-rad);
per_pixel_9=zoom = zoom + 10*abs(dx_r*sin((12*ang)*(0.5-rad)));
