[preset00]
fRating=4.000000
fGammaAdj=1.000000
fDecay=1.000000
fVideoEchoZoom=0.999609
fVideoEchoAlpha=0.500000
nVideoEchoOrientation=3
nWaveMode=5
bAdditiveWaves=0
bWaveDots=1
bWaveThick=0
bModWaveAlphaByVolume=0
bMaximizeWaveColor=0
bTexWrap=0
bDarkenCenter=0
bRedBlueStereo=0
bBrighten=0
bDarken=0
bSolarize=0
bInvert=0
fWaveAlpha=2.518206
fWaveScale=0.975901
fWaveSmoothing=0.500000
fWaveParam=0.000000
fModWaveAlphaStart=0.750000
fModWaveAlphaEnd=0.950000
fWarpAnimSpeed=1.000000
fWarpScale=2.853000
fZoomExponent=1.000000
fShader=0.000000
zoom=1.000343
rot=0.000000
cx=0.500000
cy=0.500000
dx=0.000000
dy=0.000000
warp=0.000000
sx=1.000000
sy=1.000000
wave_r=0.500000
wave_g=0.500000
wave_b=0.500000
wave_x=0.500000
wave_y=0.500000
ob_size=0.010000
ob_r=0.000000
ob_g=0.000000
ob_b=0.000000
ob_a=1.000000
ib_size=0.005000
ib_r=0.000000
ib_g=0.000000
ib_b=0.000000
ib_a=1.000000
nMotionVectorsX=12.000000
nMotionVectorsY=9.000000
mv_dx=0.000000
mv_dy=0.000000
mv_l=0.900000
mv_r=1.000000
mv_g=1.000000
mv_b=1.000000
mv_a=0.000000
per_frame_1=wave_r = wave_r + 0.500*( 0.60*sin(0.933*time) + 0.40*sin(1.045*time) );
per_frame_2=wave_g = wave_g + 0.500*( 0.60*sin(0.900*time) + 0.40*sin(0.956*time) );
per_frame_3=wave_b = wave_b + 0.500*( 0.60*sin(0.910*time) + 0.40*sin(0.920*time) );
per_frame_4=
per_frame_5=ob_r = wave_g;
per_frame_6=ob_g = wave_b;
per_frame_7=ob_b = wave_r;
per_pixel_1=
per_pixel_2=
per_pixel_3=zoom = zoom + 0.2*(2.1*abs(6*bass_att*sin(2*bass_att)
per_pixel_4=*sin((3*ang*bass_att)+sin(3*bass_att))*0.5*rad))*(1-rad);
per_pixel_5=
per_pixel_6=zoom = zoom - 0.2*(2.1*abs(6*mid_att*sin(2*mid_att)
per_pixel_7=*cos((3*ang*treb_att)+cos(3*treb_att))*0.5*rad))*(rad);
per_pixel_8=
per_pixel_9=rot = rot - min(.06,((0.0001*(2.1*abs(6*time*cos(2*time)
per_pixel_10=*cos((2*rad*time)+cos(2*time))*0.5*rad))*(0.9-rad))*cos(sin(time))));
