[preset00]
fRating=4.000000
fGammaAdj=1.140000
fDecay=0.990000
fVideoEchoZoom=0.999823
fVideoEchoAlpha=0.000000
nVideoEchoOrientation=0
nWaveMode=5
bAdditiveWaves=0
bWaveDots=0
bWaveThick=0
bModWaveAlphaByVolume=0
bMaximizeWaveColor=0
bTexWrap=1
bDarkenCenter=1
bRedBlueStereo=0
bBrighten=0
bDarken=0
bSolarize=0
bInvert=0
fWaveAlpha=100.000000
fWaveScale=0.653092
fWaveSmoothing=0.900000
fWaveParam=-0.500000
fModWaveAlphaStart=0.500000
fModWaveAlphaEnd=1.000000
fWarpAnimSpeed=0.010000
fWarpScale=1.766487
fZoomExponent=1.000158
fShader=0.000000
zoom=1.000000
rot=0.000000
cx=0.500000
cy=0.500000
dx=0.000010
dy=0.000010
warp=0.010000
sx=1.000000
sy=1.000000
wave_r=0.500000
wave_g=0.500000
wave_b=0.500000
wave_x=0.500000
wave_y=0.500000
ob_size=0.005000
ob_r=0.000000
ob_g=0.000000
ob_b=0.000000
ob_a=1.000000
ib_size=0.005000
ib_r=0.000000
ib_g=0.000000
ib_b=0.000000
ib_a=1.000000
nMotionVectorsX=6.400000
nMotionVectorsY=4.800000
mv_dx=0.000000
mv_dy=0.000000
mv_l=5.000000
mv_r=1.000000
mv_g=1.000000
mv_b=1.000000
mv_a=0.000000
per_frame_1=wave_r = wave_r + 0.35*sin(1.4*time) + 0.16*sin(2.5*time);
per_frame_2=wave_g = wave_g + 0.36*sin(1.7*time) + 0.15*sin(2.11*time);
per_frame_3=wave_b = wave_b + 0.37*sin(2.84*time) + 0.15*sin(2.3*time);
per_frame_4=warp = 0;
per_frame_5=
per_frame_6=ob_r = wave_g;
per_frame_7=ob_b = wave_r;
per_frame_8=ob_g = wave_b;
per_pixel_1=thresh = above(bass_att,thresh)*2+(1-above(bass_att,thresh))*((thresh-1.3)*0.96+1.3);
per_pixel_2=dx_r = equal(thresh,2)*0.15*sin(5*time)+(1-equal(thresh,2))*dx_r;
per_pixel_3=dy_r = equal(thresh,2)*0.165*sin(6*time)+(1-equal(thresh,2))*dy_r;
per_pixel_4=
per_pixel_5=vox = (bass_att+treb_att+mid_att)/3;
per_pixel_6=zoom = zoom - 0.01;
per_pixel_7=
per_pixel_8=zoom = zoom + 0.235*abs(1-cos(vox*1.2)-cos(time)*rad)*abs(sin(time)-rad);
per_pixel_9=zoom = zoom - 0.235*abs(1-cos(vox*1.2)-sin(1.2*time)*rad)*sin(12*ang);
per_pixel_10=rot = rot + 0.25*sin(1-cos(vox*1.2)*(1.5*sin(0.9*time)-rad));
