[preset00]
fRating=4.000000
fGammaAdj=1.000000
fDecay=1.000000
fVideoEchoZoom=1.000000
fVideoEchoAlpha=0.000000
nVideoEchoOrientation=1
nWaveMode=5
bAdditiveWaves=0
bWaveDots=1
bWaveThick=1
bModWaveAlphaByVolume=0
bMaximizeWaveColor=0
bTexWrap=1
bDarkenCenter=0
bRedBlueStereo=0
bBrighten=0
bDarken=0
bSolarize=0
bInvert=0
fWaveAlpha=100.000000
fWaveScale=2.155443
fWaveSmoothing=0.500000
fWaveParam=-0.200000
fModWaveAlphaStart=0.500000
fModWaveAlphaEnd=1.000000
fWarpAnimSpeed=1.000000
fWarpScale=1.000000
fZoomExponent=1.000000
fShader=1.000000
zoom=1.000000
rot=0.000000
cx=0.500000
cy=0.500000
dx=0.000010
dy=0.000010
warp=0.010000
sx=1.000000
sy=1.000000
wave_r=1.000000
wave_g=1.000000
wave_b=1.000000
wave_x=0.500000
wave_y=0.500000
ob_size=0.005000
ob_r=0.400000
ob_g=0.300000
ob_b=0.000000
ob_a=1.000000
ib_size=0.010000
ib_r=1.000000
ib_g=0.600000
ib_b=0.000000
ib_a=1.000000
nMotionVectorsX=0.000000
nMotionVectorsY=0.000000
mv_dx=0.000000
mv_dy=0.000000
mv_l=1.000000
mv_r=1.000000
mv_g=1.000000
mv_b=1.000000
mv_a=0.000000
per_frame_1=warp = 0;
per_frame_2=dy = if (above(bass,1.3), 0, dy);
per_frame_3=q1 = thresh;
per_frame_4=thresh = above(bass_att,thresh)*2+(1-above(bass_att,thresh))*((thresh-1.3)*0.96+1.3);
per_frame_5=dx_r = equal(thresh,2)*0.015*sin(5*time)+(1-equal(thresh,2))*dx_r;
per_frame_6=dy_r = equal(thresh,2)*0.015*sin(6*time)+(1-equal(thresh,2))*dy_r;
per_frame_7=zoom = zoom -0.01*thresh;
per_frame_8=dx = 1.1*dx + 1.1* dx_r;
per_frame_9=dy = 1.1*dy + 1.1* dy_r;
per_frame_10=dx = dx + if (above(bass,1.3), 33*dx_r, 0);
per_frame_11=ib_r = ib_r + abs(0.5*sin(1.1*time));
per_frame_12=ib_b = ib_b + abs(0.5*cos(1.15*time));
per_frame_13=ib_g = ib_r + abs(0.5*sin(1.2*time));
per_pixel_1=rot = rot + (0.08*q1 + 0.05*(1+rad))*sin(3*time);
