[preset00]
fRating=4.000000
fGammaAdj=1.000000
fDecay=1.000000
fVideoEchoZoom=0.999995
fVideoEchoAlpha=0.500000
nVideoEchoOrientation=3
nWaveMode=7
bAdditiveWaves=0
bWaveDots=0
bWaveThick=1
bModWaveAlphaByVolume=0
bMaximizeWaveColor=0
bTexWrap=0
bDarkenCenter=0
bRedBlueStereo=0
bBrighten=0
bDarken=0
bSolarize=0
bInvert=0
fWaveAlpha=100.000000
fWaveScale=0.010000
fWaveSmoothing=0.900000
fWaveParam=0.000000
fModWaveAlphaStart=0.500000
fModWaveAlphaEnd=1.000000
fWarpAnimSpeed=1.000000
fWarpScale=1.000000
fZoomExponent=1.000000
fShader=1.000000
zoom=1.000000
rot=0.000000
cx=0.500000
cy=0.500000
dx=0.000010
dy=0.000010
warp=0.010000
sx=1.000000
sy=1.000000
wave_r=0.500000
wave_g=0.500000
wave_b=0.500000
wave_x=0.500000
wave_y=0.800000
ob_size=0.000000
ob_r=0.000000
ob_g=0.000000
ob_b=0.000000
ob_a=1.000000
ib_size=0.000000
ib_r=0.000000
ib_g=0.000000
ib_b=0.000000
ib_a=0.000000
nMotionVectorsX=0.000000
nMotionVectorsY=0.000000
mv_dx=0.000000
mv_dy=0.000000
mv_l=1.000000
mv_r=1.000000
mv_g=1.000000
mv_b=1.000000
mv_a=0.000000
per_frame_1=warp = 0;
per_frame_2=wave_r = wave_r + 0.252*cos(1.121*time) +
per_frame_3=0.2*(0.31*cos(1.21*time)+0.317*sin(1.589*time));
per_frame_4=wave_g = wave_g + 0.245*cos(1.142*time) +
per_frame_5=0.21*(0.3*cos(1.13*time)+0.32*sin(1.623*time));
per_frame_6=wave_b = wave_b + 0.25*cos(1.135*time) +
per_frame_7=0.221*(0.34*cos(0.99*time)+0.328*sin(1.5245*time));
per_frame_8=
per_frame_9=wave_mystery = wave_mystery + 0.1*time;
per_pixel_1=thresh = above(bass_att,thresh)*2+(1-above(bass_att,thresh))*((thresh-1.3)*0.96+1.3);
per_pixel_2=dx_r = equal(thresh,2)*0.015*sin(5*time)+(1-equal(thresh,2))*dx_r;
per_pixel_3=dy_r = equal(thresh,2)*0.015*sin(6*time)+(1-equal(thresh,2))*dy_r;
per_pixel_4=
per_pixel_5=zoom = zoom - 0.01;
per_pixel_6=dx = dx + 0.1*dx_r;
per_pixel_7=dy = dy + 0.1*dy_r;
per_pixel_8=
per_pixel_9=zoom = zoom + 0.01*cos(3*cos(0.5*sin(time)-rad*bass_att));
per_pixel_10=zoom = zoom - 0.01*sin(3*sin(0.5*cos(time)-rad*bass_att));
per_pixel_11=zoom = zoom + 0.01*cos(3*sin(0.5*cos(0.87*time)-rad*treb_att));
per_pixel_12=zoom = zoom + 0.01*sin(3*cos(0.5*sin(1.87*time)-rad*treb_att));
per_pixel_13=
per_pixel_14=rot = rot + 0.01*(1-rad);
