[preset00]
fRating=4.000000
fGammaAdj=1.000000
fDecay=1.000000
fVideoEchoZoom=0.999821
fVideoEchoAlpha=0.500000
nVideoEchoOrientation=0
nWaveMode=5
bAdditiveWaves=0
bWaveDots=0
bWaveThick=0
bModWaveAlphaByVolume=0
bMaximizeWaveColor=0
bTexWrap=0
bDarkenCenter=0
bRedBlueStereo=0
bBrighten=0
bDarken=0
bSolarize=0
bInvert=0
fWaveAlpha=0.931011
fWaveScale=0.796880
fWaveSmoothing=0.500000
fWaveParam=0.000000
fModWaveAlphaStart=0.500000
fModWaveAlphaEnd=1.000000
fWarpAnimSpeed=0.010000
fWarpScale=1.766487
fZoomExponent=1.000158
fShader=0.000000
zoom=1.000000
rot=0.000000
cx=0.500000
cy=0.500000
dx=0.000010
dy=0.000010
warp=0.010000
sx=1.000000
sy=1.000000
wave_r=0.500000
wave_g=0.500000
wave_b=0.500000
wave_x=0.500000
wave_y=0.500000
ob_size=0.005000
ob_r=0.000000
ob_g=0.000000
ob_b=0.000000
ob_a=1.000000
ib_size=0.000000
ib_r=0.000000
ib_g=0.000000
ib_b=0.000000
ib_a=0.000000
nMotionVectorsX=6.400000
nMotionVectorsY=4.800000
mv_dx=0.000000
mv_dy=0.000000
mv_l=3.500000
mv_r=0.000000
mv_g=0.000000
mv_b=1.000000
mv_a=0.000000
per_frame_1=wave_r = wave_r + 0.35*sin(1.4*time) + 0.15*sin(2.5*time+2*mid);
per_frame_2=wave_g = wave_g + 0.85*sin(1.7*time) + 0.15*sin(2.11*time+2.2*treb);
per_frame_3=wave_b = wave_b + 0.35*sin(9.84*time) + 0.15*sin(2.3*time+2*bass);
per_frame_4=
per_frame_5=//wave_x = wave_x + 0.12*sin(time);
per_frame_6=//wave_y = wave_y + 0.12*sin(0.5*time);
per_pixel_1=thresh = above(bass_att,thresh)*2+(1-above(bass_att,thresh))*((thresh-1.3)*0.96+1.3);
per_pixel_2=dx_r = equal(thresh,2)*1.15*sin(5*time)+(1-equal(thresh,2))*dx_r;
per_pixel_3=dy_r = equal(thresh,2)*1.15*sin(6*time)+(1-equal(thresh,2))*dy_r;
per_pixel_4=
per_pixel_5=cut = 0.15*(1.12*sin(1.2*time)*0.4*cos(12*rad*((0.8*sin(time)+rad))));
per_pixel_6=food = 1.5*(2.1*cos(1.2*time*cos(0.1*time))*0.5*sin(12*rad*(1.1*cos(time))+rad));
per_pixel_7=
per_pixel_8=zoom = zoom + abs(0.02-6*abs(dy_r*(cut*food)));
