[preset00]
fRating=3.000000
fGammaAdj=1.000000
fDecay=0.950000
fVideoEchoZoom=1.006596
fVideoEchoAlpha=0.000000
nVideoEchoOrientation=3
nWaveMode=0
bAdditiveWaves=1
bWaveDots=0
bWaveThick=1
bModWaveAlphaByVolume=0
bMaximizeWaveColor=0
bTexWrap=0
bDarkenCenter=0
bRedBlueStereo=0
bBrighten=0
bDarken=0
bSolarize=0
bInvert=0
fWaveAlpha=100.000000
fWaveScale=1.500000
fWaveSmoothing=0.970000
fWaveParam=1.000000
fModWaveAlphaStart=0.710000
fModWaveAlphaEnd=1.300000
fWarpAnimSpeed=1.000000
fWarpScale=1.331000
fZoomExponent=1.000000
fShader=0.000000
zoom=1.000000
rot=0.000000
cx=0.500000
cy=0.500000
dx=0.000000
dy=0.000000
warp=0.000000
sx=1.000000
sy=1.000000
wave_r=1.000000
wave_g=1.000000
wave_b=1.000000
wave_x=0.500000
wave_y=0.500000
ob_size=0.500000
ob_r=0.010000
ob_g=0.000000
ob_b=0.000000
ob_a=0.000000
ib_size=0.080000
ib_r=0.500000
ib_g=0.500000
ib_b=0.500000
ib_a=1.000000
nMotionVectorsX=64.000000
nMotionVectorsY=1.248000
mv_dx=0.000000
mv_dy=0.000000
mv_l=5.000000
mv_r=1.000000
mv_g=1.000000
mv_b=0.000000
mv_a=0.000000
wavecode_0_enabled=1
wavecode_0_samples=512
wavecode_0_sep=0
wavecode_0_bSpectrum=1
wavecode_0_bUseDots=0
wavecode_0_bDrawThick=1
wavecode_0_bAdditive=1
wavecode_0_scaling=0.050000
wavecode_0_smoothing=0.50000
wavecode_0_r=0.500
wavecode_0_g=0.500
wavecode_0_b=0.500
wavecode_0_a=1.000
per_frame_1=ib_size=ib_size+0.05*treb;
per_frame_2=q2=abs(vol1-abs((bass+mid+treb)/3-1));
per_frame_3=vol1=abs((bass+mid+treb)/3-1);
per_frame_4=q2=if(above(q2,0.5),q2,0);
per_frame_5=ib_r=0.5+0.5*sin(time*(1+0.01*q2));
per_frame_6=ib_g=0.5+0.5*sin(time*1.2*(1+0.01*q2));
per_frame_7=ib_b=0.5+0.5*sin(time*1.5*(1+0.01*q2));
per_frame_8=wave_r=ib_r-sin(time*(1+0.01*q2));
per_frame_9=wave_g=ib_g-sin(time*1.2*(1+0.01*q2));
per_frame_10=wave_b=ib_b-sin(time*1.5*(1+0.01*q2));
per_pixel_1=zoom=1+0.3*(rad-0.22)*0.3*bass;
per_pixel_2=rot=if(below(rad,0.22),2*(0.22-rad),0);
per_pixel_3=rot=rot+if(above(q2,1.5),2+q2,0)