[preset00]
fRating=5.000000
fGammaAdj=3.995000
fDecay=0.960000
fVideoEchoZoom=0.998170
fVideoEchoAlpha=0.500000
nVideoEchoOrientation=1
nWaveMode=0
bAdditiveWaves=0
bWaveDots=0
bModWaveAlphaByVolume=1
bMaximizeWaveColor=0
bTexWrap=1
bDarkenCenter=0
bRedBlueStereo=0
bBrighten=0
bDarken=1
bSolarize=0
bInvert=0
fWaveAlpha=100.000000
fWaveScale=2.749037
fWaveSmoothing=0.000000
fWaveParam=-0.400000
fModWaveAlphaStart=0.750000
fModWaveAlphaEnd=0.950000
fWarpAnimSpeed=1.000000
fWarpScale=1.772000
fZoomExponent=1.960000
fShader=0.190000
zoom=0.980000
rot=0.000000
cx=0.500000
cy=0.500000
dx=0.000000
dy=0.000000
warp=0.513000
sx=1.000000
sy=1.000000
wave_r=0.500000
wave_g=0.500000
wave_b=0.500000
wave_x=0.500000
wave_y=0.500000
ob_size=0.005000
ob_r=0.000000
ob_g=0.000000
ob_b=0.000000
ob_a=0.599900
ib_size=0.015000
ib_r=0.550000
ib_g=1.000000
ib_b=0.499900
ib_a=0.000000
nMotionVectorsX=12.000000
nMotionVectorsY=9.000000
mv_l=0.900000
mv_r=1.000000
mv_g=1.000000
mv_b=1.000000
mv_a=0.000000
per_frame_1=wave_x = wave_x + 0.05*( 0.60*sin(2.121*time) + 0.40*sin(1.621*time) );
per_frame_2=wave_y = wave_y + 0.05*( 0.60*sin(1.742*time) + 0.40*sin(2.322*time) );
per_frame_3=wave_r = wave_r + 0.500*( 0.60*sin(0.823*time) + 0.40*sin(0.916*time) );
per_frame_4=wave_g = wave_g + 0.500*( 0.60*sin(0.900*time) + 0.40*sin(1.023*time) );
per_frame_5=wave_b = wave_b + 0.500*( 0.60*sin(0.808*time) + 0.40*sin(0.949*time) );
per_frame_6=zoom = zoom +( 0.020*( 0.60*sin(0.39*treb) + 0.40*sin(0.296*time) ));
per_frame_7=rot = rot + .4*( 0.60*sin(time*.239) + 0.40*sin(0.539*time) );
per_frame_8=cx = cx + .030*( 0.60*sin(0.374*time) + 0.40*sin(0.194*time) );
per_frame_9=cy = cy + .037*( 0.60*sin(0.274*time) + 0.40*sin(0.394*time) );
per_frame_10=dx = dx + .015*( 0.60*sin(0.334*time) + 0.40*sin(0.277*time) );
per_frame_11=dy = dy + .025*( 0.60*sin(0.384*time) + 0.40*sin(0.247*time) );
per_frame_12=sx = sx + 0.015*( 0.60*sin(0.313*time) + 0.40*sin(0.383*time) );
per_frame_13=decay = decay - 0.06*equal(frame%80,0);
per_frame_14=ob_g=sqrt(wave_r*.5);
per_frame_15=ob_b=sqrt(wave_g*.5);
per_frame_16=ob_r=sqrt(wave_b*.5);
