[preset00]
fRating=3.000000
fGammaAdj=2.050000
fDecay=0.990000
fVideoEchoZoom=1.008151
fVideoEchoAlpha=0.500000
nVideoEchoOrientation=1
nWaveMode=0
bAdditiveWaves=0
bWaveDots=0
bWaveThick=0
bModWaveAlphaByVolume=0
bMaximizeWaveColor=1
bTexWrap=0
bDarkenCenter=1
bRedBlueStereo=0
bBrighten=0
bDarken=1
bSolarize=0
bInvert=0
fWaveAlpha=100.000000
fWaveScale=1.198264
fWaveSmoothing=0.000000
fWaveParam=-0.420000
fModWaveAlphaStart=0.750000
fModWaveAlphaEnd=0.950000
fWarpAnimSpeed=1.000000
fWarpScale=1.077444
fZoomExponent=1.006200
fShader=0.190000
zoom=0.999612
rot=0.000000
cx=0.500000
cy=0.500000
dx=0.000000
dy=0.000000
warp=0.010000
sx=0.869963
sy=0.887449
wave_r=0.500000
wave_g=0.500000
wave_b=0.500000
wave_x=0.500000
wave_y=0.500000
ob_size=0.010000
ob_r=0.000000
ob_g=0.000000
ob_b=0.000000
ob_a=0.000000
ib_size=0.010000
ib_r=0.250000
ib_g=0.250000
ib_b=0.250000
ib_a=0.000000
nMotionVectorsX=64.000000
nMotionVectorsY=1.000000
mv_dx=0.000000
mv_dy=0.000000
mv_l=0.900000
mv_r=1.000000
mv_g=1.000000
mv_b=1.000000
mv_a=1.000000
per_frame_1=wave_r = wave_r + 0.500*( 0.60*sin(0.823*time) + 0.40*sin(0.916*time) );
per_frame_2=wave_g = wave_g + 0.500*( 0.60*sin(0.900*time) + 0.40*sin(1.023*time) );
per_frame_3=wave_b = wave_b + 0.500*( 0.60*sin(0.808*time) + 0.40*sin(0.949*time) );
per_frame_4=wave_x = 0.5 + 0.2*(sin(time*0.678) + sin(time*0.987));
per_frame_5=zoom = zoom + 0.020*( 0.60*sin(0.239*time) + 0.20*sin(0.296*time) );
per_frame_6=mv_y = 1.25;
per_pixel_1=dx=(rad-.75)*(ang)*(mid*.5)*pow(rad,bass);
per_pixel_2=dy=(rad-.75)*(ang)*(mid*.5)*pow(rad,bass);
