[preset00] 
fRating=3.000000 
fGammaAdj=1.160000 
fDecay=0.970000 
fVideoEchoZoom=3.007504 
fVideoEchoAlpha=0.500000 
nVideoEchoOrientation=1 
nWaveMode=5 
bAdditiveWaves=0 
bWaveDots=0 
bModWaveAlphaByVolume=0 
bMaximizeWaveColor=0 
bTexWrap=1 
bDarkenCenter=1 
bMotionVectorsOn=0 
bRedBlueStereo=0 
nMotionVectorsX=12 
nMotionVectorsY=9 
bBrighten=0 
bDarken=0 
bSolarize=0 
bInvert=0 
fWaveAlpha=5.298400 
fWaveScale=0.434309 
fWaveSmoothing=0.750000 
fWaveParam=-0.460000 
fModWaveAlphaStart=0.750000 
fModWaveAlphaEnd=0.950000 
fWarpAnimSpeed=1.000000 
fWarpScale=1.000000 
fZoomExponent=1.074097 
fShader=0.000000 
zoom=1.000000 
rot=0.000000 
cx=0.500000 
cy=0.500000 
dx=0.000000 
dy=0.000000 
warp=1.000000 
sx=1.000000 
sy=1.000000 
wave_r=0.500000 
wave_g=0.500000 
wave_b=0.500000 
wave_x=0.500000 
wave_y=0.500000 
per_frame_1=wave_r = wave_r + .5*sin(time*333) + bass*.3; 
per_frame_2=wave_g = wave_g + .5*sin(time*222) + treb*.3; 
per_frame_3=wave_b = wave_b + .5*sin(time*111) + mid*.3; 
per_frame_4=dx = dx -.00001; 
per_frame_5=dy = dy - .00001; 
per_frame_6=rot = .4*sin(mid_att*.05) 
per_pixel_1=ray = pow(rad,1.7)+.035; 
per_pixel_2=zoom = (ray/rad)*1.65 + .3*sin(ang*6)+(bass*.05);
