[preset00] 
fRating=4.000000 
fGammaAdj=2.000000 
fDecay=0.980000 
fVideoEchoZoom=1.006595 
fVideoEchoAlpha=0.500000 
nVideoEchoOrientation=1 
nWaveMode=6 
bAdditiveWaves=0 
bWaveDots=0 
bModWaveAlphaByVolume=0 
bMaximizeWaveColor=1 
bTexWrap=1 
bDarkenCenter=0 
bMotionVectorsOn=0 
bRedBlueStereo=0 
nMotionVectorsX=12 
nMotionVectorsY=9 
bBrighten=0 
bDarken=0 
bSolarize=0 
bInvert=0 
fWaveAlpha=2.018261 
fWaveScale=0.720100 
fWaveSmoothing=0.000000 
fWaveParam=0.400000 
fModWaveAlphaStart=0.750000 
fModWaveAlphaEnd=0.950000 
fWarpAnimSpeed=1.000000 
fWarpScale=1.000000 
fZoomExponent=1.230135 
fShader=0.000000 
zoom=0.998169 
rot=0.000000 
cx=0.500000 
cy=0.500000 
dx=0.000000 
dy=0.000000 
warp=1.000000 
sx=1.000000 
sy=1.000000 
wave_r=0.500000 
wave_g=0.500000 
wave_b=0.500000 
wave_x=0.500000 
wave_y=0.500000 
ob_size=0.010000 
ob_r=0.000000 
ob_g=0.000000 
ob_b=0.000000 
ob_a=0.000000 
ib_size=0.010000 
ib_r=0.250000 
ib_g=0.250000 
ib_b=0.250000 
ib_a=0.000000 
per_frame_1=warp = 0; 
per_frame_2=wave_r = wave_r + .2*sin(time*.333); 
per_frame_3=wave_g = wave_g + .2*sin(time*.444); 
per_frame_4=wave_b = wave_b + .2*sin(time*.222); 
per_frame_5=dx = dx - .001; 
per_frame_6=dy = dy - .001; 
per_frame_7=wave_mystery = wave_mystery + 1.2*sin(time*.555); 
per_pixel_1=zoom = if(below(rad,.5),.6,if(above(rad,.8),1,(rad-.02))); 

