[preset00]
fRating=3.000000
fGammaAdj=1.370000
fDecay=0.997000
fVideoEchoZoom=2.000000
fVideoEchoAlpha=0.000000
nVideoEchoOrientation=0
nWaveMode=0
bAdditiveWaves=0
bWaveDots=0
bWaveThick=0
bModWaveAlphaByVolume=0
bMaximizeWaveColor=1
bTexWrap=0
bDarkenCenter=1
bRedBlueStereo=0
bBrighten=0
bDarken=1
bSolarize=0
bInvert=0
fWaveAlpha=100.000000
fWaveScale=0.141086
fWaveSmoothing=0.000000
fWaveParam=0.400000
fModWaveAlphaStart=0.750000
fModWaveAlphaEnd=0.950000
fWarpAnimSpeed=1.000000
fWarpScale=1.000000
fZoomExponent=1.000000
fShader=0.000000
zoom=1.000000
rot=0.000000
cx=0.500000
cy=0.500000
dx=0.000000
dy=0.000000
warp=1.000000
sx=1.051010
sy=1.000000
wave_r=0.600000
wave_g=0.700000
wave_b=0.700000
wave_x=0.500000
wave_y=0.500000
ob_size=0.010000
ob_r=0.000000
ob_g=0.000000
ob_b=0.000000
ob_a=1.000000
ib_size=0.010000
ib_r=0.250000
ib_g=0.250000
ib_b=0.250000
ib_a=0.000000
nMotionVectorsX=64.000000
nMotionVectorsY=48.000000
mv_dx=0.000000
mv_dy=0.000000
mv_l=0.000000
mv_r=1.000000
mv_g=1.000000
mv_b=1.000000
mv_a=1.000000
per_frame_1=warp = 0;
per_frame_2=wave_g = wave_g + 0.4*sin(time*0.763);
per_frame_3=wave_b = wave_b + 0.33*sin(time*2.008);
per_frame_4=wave_r = wave_b + 0.3*sin(time*1.011);
per_frame_5=cx = 0.5 + 0.3*sin(1.497*time);
per_frame_6=cy = 0.5 +0.3*sin(1.413*time);
per_pixel_1=zoom = 0.9 + abs(atan(sqrt(1.5)-rad)*sqrt(2)-rad);
per_pixel_2=rot = 0.04*sin(1.34*time-rad);
per_pixel_3=dx = 0.01*sin(time*1.646)*rad;
per_pixel_4=dy=0.01*sin(time*1.314)*(1-rad);
