[preset00] 
fGammaAdj=2.000000 
fDecay=0.990000 
fVideoEchoZoom=2.000000 
fVideoEchoAlpha=0.000000 
nVideoEchoOrientation=0 
nWaveMode=2 
bAdditiveWaves=0 
bWaveDots=0 
bModWaveAlphaByVolume=0 
bMaximizeWaveColor=0 
bTexWrap=0 
bDarkenCenter=0 
bMotionVectorsOn=0 
bRedBlueStereo=0 
nMotionVectorsX=12 
nMotionVectorsY=9 
bBrighten=0 
bDarken=0 
bSolarize=0 
bInvert=0 
fWaveAlpha=3.500000 
fWaveScale=0.919400 
fWaveSmoothing=0.500000 
fWaveParam=0.000000 
fModWaveAlphaStart=0.750000 
fModWaveAlphaEnd=0.950000 
fWarpAnimSpeed=1.000000 
fWarpScale=2.853000 
fZoomExponent=1.000000 
fShader=1.000000 
zoom=1.046000 
rot=0.020000 
cx=0.500000 
cy=0.500000 
dx=0.000000 
dy=0.000000 
warp=0.882000 
sx=2.448620 
sy=0.741900 
wave_r=0.600000 
wave_g=0.600000 
wave_b=0.600000 
wave_x=0.500000 
wave_y=0.470000 
per_frame_1=wave_r = wave_r + (.9*bass-1); 
per_frame_2=wave_g = wave_g + (.15*mid-1); 
per_frame_3=wave_b = wave_b + (.9*treb-1); 
per_pixel_1=zoom=zoom+sin(bass_att*.1)*tan(time*1.4+rad*7); 
fRating=4.000000
