[preset00]
fRating=4.000000
fGammaAdj=2.000000
fDecay=0.999000
fVideoEchoZoom=1.028415
fVideoEchoAlpha=0.500000
nVideoEchoOrientation=1
nWaveMode=6
bAdditiveWaves=1
bWaveDots=0
bModWaveAlphaByVolume=0
bMaximizeWaveColor=0
bTexWrap=0
bDarkenCenter=1
bMotionVectorsOn=0
bRedBlueStereo=0
nMotionVectorsX=5
nMotionVectorsY=5
bBrighten=0
bDarken=1
bSolarize=0
bInvert=0
fWaveAlpha=100.000000
fWaveScale=1.117701
fWaveSmoothing=0.000000
fWaveParam=-1.000000
fModWaveAlphaStart=0.750000
fModWaveAlphaEnd=0.950000
fWarpAnimSpeed=1.000000
fWarpScale=1.000000
fZoomExponent=0.108925
fShader=1.000000
zoom=0.750697
rot=0.000000
cx=0.500000
cy=0.500000
dx=0.000000
dy=0.000000
warp=2.704800
sx=0.979000
sy=0.999900
wave_r=0.500000
wave_g=0.500000
wave_b=0.500000
wave_x=0.500000
wave_y=0.500000
ob_size=0.010000
ob_r=0.000000
ob_g=0.000000
ob_b=0.000000
ob_a=0.000000
ib_size=0.010000
ib_r=0.250000
ib_g=0.250000
ib_b=0.250000
ib_a=0.000000
per_frame_1=warp = 0;
per_frame_2=wave_r = wave_r - 0.6*sin(time);
per_frame_3=wave_b = 0.2 + abs(cos(time)/4);
per_frame_4=wave_r = wave_r + atan(2*time)/6;
per_frame_5=wave_mystery = -sin(time);
per_frame_6=rot = 0 +abs(sin(time)/(bass*20))-bass/50 * if(above(treb_att,1),2,-4);
per_pixel_1=zoom = zoom + atan(atan(rad)*3*rad/2)+if(above(bass_att,1),-.1,.3*acos(x*2-1));
