[preset00]
fRating=4.000000
fGammaAdj=2.000000
fDecay=0.980000
fVideoEchoZoom=1.006400
fVideoEchoAlpha=0.500000
nVideoEchoOrientation=1
nWaveMode=5
bAdditiveWaves=1
bWaveDots=0
bWaveThick=0
bModWaveAlphaByVolume=1
bMaximizeWaveColor=0
bTexWrap=0
bDarkenCenter=0
bRedBlueStereo=0
bBrighten=0
bDarken=0
bSolarize=0
bInvert=0
fWaveAlpha=10.545052
fWaveScale=0.780265
fWaveSmoothing=0.000000
fWaveParam=0.000000
fModWaveAlphaStart=0.550000
fModWaveAlphaEnd=1.150000
fWarpAnimSpeed=1.530000
fWarpScale=1.731000
fZoomExponent=0.299993
fShader=0.000000
zoom=1.000200
rot=0.000000
cx=0.530000
cy=0.500000
dx=0.000000
dy=0.000000
warp=0.263000
sx=0.819544
sy=1.000000
wave_r=0.500000
wave_g=0.500000
wave_b=0.500000
wave_x=0.500000
wave_y=0.500000
ob_size=0.010000
ob_r=0.000000
ob_g=0.000000
ob_b=0.000000
ob_a=1.000000
ib_size=0.301000
ib_r=0.250000
ib_g=0.250000
ib_b=0.250000
ib_a=0.000000
nMotionVectorsX=3.256000
nMotionVectorsY=48.000000
mv_dx=0.000000
mv_dy=0.000000
mv_l=5.000000
mv_r=0.000000
mv_g=1.000000
mv_b=1.000000
mv_a=0.340000
per_frame_1=wave_r = wave_r + 0.350*( 0.60*sin(0.980*time) + 0.40*sin(1.047*time) );
per_frame_2=wave_b = wave_b + 0.350*( 0.60*sin(0.814*time) + 0.40*sin(1.011*time) );
per_frame_3=rot = rot + 0.010*( 0.60*sin(0.381*time) + 0.40*sin(0.479*time) );
per_frame_4=cx = cx + 0.0010*( 0.3*sin(0.374*mid) + 0.40*sin(0.294*time) );
per_frame_5=cy = cy + 0.0010*( 0.3*sin(0.393*mid) + 0.40*sin(0.223*time) );
per_frame_6=zoomexp=zoomexp+0.05+0.05*sin(treb*.9);
per_frame_7=decay=decay-0.01*(frame%2);
per_frame_8=dx = dx -  dx_residual;
per_frame_9=dy = dy - dy_residual;
per_frame_10=bass_thresh = above(bass_att,bass_thresh)*2 + (1-above(bass_att,bass_thresh))*((bass_thresh-1.3)*0.96+1.3);
per_frame_11=dx_residual = equal(bass_thresh,2)*0.016*sin(time*7) + (1-equal(bass_thresh,2))*dx_residual;
per_frame_12=dy_residual = equal(bass_thresh,2)*0.012*sin(time*9) + (1-equal(bass_thresh,2))*dy_residual;
per_frame_13=q1=dx_residual;
per_frame_14=q2=dy_residual;
per_frame_15=mv_x = 3.25;
per_pixel_1=zoom=1-zoom*rad*tan(time)*(q1+q2)*cos(rad*5*tan(time*.5))*4;
