[preset00] 
fGammaAdj=2.540000 
fDecay=1.000000 
fVideoEchoZoom=1.625358 
fVideoEchoAlpha=0.600000 
nVideoEchoOrientation=3 
nWaveMode=2 
bAdditiveWaves=1 
bWaveDots=0 
bModWaveAlphaByVolume=0 
bMaximizeWaveColor=1 
bTexWrap=0 
bDarkenCenter=1 
bMotionVectorsOn=0 
bRedBlueStereo=0 
nMotionVectorsX=12 
nMotionVectorsY=9 
bBrighten=0 
bDarken=0 
bSolarize=0 
bInvert=0 
fWaveAlpha=0.680267 
fWaveScale=0.691300 
fWaveSmoothing=0.400000 
fWaveParam=0.000000 
fModWaveAlphaStart=0.750000 
fModWaveAlphaEnd=0.950000 
fWarpAnimSpeed=1.000000 
fWarpScale=1.000000 
fZoomExponent=0.888000 
fShader=1.000000 
zoom=1.085000 
rot=0.000000 
cx=0.500000 
cy=0.500000 
dx=0.000000 
dy=0.000000 
warp=0.513000 
sx=1.000000 
sy=1.000000 
wave_r=0.650000 
wave_g=0.650000 
wave_b=0.650000 
wave_x=0.500000 
wave_y=0.500000 
per_frame_1=wave_r = wave_r + (bass-1); 
per_frame_2=wave_g = wave_g + (mid-1.25); 
per_frame_3=wave_b = wave_b + (treb-1.5); 
per_frame_4=warp = warp +(bass*.75); 
per_frame_5=rot = rot + (bass*.05); 
per_pixel_1=zoom=zoom+(cos(bass+4*rad));
fRating=4.000000
