[preset00] 
fGammaAdj=1.270000 
fDecay=0.975000 
fVideoEchoZoom=1.008151 
fVideoEchoAlpha=0.500000 
nVideoEchoOrientation=1 
nWaveMode=2 
bAdditiveWaves=0 
bWaveDots=0 
bModWaveAlphaByVolume=0 
bMaximizeWaveColor=1 
bTexWrap=0 
bDarkenCenter=1 
bMotionVectorsOn=0 
bRedBlueStereo=0 
nMotionVectorsX=12 
nMotionVectorsY=9 
bBrighten=1 
bDarken=0 
bSolarize=0 
bInvert=0 
fWaveAlpha=50.295330 
fWaveScale=0.925230 
fWaveSmoothing=0.900000 
fWaveParam=0.000000 
fModWaveAlphaStart=0.750000 
fModWaveAlphaEnd=0.950000 
fWarpAnimSpeed=1.000000 
fWarpScale=2.853000 
fZoomExponent=0.535239 
fShader=1.000000 
zoom=1.160853 
rot=0.020000 
cx=0.500000 
cy=0.500000 
dx=0.000000 
dy=0.000000 
warp=9.588363 
sx=1.051010 
sy=0.827657 
wave_r=0.499900 
wave_g=0.500000 
wave_b=0.499900 
wave_x=0.500000 
wave_y=0.500000 
per_frame_1=wave_r = wave_r + 0.5*( 0.60*sin(0.733*time) + 0.40*sin(0.345*time) ); 
per_frame_2=wave_g = wave_g + 0.5*( 0.60*sin(0.600*time) + 0.40*sin(0.456*time) ); 
per_frame_3=wave_b = wave_b + 0.5*( 0.60*sin(0.510*time) + 0.40*sin(0.550*time) ); 
per_frame_4=dx=dx+0.009*cos(time*0.974); 
per_frame_5=dy=dy+0.009*cos(time*0.705); 
per_frame_6= 
per_pixel_1=rot=rot+0.082*(mid_att+1.5)*(rad*0.3); 
fRating=4.000000
