[preset00]
fRating=5.000000
fGammaAdj=1.650000
fDecay=0.925000
fVideoEchoZoom=1.006500
fVideoEchoAlpha=0.520000
nVideoEchoOrientation=1
nWaveMode=0
bAdditiveWaves=1
bWaveDots=0
bModWaveAlphaByVolume=1
bMaximizeWaveColor=0
bTexWrap=1
bDarkenCenter=1
bMotionVectorsOn=0
bRedBlueStereo=0
nMotionVectorsX=12
nMotionVectorsY=9
bBrighten=0
bDarken=1
bSolarize=0
bInvert=0
fWaveAlpha=4.099998
fWaveScale=5.719537
fWaveSmoothing=0.000000
fWaveParam=-0.500000
fModWaveAlphaStart=0.710000
fModWaveAlphaEnd=1.300000
fWarpAnimSpeed=1.000000
fWarpScale=1.331000
fZoomExponent=3.300381
fShader=1.000000
zoom=1.070549
rot=0.020000
cx=0.500000
cy=0.500000
dx=0.000000
dy=0.000000
warp=0.010000
sx=0.999999
sy=1.232300
wave_r=0.650000
wave_g=0.650000
wave_b=0.650000
wave_x=0.500000
wave_y=0.500000
ob_size=0.010000
ob_r=0.000000
ob_g=0.000000
ob_b=0.000000
ob_a=0.000000
ib_size=0.010000
ib_r=0.250000
ib_g=0.250000
ib_b=0.250000
ib_a=0.000000
per_frame_1=warp = 0;
per_frame_2=tt= time/10;
per_frame_3=wave_r = sin(15*tt/2)/2+0.5;
per_frame_4=wave_g = cos(tt/3)/2+0.5;
per_frame_5=wave_b = cos(23*tt/2)/2+0.5;
per_pixel_1=rot=pow(-ang,3)/(bass+9)-(sin(ang)+(bass_att*.8));
per_pixel_2=zoom=sin(pow(rad,3))+(bass_att*.8);
