[preset00] 
fGammaAdj=1.000000 
fDecay=0.975000 
fVideoEchoZoom=1.006596 
fVideoEchoAlpha=0.000000 
nVideoEchoOrientation=3 
nWaveMode=0 
bAdditiveWaves=1 
bWaveDots=0 
bModWaveAlphaByVolume=1 
bMaximizeWaveColor=1 
bTexWrap=0 
bDarkenCenter=1 
bMotionVectorsOn=0 
bRedBlueStereo=0 
nMotionVectorsX=12 
nMotionVectorsY=9 
bBrighten=0 
bDarken=0 
bSolarize=0 
bInvert=0 
fWaveAlpha=4.099998 
fWaveScale=0.303779 
fWaveSmoothing=0.360000 
fWaveParam=-0.500000 
fModWaveAlphaStart=0.710000 
fModWaveAlphaEnd=1.300000 
fWarpAnimSpeed=1.000000 
fWarpScale=1.331000 
fZoomExponent=1.000000 
fShader=0.000000 
zoom=0.380217 
rot=0.020000 
cx=0.500000 
cy=0.500000 
dx=0.000000 
dy=0.000000 
warp=0.198054 
sx=1.000000 
sy=1.000000 
wave_r=0.650000 
wave_g=0.650000 
wave_b=0.650000 
wave_x=0.500000 
wave_y=0.500000 
per_frame_1=ff = frame/100; 
per_frame_2=wave_r = sin(5*ff/bass)/2+0.5; 
per_frame_3=wave_g = cos(ff/mid)/2+0.5; 
per_frame_4=wave_b = cos(3*ff/treb)/2+0.5; 
per_pixel_1=rot=pow(ang,3)/10; 
per_pixel_2=zoom=tan(pow(rad,10))+mid_att; 

