[preset00]
fRating=5.000000
fGammaAdj=1.900000
fDecay=0.949900
fVideoEchoZoom=1.000110
fVideoEchoAlpha=0.000000
nVideoEchoOrientation=1
nWaveMode=1
bAdditiveWaves=1
bWaveDots=0
bWaveThick=1
bModWaveAlphaByVolume=0
bMaximizeWaveColor=0
bTexWrap=0
bDarkenCenter=0
bRedBlueStereo=0
bBrighten=1
bDarken=0
bSolarize=0
bInvert=0
fWaveAlpha=0.463934
fWaveScale=0.273794
fWaveSmoothing=0.360000
fWaveParam=-0.480000
fModWaveAlphaStart=0.750000
fModWaveAlphaEnd=0.950000
fWarpAnimSpeed=0.999900
fWarpScale=3.137900
fZoomExponent=1.136010
fShader=0.200000
zoom=0.925231
rot=-0.140000
cx=0.470000
cy=0.530000
dx=-0.004000
dy=0.000000
warp=0.024480
sx=1.009900
sy=1.257100
wave_r=0.000000
wave_g=0.100000
wave_b=0.900000
wave_x=0.500000
wave_y=0.500000
ob_size=0.000000
ob_r=0.370000
ob_g=0.460000
ob_b=0.350000
ob_a=0.000000
ib_size=0.000000
ib_r=0.100000
ib_g=0.000000
ib_b=0.300000
ib_a=1.000000
nMotionVectorsX=14.799999
nMotionVectorsY=16.400000
mv_dx=0.000000
mv_dy=0.000000
mv_l=0.400000
mv_r=1.000000
mv_g=1.000000
mv_b=1.000000
mv_a=0.400000
per_frame_1=wave_r = wave_r + 0.4*sin(time*3.14) + (0.2*mid);
per_frame_2=wave_b = wave_b + 0.2*sin(time*1.5);
per_frame_3=wave_g = wave_g + 0.2*mid;
per_frame_4=mv_a = 0;
per_frame_5=wave_mystery =-.31+.01*sin(time*bass);
per_frame_6=wave_a = bass_att;
per_frame_7=cx = .5+.02*sin(time)+.01*sin(time/2);
per_frame_8=cy = .5+.02*sin(time)+.01*sin(time/1.5);
per_frame_9=
per_pixel_1=rot = if(above(rad,.1),-.9,1);
per_pixel_2=rot = if(above(rad,.2),.8,rot);
per_pixel_3=rot = if(above(rad,.3),-.7,rot);
per_pixel_4=rot = if(above(rad,.4),.6,rot);
per_pixel_5=rot = if(above(rad,.5),-.5,rot);
