[preset00]
fRating=3.000000
fGammaAdj=2.050001
fDecay=0.900000
fVideoEchoZoom=1.310602
fVideoEchoAlpha=0.570000
nVideoEchoOrientation=1
nWaveMode=3
bAdditiveWaves=1
bWaveDots=0
bWaveThick=0
bModWaveAlphaByVolume=1
bMaximizeWaveColor=0
bTexWrap=1
bDarkenCenter=1
bRedBlueStereo=0
bBrighten=0
bDarken=0
bSolarize=0
bInvert=1
fWaveAlpha=0.156805
fWaveScale=0.053742
fWaveSmoothing=0.351000
fWaveParam=0.200000
fModWaveAlphaStart=0.710000
fModWaveAlphaEnd=1.300000
fWarpAnimSpeed=1.000000
fWarpScale=1.331000
fZoomExponent=1.000000
fShader=1.000000
zoom=1.085500
rot=-0.200000
cx=0.500000
cy=0.500000
dx=0.005000
dy=0.000000
warp=0.198054
sx=1.000000
sy=1.000000
wave_r=0.100000
wave_g=0.180000
wave_b=0.340000
wave_x=0.489900
wave_y=0.500000
ob_size=0.010000
ob_r=0.000000
ob_g=0.000000
ob_b=0.000000
ob_a=0.000000
ib_size=0.000000
ib_r=0.250000
ib_g=0.250000
ib_b=0.250000
ib_a=0.000000
nMotionVectorsX=54.239967
nMotionVectorsY=7.560001
mv_dx=0.380000
mv_dy=0.160000
mv_l=1.200000
mv_r=0.600000
mv_g=1.000000
mv_b=1.000000
mv_a=0.140000
per_pixel_1=
per_pixel_2=sy=(abs((cos(2*rad)-0.5))+abs(atan(ang))) + abs(sin(x));
per_pixel_3=zoom = zoom + sin( 0.112*time) + 1;
per_pixel_4=rot = -0.8-(abs(atan(pow(ang,3))/5));
