[preset00]
fRating=4.000000
fGammaAdj=1.294000
fDecay=0.930000
fVideoEchoZoom=0.329279
fVideoEchoAlpha=0.000000
nVideoEchoOrientation=2
nWaveMode=0
bAdditiveWaves=1
bWaveDots=0
bWaveThick=0
bModWaveAlphaByVolume=0
bMaximizeWaveColor=1
bTexWrap=1
bDarkenCenter=0
bRedBlueStereo=0
bBrighten=0
bDarken=0
bSolarize=0
bInvert=0
fWaveAlpha=99.347687
fWaveScale=100.000000
fWaveSmoothing=0.000000
fWaveParam=1.000000
fModWaveAlphaStart=0.750000
fModWaveAlphaEnd=0.950000
fWarpAnimSpeed=12.032117
fWarpScale=15.769321
fZoomExponent=2.100000
fShader=0.000000
zoom=0.961000
rot=0.000000
cx=0.500000
cy=0.500000
dx=0.000000
dy=0.000000
warp=0.359495
sx=1.000000
sy=1.000000
wave_r=0.000000
wave_g=0.200000
wave_b=0.650000
wave_x=0.500000
wave_y=0.500000
ob_size=0.005000
ob_r=0.300000
ob_g=0.000000
ob_b=0.000000
ob_a=0.900000
ib_size=0.010000
ib_r=0.500000
ib_g=0.500000
ib_b=0.500000
ib_a=0.750000
nMotionVectorsX=64.000000
nMotionVectorsY=1.248000
mv_dx=0.000000
mv_dy=0.000000
mv_l=0.000000
mv_r=1.000000
mv_g=1.000000
mv_b=0.000000
mv_a=0.000000
per_frame_1=wave_x = wave_x + 0.2900*( 0.60*sin(2.121*time) + 0.40*sin(1.621*time) );
per_frame_2=wave_y = wave_y + 0.2900*( 0.60*sin(1.742*time) + 0.40*sin(2.322*time) );
per_frame_3=ib_r = ib_r + 0.7*sin(treble+time);
per_frame_4=ib_g = ib_g + 0.8*sin(bass+time);
per_frame_5=ib_b = ib_b + 1.4*sin(mid+time);
per_frame_6=q1 = .8*sin(time);
per_frame_7=monitor = q1;
per_frame_8=wave_r = if(above(rot,q1),1,wave_r);
per_frame_9=wave_g = if(above(rot,q1),.1*sin(time*20),wave_g);
per_frame_10=wave_b = if(above(rot,q1),0,wave_g);
per_frame_11=warp = 0;
per_frame_12=rot = 0;
per_frame_13=ob_r=1;
per_frame_14=ob_g=1;
per_frame_15=ob_b=1;
per_frame_16=ob_size=.04;
per_frame_17=ob_a = .3;
per_pixel_1=rot = if(above(rad,q1),rot+ang&2,rot);
