[preset00]
fRating=3.000000
fGammaAdj=1.000000
fDecay=0.939999
fVideoEchoZoom=2.006761
fVideoEchoAlpha=0.000000
nVideoEchoOrientation=0
nWaveMode=4
bAdditiveWaves=0
bWaveDots=0
bWaveThick=1
bModWaveAlphaByVolume=0
bMaximizeWaveColor=1
bTexWrap=0
bDarkenCenter=0
bRedBlueStereo=0
bBrighten=0
bDarken=0
bSolarize=0
bInvert=0
fWaveAlpha=1.576900
fWaveScale=0.010000
fWaveSmoothing=0.000000
fWaveParam=-0.240000
fModWaveAlphaStart=0.500000
fModWaveAlphaEnd=1.000000
fWarpAnimSpeed=9.180534
fWarpScale=3.544900
fZoomExponent=1.000000
fShader=0.000000
zoom=1.000000
rot=0.000000
cx=0.500000
cy=1.700000
dx=0.000010
dy=0.000010
warp=0.972365
sx=1.000000
sy=1.000000
wave_r=0.500000
wave_g=0.500000
wave_b=0.500000
wave_x=0.500000
wave_y=0.000000
ob_size=0.005000
ob_r=0.390000
ob_g=0.400000
ob_b=0.590000
ob_a=0.000000
ib_size=0.500000
ib_r=1.000000
ib_g=1.000000
ib_b=1.000000
ib_a=0.000000
nMotionVectorsX=16.000004
nMotionVectorsY=16.800003
mv_dx=0.000000
mv_dy=0.000000
mv_l=0.150000
mv_r=1.000000
mv_g=0.000000
mv_b=0.000000
mv_a=0.000000
per_frame_1=warp = 0;
per_frame_2=wave_b =0;
per_frame_3=dypillar = int(rand(100));
per_frame_4=q1 = dypillar*.01;
per_frame_5=wave_r = .25+.2*sin(time/2)+.1*sin(time*2)+abs(.1*sin(time*2));
per_frame_6=wave_g = .2+.2*sin(time);
per_frame_7=wave_g = if(above(wave_g,wave_r),wave_g-.3,wave_g);
per_frame_8=changer = frame%2;
per_frame_9=wave_mode = if(equal(changer,1),wave_mode,1);
per_pixel_1=dy = -abs(rad-1)*.007-int(rand(bass*2))*.01;
per_pixel_2=rot = if(above(y,.8),-abs(rad-1)*(int(rand(100))-50)*.0015,0);
per_pixel_3=dy = dy - if(above(x,q1-(bass*.1)),if(below(x,q1+(bass*.1)),int(rand(100))*.001,0),0);
per_frame_init_1=dypillar = 0;
