[preset00]
fRating=3.000000
fGammaAdj=1.000000
fDecay=1.000000
fVideoEchoZoom=0.325446
fVideoEchoAlpha=0.400000
nVideoEchoOrientation=0
nWaveMode=6
bAdditiveWaves=1
bWaveDots=0
bWaveThick=0
bModWaveAlphaByVolume=0
bMaximizeWaveColor=1
bTexWrap=1
bDarkenCenter=0
bRedBlueStereo=0
bBrighten=0
bDarken=0
bSolarize=0
bInvert=0
fWaveAlpha=0.011566
fWaveScale=100.000000
fWaveSmoothing=0.630000
fWaveParam=0.320000
fModWaveAlphaStart=0.710000
fModWaveAlphaEnd=1.300000
fWarpAnimSpeed=1.000000
fWarpScale=1.331000
fZoomExponent=1.000000
fShader=0.000000
zoom=0.850709
rot=0.000000
cx=0.500000
cy=0.500000
dx=0.000000
dy=0.000000
warp=0.010000
sx=0.990099
sy=0.028376
wave_r=1.000000
wave_g=1.000000
wave_b=1.000000
wave_x=0.500000
wave_y=0.500000
ob_size=0.050000
ob_r=1.000000
ob_g=0.000000
ob_b=0.000000
ob_a=1.000000
ib_size=0.010000
ib_r=0.250000
ib_g=0.250000
ib_b=0.250000
ib_a=1.000000
nMotionVectorsX=12.000000
nMotionVectorsY=9.000000
mv_dx=0.000000
mv_dy=0.000000
mv_l=0.900000
mv_r=1.000000
mv_g=1.000000
mv_b=0.000000
mv_a=0.000000
per_frame_1=ob_r=rand(10)*Sin(above(bass,bass_att));
per_frame_2=ob_g=rand(10)*sin(above(mid,mid_Att));
per_frame_3=ob_b=rand(10)*Sin(above(treb,treb_Att));
per_pixel_1=sx=sx+.10*Sin(Time*y)*sin(x*time*bass)*sin(Time*.53*above(bass,bass_Att))
per_pixel_2=*sin(ang&rad*above(mid,mid_att));
per_pixel_3=sy=sx-.10*cos(Time*0.52*y*treb)*Sin(x*time)*sin(time*.23*above(treb,treb_Att))
per_pixel_4=*sin(ang&rad*above(treb,treb_att));
per_pixel_5=
per_pixel_6=
per_pixel_7=
per_pixel_8=rot= pow(4*sin(above(sx,sy*rad*Ang*rad*y*ang+.2*sin(bass))),rot*10);
