[preset00]
fRating=4.000000
fGammaAdj=1.000000
fDecay=0.999000
fVideoEchoZoom=0.334860
fVideoEchoAlpha=0.000000
nVideoEchoOrientation=3
nWaveMode=1
bAdditiveWaves=0
bWaveDots=0
bModWaveAlphaByVolume=0
bMaximizeWaveColor=0
bTexWrap=1
bDarkenCenter=0
bRedBlueStereo=0
bBrighten=0
bDarken=0
bSolarize=0
bInvert=0
fWaveAlpha=1.000416
fWaveScale=3.647125
fWaveSmoothing=0.900000
fWaveParam=-0.520000
fModWaveAlphaStart=1.000000
fModWaveAlphaEnd=1.000000
fWarpAnimSpeed=1.000388
fWarpScale=1.000435
fZoomExponent=1.000158
fShader=0.000000
zoom=1.000223
rot=0.000000
cx=0.500000
cy=0.500000
dx=0.000000
dy=0.000000
warp=0.000000
sx=1.000000
sy=1.000000
wave_r=0.500000
wave_g=0.500000
wave_b=0.500000
wave_x=0.600000
wave_y=0.500000
ob_size=0.000000
ob_r=0.000000
ob_g=0.000000
ob_b=0.000000
ob_a=1.000000
ib_size=0.000000
ib_r=0.250000
ib_g=0.250000
ib_b=0.250000
ib_a=1.000000
nMotionVectorsX=0.000000
nMotionVectorsY=6.240000
mv_l=3.500000
mv_r=1.000000
mv_g=1.000000
mv_b=1.000000
mv_a=1.000000
per_frame_1=wave_r=max(0,min(.5,bass_att/2-.3))
per_frame_2=+(sin(time*2.4)+1)/4;
per_frame_3=wave_g=max(0,min(.5,treb_att/2-.3))
per_frame_4=+(sin(time*1.9)+1)/4;
per_frame_5=wave_b=max(0,min(.5,mid_att/2-.3))
per_frame_6=+(sin(time*2.2)+1)/4;
per_frame_7=wave_x=int(rand(11))/10;
per_frame_8=vol=(bass_att+mid_att+treb_att)/5;
per_frame_9=mv_x=64;
per_frame_10=mv_y=vol*3;
per_frame_11=vcheck=if(above(vol,.5),1,0);
per_frame_12=mv_r=if(above(bass,max(mid,treb)),vcheck,0);
per_frame_13=mv_g=if(above(treb,max(mid,bass)),vcheck,0);
per_frame_14=mv_b=if(above(mid,max(bass,treb)),vcheck,0);
per_pixel_1=rot=.06*sin(rad*15)
