[preset00]
fRating=4.000000
fGammaAdj=1.000000
fDecay=0.995000
fVideoEchoZoom=2.706161
fVideoEchoAlpha=0.400000
nVideoEchoOrientation=0
nWaveMode=0
bAdditiveWaves=0
bWaveDots=0
bModWaveAlphaByVolume=1
bMaximizeWaveColor=0
bTexWrap=0
bDarkenCenter=0
bRedBlueStereo=0
bBrighten=0
bDarken=0
bSolarize=0
bInvert=0
fWaveAlpha=0.999756
fWaveScale=4.922807
fWaveSmoothing=0.000000
fWaveParam=-0.599900
fModWaveAlphaStart=1.000000
fModWaveAlphaEnd=2.000000
fWarpAnimSpeed=1.000388
fWarpScale=1.000435
fZoomExponent=1.000158
fShader=0.000000
zoom=1.000223
rot=0.000000
cx=0.500000
cy=0.500000
dx=0.002000
dy=0.000000
warp=0.010201
sx=1.000000
sy=1.000000
wave_r=1.000000
wave_g=0.700000
wave_b=0.000000
wave_x=0.500000
wave_y=0.500000
ob_size=0.000000
ob_r=0.000000
ob_g=0.000000
ob_b=0.000000
ob_a=1.000000
ib_size=0.000000
ib_r=0.000000
ib_g=0.000000
ib_b=0.000000
ib_a=1.000000
nMotionVectorsX=0.000000
nMotionVectorsY=0.000000
mv_l=1.000000
mv_r=1.000000
mv_g=1.000000
mv_b=1.000000
mv_a=0.000000
per_frame_1=ib_size=if(above(bass+treble+mid,5),0.5,0);
per_frame_2=wave_r=sin(time*5*bass);
per_frame_3=wave_g=sin(time*4*mid);
per_frame_4=wave_b=sin(time*6*treb);
per_frame_5=wave_y=rand(8)/7;
per_frame_6=wave_x=rand(6)/5;
per_frame_7=wave_mystery=if(above(treble,1),treble,
per_frame_8=wave_mystery)
per_pixel_1=dx=-sqr(cos(1.57*x))/75;
per_pixel_2=dy=0.001*-sign(y-0.5)*if(below(x,0.5),
per_pixel_3=(-4.34*x-0.77),(sin((x-0.5)*3.14)))
