[preset00]
fRating=4.000000
fGammaAdj=1.000000
fDecay=0.987000
fVideoEchoZoom=1.000499
fVideoEchoAlpha=0.000000
nVideoEchoOrientation=0
nWaveMode=0
bAdditiveWaves=1
bWaveDots=0
bModWaveAlphaByVolume=1
bMaximizeWaveColor=1
bTexWrap=0
bDarkenCenter=0
bRedBlueStereo=0
bBrighten=0
bDarken=0
bSolarize=0
bInvert=0
fWaveAlpha=20.350744
fWaveScale=1.000344
fWaveSmoothing=0.000000
fWaveParam=0.289900
fModWaveAlphaStart=0.800000
fModWaveAlphaEnd=2.000000
fWarpAnimSpeed=1.000388
fWarpScale=1.000435
fZoomExponent=1.000158
fShader=0.000000
zoom=1.000223
rot=0.000000
cx=0.500000
cy=0.500000
dx=0.000000
dy=0.000000
warp=0.010120
sx=1.000000
sy=1.000000
wave_r=0.090000
wave_g=0.100000
wave_b=0.100000
wave_x=0.500000
wave_y=0.500000
ob_size=0.500000
ob_r=0.000000
ob_g=0.000000
ob_b=0.000000
ob_a=0.000000
ib_size=0.040000
ib_r=0.570000
ib_g=0.000000
ib_b=1.000000
ib_a=0.400000
nMotionVectorsX=0.000000
nMotionVectorsY=0.000000
mv_l=1.000000
mv_r=1.000000
mv_g=1.000000
mv_b=1.000000
mv_a=0.000000
per_frame_1=small_wave=equal(rand(3),0);
per_frame_2=wave_r=wave_r+max((bass_att-1),0)*.5+
per_frame_3=.2*sqr(sin(time))+if(small_wave,-.7,0);
per_frame_4=wave_g=wave_g+max((mid_att-1),0)*.3+
per_frame_5=.2*sin(time*1.1)+if(small_wave,.5,0);
per_frame_6=wave_b=wave_b+max((treb_att-1),0)*.3+
per_frame_7=.2*sin(time*1.2)+if(small_wave,.4,0);
per_frame_8=wave_mystery=if(small_wave,-.42,.29);
per_frame_9=ib_a=.5*(max(bass+bass_att,3)-3);
per_frame_10=ib_r=sin(time);
per_frame_11=ib_g=sin(time*1.1);
per_frame_12=ib_b=sin(time*1.2);
per_pixel_1=zoom=1+.05*cos(rad*7.85);
per_pixel_2=rot=.5*sin(int(2+abs((progress-.5)*9.48))*
per_pixel_3=ang+mid_att+time*3)*
per_pixel_4=if(below(rad,.4),sin(rad*7.85),0);
