[preset00]
fRating=3.000000
fGammaAdj=1.000000
fDecay=0.988900
fVideoEchoZoom=1.000000
fVideoEchoAlpha=0.000000
nVideoEchoOrientation=0
nWaveMode=0
bAdditiveWaves=0
bWaveDots=0
bModWaveAlphaByVolume=1
bMaximizeWaveColor=0
bTexWrap=1
bDarkenCenter=0
bRedBlueStereo=0
bBrighten=0
bDarken=0
bSolarize=0
bInvert=0
fWaveAlpha=1.650400
fWaveScale=0.880200
fWaveSmoothing=0.900000
fWaveParam=0.840000
fModWaveAlphaStart=0.000000
fModWaveAlphaEnd=0.400000
fWarpAnimSpeed=2.419500
fWarpScale=0.609300
fZoomExponent=0.699800
fShader=0.900000
zoom=1.000158
rot=0.012000
cx=0.500000
cy=0.500000
dx=0.000000
dy=0.000000
warp=4.000795
sx=1.000000
sy=1.000000
wave_r=0.500000
wave_g=0.500000
wave_b=0.500000
wave_x=0.500000
wave_y=0.500000
ob_size=0.010000
ob_r=0.000000
ob_g=0.000000
ob_b=0.000000
ob_a=0.000000
ib_size=0.010000
ib_r=0.250000
ib_g=0.250000
ib_b=0.250000
ib_a=0.000000
nMotionVectorsX=12.000000
nMotionVectorsY=9.000000
mv_l=0.900000
mv_r=1.000000
mv_g=1.000000
mv_b=1.000000
mv_a=0.000000
per_frame_1=wave_r = wave_r + .5*sin(time*.67);
per_frame_2=wave_g = wave_g + .5*sin(time*.79);
per_frame_3=wave_b = wave_b + .5*sin(time*.89);
per_frame_4=sx = 1 - bass*.005;
per_frame_5=sy = 1 - bass*0.01;
per_frame_6=zoomexp = bass*.03;
per_pixel_1=zoom = sin(0.8 + rad*.003);
per_pixel_2=rot = 0.1*(sin(3.14*rad));
per_pixel_3=warp = 5*(bass*rad);
