[preset00]
fRating=3.000000
fGammaAdj=1.000000
fDecay=0.960000
fVideoEchoZoom=1.006591
fVideoEchoAlpha=0.000000
nVideoEchoOrientation=1
nWaveMode=0
bAdditiveWaves=1
bWaveDots=0
bModWaveAlphaByVolume=0
bMaximizeWaveColor=0
bTexWrap=1
bDarkenCenter=0
bMotionVectorsOn=0
bRedBlueStereo=0
nMotionVectorsX=12
nMotionVectorsY=9
bBrighten=0
bDarken=0
bSolarize=0
bInvert=0
fWaveAlpha=4.099998
fWaveScale=100.000000
fWaveSmoothing=0.900000
fWaveParam=-1.000000
fModWaveAlphaStart=0.800000
fModWaveAlphaEnd=0.200000
fWarpAnimSpeed=1.254862
fWarpScale=2.063773
fZoomExponent=0.063414
fShader=0.000000
zoom=1.136010
rot=0.100000
cx=0.500000
cy=0.500000
dx=0.020000
dy=0.000000
warp=0.999828
sx=0.544999
sy=0.544999
wave_r=1.000000
wave_g=0.000000
wave_b=0.000000
wave_x=0.500000
wave_y=0.500000
ob_size=0.500000
ob_r=0.000000
ob_g=0.000000
ob_b=0.400000
ob_a=0.050000
ib_size=0.500000
ib_r=1.000000
ib_g=0.300000
ib_b=0.000000
ib_a=0.050000
per_frame_1=warp = warp * 7*sin(time*0.1);
per_frame_2=wave_g = 0 + 0.5*sin(bass*0.2);
