[preset00]
fRating=4.000000
fGammaAdj=1.999000
fDecay=0.980000
fVideoEchoZoom=9.827499
fVideoEchoAlpha=0.000000
nVideoEchoOrientation=0
nWaveMode=5
bAdditiveWaves=1
bWaveDots=1
bModWaveAlphaByVolume=0
bMaximizeWaveColor=1
bTexWrap=1
bDarkenCenter=0
bRedBlueStereo=0
bBrighten=0
bDarken=1
bSolarize=0
bInvert=0
fWaveAlpha=45.111797
fWaveScale=1.599276
fWaveSmoothing=0.900000
fWaveParam=-0.000000
fModWaveAlphaStart=0.750000
fModWaveAlphaEnd=0.950000
fWarpAnimSpeed=1.000000
fWarpScale=1.000000
fZoomExponent=1.488000
fShader=1.000000
zoom=1.064000
rot=0.040000
cx=0.500000
cy=0.500000
dx=0.000000
dy=0.000000
warp=0.248704
sx=0.999999
sy=1.000000
wave_r=0.100000
wave_g=0.200000
wave_b=1.000000
wave_x=0.500000
wave_y=0.500000
ob_size=0.010000
ob_r=0.000000
ob_g=0.000000
ob_b=0.000000
ob_a=0.000000
ib_size=0.010000
ib_r=0.250000
ib_g=0.250000
ib_b=0.250000
ib_a=0.000000
nMotionVectorsX=12.000000
nMotionVectorsY=9.000000
mv_l=0.900000
mv_r=1.000000
mv_g=1.000000
mv_b=1.000000
mv_a=0.000000
