[preset00]
fRating=5.000000
fGammaAdj=2.630000
fDecay=0.935000
fVideoEchoZoom=1.006500
fVideoEchoAlpha=0.000000
nVideoEchoOrientation=3
nWaveMode=5
bAdditiveWaves=1
bWaveDots=0
bModWaveAlphaByVolume=1
bMaximizeWaveColor=0
bTexWrap=1
bDarkenCenter=0
bRedBlueStereo=0
bBrighten=1
bDarken=1
bSolarize=0
bInvert=1
fWaveAlpha=0.008081
fWaveScale=0.010000
fWaveSmoothing=0.540000
fWaveParam=-0.300000
fModWaveAlphaStart=0.389900
fModWaveAlphaEnd=0.660000
fWarpAnimSpeed=1.220146
fWarpScale=7.980380
fZoomExponent=1.000000
fShader=0.280000
zoom=1.006500
rot=0.000000
cx=0.530100
cy=0.500000
dx=1.000000
dy=0.000000
warp=6.165909
sx=100.000000
sy=79.689735
wave_r=0.000000
wave_g=1.000000
wave_b=1.000000
wave_x=0.490000
wave_y=0.510000
ob_size=0.000000
ob_r=0.200000
ob_g=0.800000
ob_b=0.800000
ob_a=0.000000
ib_size=0.000000
ib_r=0.000000
ib_g=1.000000
ib_b=1.000000
ib_a=0.000000
nMotionVectorsX=64.000000
nMotionVectorsY=45.120003
mv_l=4.500000
mv_r=0.300000
mv_g=1.000000
mv_b=1.000000
mv_a=0.110000
per_frame_1=
per_frame_2=aaa=bass_att-0.72;
per_frame_3=
per_frame_4=zoom=zoom+0.05*sin(0.3*time);
per_frame_5=
per_frame_6=
per_frame_7=mv_a=mv_a+0.012*sin(time*1.33);
per_frame_8=wave_r=mv_r;
per_frame_9=wave_g=mv_g;
per_frame_10=wave_b=mv_b;
per_frame_11=warp=warp+sin(time);
per_frame_12=rot=0.5+sin(time)*0.33;
per_frame_13=monitor=warp;
per_frame_14=cx=cx+sin(time)*0.2+3;
per_frame_15=cy=cy+sin(time)*0.02;
per_frame_16=monitor=cy;
per_frame_17=
per_frame_18=//This preset was originally made for my skin - "Kieslowski - Red". Do a search for it at www.1001winampskins.com
