[preset00]
fRating=5.000000
fGammaAdj=2.000000
fDecay=0.935000
fVideoEchoZoom=1.006596
fVideoEchoAlpha=0.000000
nVideoEchoOrientation=3
nWaveMode=2
bAdditiveWaves=1
bWaveDots=0
bWaveThick=0
bModWaveAlphaByVolume=0
bMaximizeWaveColor=1
bTexWrap=1
bDarkenCenter=1
bRedBlueStereo=0
bBrighten=0
bDarken=0
bSolarize=0
bInvert=1
fWaveAlpha=0.690479
fWaveScale=0.470627
fWaveSmoothing=0.000000
fWaveParam=-0.200000
fModWaveAlphaStart=0.880000
fModWaveAlphaEnd=0.960000
fWarpAnimSpeed=1.000000
fWarpScale=1.331000
fZoomExponent=1.000000
fShader=0.010000
zoom=1.006500
rot=0.000000
cx=0.500000
cy=0.500000
dx=0.005000
dy=0.000000
warp=2.063700
sx=1.000000
sy=1.000000
wave_r=1.000000
wave_g=1.000000
wave_b=1.000000
wave_x=0.500000
wave_y=0.500000
ob_size=0.200000
ob_r=1.000000
ob_g=1.000000
ob_b=1.000000
ob_a=0.020000
ib_size=0.359900
ib_r=0.900000
ib_g=0.900000
ib_b=0.900000
ib_a=0.000000
nMotionVectorsX=64.000000
nMotionVectorsY=43.200001
mv_dx=0.000000
mv_dy=0.000000
mv_l=4.500000
mv_r=0.500000
mv_g=0.500000
mv_b=0.500000
mv_a=0.040000
per_frame_1=ob_size=ob_size+sin(treb_att);
per_frame_2=ib_size=ib_size+sin(bass_att*2);
per_frame_3=ob_g=ob_g+(treb_att*.02);
per_frame_4=ob_r=ob_g;
per_frame_5=ob_b=ob_g;
per_frame_6=zoom=zoom+0.05*sin(0.3*time);
per_frame_7=wave_b=wave_b+0.9*bass_att-1.2;
per_frame_8=monitor=wave_b;
per_frame_9=wave_r=wave_b;
per_frame_10=wave_g=wave_b;
per_frame_11=wave_x=wave_x+0.36*sin(time*0.4);
per_frame_12=wave_y=wave_y+0.33*sin(time*0.8);
per_frame_13=warp=warp+sin(time);
per_frame_14=//This preset was originally made for my skin - "Kieslowski - White". Do a search for it at www.1001winampskins.com

