[preset00]
fRating=5.000000
fGammaAdj=2.839900
fDecay=0.935000
fVideoEchoZoom=1.006500
fVideoEchoAlpha=0.000000
nVideoEchoOrientation=3
nWaveMode=0
bAdditiveWaves=1
bWaveDots=0
bModWaveAlphaByVolume=1
bMaximizeWaveColor=0
bTexWrap=1
bDarkenCenter=0
bRedBlueStereo=0
bBrighten=1
bDarken=0
bSolarize=0
bInvert=1
fWaveAlpha=0.008000
fWaveScale=0.010000
fWaveSmoothing=0.540000
fWaveParam=-0.300000
fModWaveAlphaStart=0.389900
fModWaveAlphaEnd=0.660000
fWarpAnimSpeed=1.082857
fWarpScale=1.331000
fZoomExponent=1.000000
fShader=1.000000
zoom=1.006500
rot=0.320000
cx=0.500000
cy=0.500000
dx=0.005000
dy=0.000000
warp=2.063700
sx=1.000000
sy=1.000000
wave_r=0.100000
wave_g=0.100000
wave_b=0.100000
wave_x=0.490000
wave_y=0.510000
ob_size=0.075000
ob_r=0.000000
ob_g=0.720000
ob_b=0.670000
ob_a=0.030000
ib_size=0.000000
ib_r=0.700000
ib_g=0.500000
ib_b=0.500000
ib_a=0.020000
nMotionVectorsX=64.000000
nMotionVectorsY=45.120003
mv_l=4.500000
mv_r=0.400000
mv_g=1.000000
mv_b=1.000000
mv_a=0.030000
per_frame_1=ob_a=ob_a+0.03*sin(bass_att+rand(322));
per_frame_2=aaa=bass_att-0.72;
per_frame_3=ib_size=ib_size+sin(bass_att*10);
per_frame_4=zoom=zoom+0.05*sin(0.3*time)-(treb_att*0.3);
per_frame_5=ib_a=ib_a+0.03*sin(0.3*bass_att);
per_frame_6=mv_a=mv_a+0.012*sin(time*1.33);
per_frame_7=ob_size=if(above(aaa,1.1),1.1,aaa);
per_frame_8=rot=sin(time)+rand(3);
per_frame_9=monitor=rot;
per_frame_10=//This preset was originally made for my skin - "Kieslowski - Red". Do a search for it at www.1001winampskins.com
