[preset00]
fRating=2.000000
fGammaAdj=2.630000
fDecay=0.926000
fVideoEchoZoom=1.006500
fVideoEchoAlpha=0.000000
nVideoEchoOrientation=3
nWaveMode=6
bAdditiveWaves=1
bWaveDots=0
bModWaveAlphaByVolume=1
bMaximizeWaveColor=0
bTexWrap=1
bDarkenCenter=1
bRedBlueStereo=0
bBrighten=0
bDarken=1
bSolarize=0
bInvert=0
fWaveAlpha=0.007843
fWaveScale=52.022781
fWaveSmoothing=0.234000
fWaveParam=-0.300000
fModWaveAlphaStart=0.389900
fModWaveAlphaEnd=0.600000
fWarpAnimSpeed=1.347848
fWarpScale=0.600438
fZoomExponent=1.000000
fShader=0.280000
zoom=1.006500
rot=0.000000
cx=0.530100
cy=0.500000
dx=1.000000
dy=0.000000
warp=6.165909
sx=1.000000
sy=1.000000
wave_r=0.000000
wave_g=1.000000
wave_b=1.000000
wave_x=0.490000
wave_y=0.510000
ob_size=0.005000
ob_r=1.000000
ob_g=0.000000
ob_b=0.000000
ob_a=0.040000
ib_size=0.000000
ib_r=0.400000
ib_g=0.000000
ib_b=0.000000
ib_a=0.000000
nMotionVectorsX=64.000000
nMotionVectorsY=45.120003
mv_l=4.500000
mv_r=0.400000
mv_g=0.070000
mv_b=0.070000
mv_a=0.030000
per_frame_1=loudness=bass_att+treb_att+mid_att;
per_frame_2=ob_a=ob_a+0.03*sin(loudness*0.3);
per_frame_3=
per_frame_4=aaa=bass_att;
per_frame_5=ib_size=ib_size+sin(loudness*7);
per_frame_6=ob_g=ob_g+sin(treb_att*.2);
per_frame_7=ob_r=ob_r+0.2*sin(time*0.14)+0.3;
per_frame_8=zoom=zoom+0.05*sin(0.3*time);
per_frame_9=ib_a=ib_a+0.03*sin(0.3*bass_att);
per_frame_10=
per_frame_11=mv_a=mv_a+0.012*sin(time*1.33);
per_frame_12=wave_r=mv_r;
per_frame_13=wave_g=mv_g;
per_frame_14=wave_b=mv_b;
per_frame_15=ob_size=if(above(aaa,1.1),1.1,aaa);
per_frame_16=rot=0.5+sin(time)*0.2;
per_frame_17=monitor=loudness;
per_frame_18=//This preset was originally made for my skin - "Kieslowski - Red". Do a search for it at www.1001winampskins.com
