[preset00]
fRating=5.000000
fGammaAdj=2.000000
fDecay=0.940000
fVideoEchoZoom=58.924000
fVideoEchoAlpha=0.000000
nVideoEchoOrientation=0
nWaveMode=1
bAdditiveWaves=1
bWaveDots=0
bModWaveAlphaByVolume=1
bMaximizeWaveColor=0
bTexWrap=1
bDarkenCenter=0
bRedBlueStereo=0
bBrighten=0
bDarken=0
bSolarize=0
bInvert=0
fWaveAlpha=0.097254
fWaveScale=0.659619
fWaveSmoothing=0.009000
fWaveParam=-0.400000
fModWaveAlphaStart=0.000000
fModWaveAlphaEnd=0.200000
fWarpAnimSpeed=1.868299
fWarpScale=9.180500
fZoomExponent=1.000000
fShader=0.010000
zoom=1.046000
rot=1.000000
cx=-0.100000
cy=0.380000
dx=1.099900
dy=1.045000
warp=0.010000
sx=0.614100
sy=0.550400
wave_r=0.400000
wave_g=0.260000
wave_b=0.540000
wave_x=0.900000
wave_y=0.900000
ob_size=0.005000
ob_r=0.000000
ob_g=0.000000
ob_b=0.000000
ob_a=0.310000
ib_size=0.085000
ib_r=0.250000
ib_g=0.250000
ib_b=0.250000
ib_a=0.090000
nMotionVectorsX=2.000000
nMotionVectorsY=2.000000
mv_l=0.900000
mv_r=1.000000
mv_g=1.000000
mv_b=1.000000
mv_a=0.000000
per_frame_1=ib_size=.07+((2*bass_att)+mid_att)*0.021;
per_frame_2=ob_size=(mid_att+bass_att+treb_att)*0.00243;
per_frame_3=ob_b=.088+((bass_att+mid_att+treb_att)*0.075);
per_frame_4=ib_b=.3+(bass_att*0.12);
per_frame_5=ob_g=.1+((bass_att+mid_att+treb_att)*0.014);
per_frame_6=ob_r=((bass_att+treb_att+mid_att)*0.019);
per_frame_7=ib_r=.1;
per_frame_8=ib_g=.005+(bass_att*0.122);
per_frame_9=my_volume=(bass_att*0.3333);
per_frame_10=warp=16*(sin(bass_att)*0.1724);
per_frame_11=dx=dx+0.5*sin(time*1.33)-cos(time*0.22);
per_frame_12=dy=dy+0.5*sin(time*.43)-tan(time*0.12);
per_frame_13=//This preset was originally made for my skin - "Kieslowski - Blue". Do a search for it at www.1001winampskins.com
per_pixel_1=zoom=zoom+(bass*0.047)
per_pixel_2=
