[preset00]
fRating=3.000000
fGammaAdj=2.630000
fDecay=0.910000
fVideoEchoZoom=1.006500
fVideoEchoAlpha=0.000000
nVideoEchoOrientation=3
nWaveMode=1
bAdditiveWaves=1
bWaveDots=0
bWaveThick=1
bModWaveAlphaByVolume=1
bMaximizeWaveColor=1
bTexWrap=1
bDarkenCenter=1
bRedBlueStereo=0
bBrighten=1
bDarken=0
bSolarize=0
bInvert=1
fWaveAlpha=100.000000
fWaveScale=0.191873
fWaveSmoothing=0.000000
fWaveParam=-0.740000
fModWaveAlphaStart=0.389900
fModWaveAlphaEnd=0.460000
fWarpAnimSpeed=1.000000
fWarpScale=1.331000
fZoomExponent=1.000000
fShader=0.180000
zoom=1.006500
rot=0.320000
cx=0.500000
cy=0.500000
dx=0.005000
dy=0.000000
warp=2.063700
sx=1.000000
sy=1.000000
wave_r=1.000000
wave_g=1.000000
wave_b=1.000000
wave_x=0.790000
wave_y=0.510000
ob_size=0.075000
ob_r=0.060000
ob_g=0.060000
ob_b=0.059900
ob_a=0.040000
ib_size=0.000000
ib_r=0.100000
ib_g=0.100000
ib_b=0.100000
ib_a=0.000000
nMotionVectorsX=64.000000
nMotionVectorsY=45.120003
mv_dx=0.000000
mv_dy=0.000000
mv_l=4.500000
mv_r=0.090000
mv_g=0.090000
mv_b=0.090000
mv_a=0.080000
per_frame_1=
per_frame_2=aaa=bass_att-0.72;
per_frame_3=ib_size=ib_size+bass_att;
per_frame_4=ob_g=ob_g+sin(treb_att*.2);
per_frame_5=ob_b=ob_g;
per_frame_6=ob_r=ob_g;
per_frame_7=zoom=zoom+0.05*sin(0.3*time);
per_frame_8=ib_a=ib_a+0.03*sin(0.3*bass_att);
per_frame_9=
per_frame_10=mv_a=mv_a+0.012*sin(time*1.33);
per_frame_11=
per_frame_12=ob_size=if(above(aaa,1.1),1.1,aaa);
per_frame_13=
per_frame_14=monitor=ob_r;
per_frame_15=//This preset was originally made for my skin - "Kieslowski - White". Do a search for it at www.1001winampskins.com
