[preset00]
fRating=3.000000
fGammaAdj=2.000000
fDecay=0.935000
fVideoEchoZoom=1.006596
fVideoEchoAlpha=0.000000
nVideoEchoOrientation=3
nWaveMode=5
bAdditiveWaves=1
bWaveDots=0
bModWaveAlphaByVolume=1
bMaximizeWaveColor=0
bTexWrap=0
bDarkenCenter=1
bRedBlueStereo=0
bBrighten=0
bDarken=0
bSolarize=0
bInvert=0
fWaveAlpha=0.507299
fWaveScale=0.707711
fWaveSmoothing=0.720000
fWaveParam=1.000000
fModWaveAlphaStart=0.710000
fModWaveAlphaEnd=1.360000
fWarpAnimSpeed=1.000000
fWarpScale=1.331000
fZoomExponent=1.000000
fShader=0.010000
zoom=1.006500
rot=0.000000
cx=0.500000
cy=0.500000
dx=0.005000
dy=0.000000
warp=2.063700
sx=1.000000
sy=1.000000
wave_r=0.650000
wave_g=0.650000
wave_b=0.650000
wave_x=0.500000
wave_y=0.500000
ob_size=0.450000
ob_r=0.050000
ob_g=0.000000
ob_b=0.600000
ob_a=0.010000
ib_size=0.360000
ib_r=0.200000
ib_g=0.000000
ib_b=0.030000
ib_a=0.010000
nMotionVectorsX=64.000000
nMotionVectorsY=43.200001
mv_l=4.500000
mv_r=0.000000
mv_g=0.400000
mv_b=0.700000
mv_a=0.070000
per_frame_1=wave_r = abs(sin(time));
per_frame_2=wave_x = wave_x+.5*cos(bass);
per_frame_3=wave_y=wave_y+.1*sin(bass);
per_frame_4=ob_size=ob_size+sin(time);
per_frame_5=ib_size=ib_size+sin(time);
per_frame_6=ib_g=bass/5;
per_frame_7=ib_b=300;
per_frame_8=ib_r=0;
per_frame_9=ob_b=ob_b+(treb);
per_frame_10=zoom=zoom+0.1*((sin(time/2))/2);
per_frame_11=
per_pixel_1=cx = atan(pow(rad-y,6))-sin(rad);
per_pixel_2=cy = atan(pow(ang,-5))-cos(rad);
per_pixel_3=dx = sin((bass+mid+treb)*ang)/2390
per_pixel_4=zoom=zoom+rad*21;
