[preset00] 
fRating=4.000000 
fGammaAdj=2.000000 
fDecay=0.980000 
fVideoEchoZoom=2.000000 
fVideoEchoAlpha=0.000000 
nVideoEchoOrientation=0 
nWaveMode=0 
bAdditiveWaves=0 
bWaveDots=0 
bModWaveAlphaByVolume=0 
bMaximizeWaveColor=1 
bTexWrap=1 
bDarkenCenter=0 
bMotionVectorsOn=0 
bRedBlueStereo=0 
nMotionVectorsX=12 
nMotionVectorsY=9 
bBrighten=0 
bDarken=0 
bSolarize=0 
bInvert=0 
fWaveAlpha=1.315701 
fWaveScale=1.028415 
fWaveSmoothing=0.720000 
fWaveParam=-0.200000 
fModWaveAlphaStart=0.750000 
fModWaveAlphaEnd=0.950000 
fWarpAnimSpeed=1.000000 
fWarpScale=1.000000 
fZoomExponent=1.000000 
fShader=0.000000 
zoom=1.000000 
rot=0.000000 
cx=0.500000 
cy=0.500000 
dx=0.000000 
dy=0.000000 
warp=1.000000 
sx=1.000000 
sy=1.000000 
wave_r=0.500000 
wave_g=0.500000 
wave_b=0.500000 
wave_x=0.500000 
wave_y=0.500000 
ob_size=0.010000 
ob_r=0.000000 
ob_g=0.000000 
ob_b=0.000000 
ob_a=0.000000 
ib_size=0.010000 
ib_r=0.250000 
ib_g=0.250000 
ib_b=0.250000 
ib_a=0.000000 
per_frame_1=dx = dx - .001; 
per_frame_2=dy = dy - .001; 
per_frame_3=warp = 0; 
per_frame_4=wave_r = 0; 
per_frame_5=wave_b = wave_b; 
per_frame_6=wave_g = wave_g + .1*sin(time); 
per_pixel_1=unknown = rad + (rad - rad*.4)/((x-.5)*(y-.5)); 
per_pixel_2=dx = if(below(y,.5),dx-unknown*.001,dx-.045+(.01*(rand(10)))); 
per_pixel_3=dy = if(above(y,.5),dy+.01,dy); 
per_pixel_4=sx = if(above(y,.5),sx + y*.05,sx); 