[preset00]
fGammaAdj=1.000000
fDecay=1.000000
fVideoEchoZoom=3.072679
fVideoEchoAlpha=0.600000
nVideoEchoOrientation=0
nWaveMode=5
bAdditiveWaves=1
bWaveDots=0
bModWaveAlphaByVolume=1
bMaximizeWaveColor=0
bTexWrap=0
bDarkenCenter=1
bRedBlueStereo=0
bBrighten=0
bDarken=1
bSolarize=0
bInvert=0
fWaveAlpha=100.000000
fWaveScale=1.310600
fWaveSmoothing=0.900000
fWaveParam=1.000000
fModWaveAlphaStart=1.000001
fModWaveAlphaEnd=0.890000
fWarpAnimSpeed=0.010000
fWarpScale=100.000000
fZoomExponent=0.199863
fShader=1.000000
zoom=1.004798
rot=-0.020000
cx=0.500000
cy=0.500000
dx=0.000000
dy=0.000000
warp=0.010000
sx=1.091683
sy=1.093685
wave_r=0.600000
wave_g=0.600000
wave_b=0.600000
wave_x=0.500000
wave_y=0.470000
ob_size=0.010000
ob_r=0.000000
ob_g=0.000000
ob_b=0.000000
ob_a=0.000000
ib_size=0.010000
ib_r=0.250000
ib_g=0.250000
ib_b=0.250000
ib_a=0.000000
nMotionVectorsX=14.000000
nMotionVectorsY=9.000000
mv_l=0.900000
mv_r=1.000000
mv_g=1.000000
mv_b=1.000000
mv_a=0.000000
per_frame_1=wave_r = wave_r + 0.400*( 0.60*sin(0.933*time) + 0.40*sin(1.045*time) );
per_frame_2=wave_g = wave_g + 0.400*( 0.60*sin(0.900*time) + 0.40*sin(0.956*time) );
per_frame_3=wave_b = wave_b + 0.400*( 0.60*sin(0.910*time) + 0.40*sin(0.920*time) );
per_frame_4=zoom = zoom + 0.023*( 0.60*sin(0.339*time) + 0.40*sin(0.276*time) );
per_frame_5=rot = rot + 0.030*( 0.60*sin(0.381*time) + 0.40*sin(0.579*time) );
per_frame_6=decay=decay - 0.01*equal(frame%8,0);
per_pixel_1=rot=rot+0.1/(rad+0.1);
