[preset00]
fRating=5.000000
fGammaAdj=2.000000
fDecay=0.998999
fVideoEchoZoom=0.999608
fVideoEchoAlpha=0.500000
nVideoEchoOrientation=2
nWaveMode=1
bAdditiveWaves=1
bWaveDots=0
bWaveThick=1
bModWaveAlphaByVolume=1
bMaximizeWaveColor=1
bTexWrap=1
bDarkenCenter=0
bRedBlueStereo=0
bBrighten=0
bDarken=0
bSolarize=0
bInvert=0
fWaveAlpha=2.864807
fWaveScale=0.396905
fWaveSmoothing=0.000000
fWaveParam=-1.000000
fModWaveAlphaStart=0.550000
fModWaveAlphaEnd=0.950000
fWarpAnimSpeed=1.000000
fWarpScale=1.000000
fZoomExponent=1.000000
fShader=1.000000
zoom=1.000000
rot=0.000000
cx=0.500000
cy=0.500000
dx=0.000000
dy=0.000000
warp=0.010000
sx=1.000000
sy=1.000000
wave_r=0.170000
wave_g=0.370000
wave_b=0.100000
wave_x=0.500000
wave_y=0.500000
ob_size=0.005000
ob_r=0.000000
ob_g=0.000000
ob_b=0.000000
ob_a=1.000000
ib_size=0.000000
ib_r=0.250000
ib_g=0.250000
ib_b=0.250000
ib_a=0.000000
nMotionVectorsX=12.799999
nMotionVectorsY=9.599999
mv_dx=0.000000
mv_dy=0.000000
mv_l=1.000000
mv_r=0.410000
mv_g=0.700000
mv_b=1.000000
mv_a=1.000000
per_frame_1=decay=0.99;
per_frame_2=amv=amv+(bass*0.07)+0.005;
per_frame_3=mv_x=8+(sin(time));
per_frame_4=mv_y=8+(cos(time));
per_frame_5=mvmod=(0.2);
per_frame_6=mv_r=abs(sin(time)*mvmod)+0.2;
per_frame_7=mv_g=abs(sin(time+60)*mvmod)+0.2;
per_frame_8=mv_b=abs(sin(time+120)*mvmod)+0.2;
per_pixel_1=rtin=(sin(time/16)*100);
per_pixel_2=zoom=zoom+0.04;
per_pixel_3=xadj=(x-0.5)*2;yadj=(y-0.5)*2;padv=padv+0.01;
per_pixel_4=warp=( ((xadj)+(sin(time)*(xadj)))+((yadj)+(cos(time)*yadj)))*3 ;
per_pixel_5=dx=(sin(padv)/50)*(bass*bass)*1.5;
per_pixel_6=dy=(cos(padv)/50)*(bass*bass)*1.5;
per_pixel_7=rot=( (treb_att)*sin((ang-3.14)*(sin(time/4)*15) ) )/10
per_frame_init_1=esa=0;amv=0;padv=0
