[preset00]
fRating=3.000000
fGammaAdj=2.000000
fDecay=0.975000
fVideoEchoZoom=1.000000
fVideoEchoAlpha=0.500000
nVideoEchoOrientation=2
nWaveMode=3
bAdditiveWaves=0
bWaveDots=0
bWaveThick=0
bModWaveAlphaByVolume=0
bMaximizeWaveColor=0
bTexWrap=0
bDarkenCenter=0
bRedBlueStereo=0
bBrighten=0
bDarken=0
bSolarize=0
bInvert=0
fWaveAlpha=1.000000
fWaveScale=0.054279
fWaveSmoothing=0.750000
fWaveParam=0.000000
fModWaveAlphaStart=0.850000
fModWaveAlphaEnd=1.950000
fWarpAnimSpeed=1.000000
fWarpScale=1.000000
fZoomExponent=1.000000
fShader=0.000000
zoom=1.000000
rot=0.000000
cx=-0.190000
cy=-0.100000
dx=0.000000
dy=0.000000
warp=1.000000
sx=1.000000
sy=1.000000
wave_r=0.400000
wave_g=0.400000
wave_b=0.400000
wave_x=0.500000
wave_y=0.500000
ob_size=0.005000
ob_r=0.000000
ob_g=0.000000
ob_b=0.000000
ob_a=1.000000
ib_size=0.005000
ib_r=0.240000
ib_g=0.540000
ib_b=1.000000
ib_a=0.629999
nMotionVectorsX=24.799999
nMotionVectorsY=18.599998
mv_dx=0.000000
mv_dy=0.000000
mv_l=0.900000
mv_r=1.000000
mv_g=0.800000
mv_b=0.600000
mv_a=0.060000
per_frame_1=warp=0;
per_frame_2=dx=-0.0005;
per_frame_3=dy=-0.0005;
per_frame_4=wave_x = int(rand(100))/100;
per_frame_5=wave_r = 1 + sin(-wave_x*3.1415);
per_frame_6=wave_g = abs(sin(2*wave_x*3.1415));
per_frame_7=wave_b = sin(wave_x*3.1415);
per_pixel_1=rot = (x-0.5)*(sin(time)*0.09);
per_pixel_2=zoom=1.00 - (cos(time) * 0.09)
