[preset00]
fRating=1.000000
fGammaAdj=1.000000
fDecay=0.900000
fVideoEchoZoom=2.000000
fVideoEchoAlpha=0.000000
nVideoEchoOrientation=0
nWaveMode=0
bAdditiveWaves=0
bWaveDots=0
bModWaveAlphaByVolume=0
bMaximizeWaveColor=0
bTexWrap=0
bDarkenCenter=0
bMotionVectorsOn=0
bRedBlueStereo=0
nMotionVectorsX=12
nMotionVectorsY=9
bBrighten=0
bDarken=0
bSolarize=0
bInvert=0
fWaveAlpha=0.999738
fWaveScale=1.000158
fWaveSmoothing=0.000000
fWaveParam=0.400000
fModWaveAlphaStart=0.750000
fModWaveAlphaEnd=0.950000
fWarpAnimSpeed=1.000000
fWarpScale=1.000000
fZoomExponent=1.000000
fShader=0.000000
zoom=1.000000
rot=0.000000
cx=0.500000
cy=0.500000
dx=0.000000
dy=0.000000
warp=0.010000
sx=1.000000
sy=1.000000
wave_r=0.000000
wave_g=0.000000
wave_b=0.000000
wave_x=0.500000
wave_y=0.500000
ob_size=0.010000
ob_r=0.000000
ob_g=0.000000
ob_b=0.000000
ob_a=0.000000
ib_size=0.010000
ib_r=0.250000
ib_g=0.250000
ib_b=0.250000
ib_a=0.000000
per_frame_1=wave_r=bass*0.25;
per_frame_2=wave_g=treb*0.5;
per_frame_3=wave_b=mid*9;
per_frame_4=zoom=1-(bass*0.05);
per_pixel_1=warp=
per_pixel_2=    if(above(y,0.2),
per_pixel_3=            if(below(y,0.8),
per_pixel_4=                  if(above(x,0.2),
per_pixel_5=                      if(below(x,0.8),
per_pixel_6=                          0,
per_pixel_7=                          100),
per_pixel_8=                      100),
per_pixel_9=                 100)
per_pixel_10=   ,100);
