[preset00]
fRating=0.000000
fGammaAdj=4.500001
fDecay=0.900000
fVideoEchoZoom=2.000000
fVideoEchoAlpha=0.000000
nVideoEchoOrientation=0
nWaveMode=0
bAdditiveWaves=1
bWaveDots=0
bModWaveAlphaByVolume=0
bMaximizeWaveColor=0
bTexWrap=0
bDarkenCenter=0
bRedBlueStereo=0
bBrighten=0
bDarken=1
bSolarize=0
bInvert=0
fWaveAlpha=0.001000
fWaveScale=1.000000
fWaveSmoothing=0.750000
fWaveParam=0.000000
fModWaveAlphaStart=0.750000
fModWaveAlphaEnd=0.950000
fWarpAnimSpeed=1.000000
fWarpScale=1.000000
fZoomExponent=1.000000
fShader=0.000000
zoom=1.000000
rot=0.000000
cx=0.500000
cy=0.500000
dx=0.000000
dy=0.000000
warp=0.010000
sx=1.000000
sy=1.000000
wave_r=1.000000
wave_g=0.000000
wave_b=0.000000
wave_x=0.500000
wave_y=0.500000
ob_size=0.010000
ob_r=0.000000
ob_g=0.000000
ob_b=0.000000
ob_a=0.000000
ib_size=0.010000
ib_r=0.250000
ib_g=0.250000
ib_b=0.250000
ib_a=0.000000
nMotionVectorsX=64.000000
nMotionVectorsY=43.200001
mv_r=0.000000
mv_g=0.000000
mv_b=0.000000
mv_a=1.000000
per_frame_1=mv_r=bass;
per_frame_2=mv_g=treb;
per_frame_3=mv_b=mid;
per_frame_4=mv_y=min(bass*3,64);
per_frame_5=mv_x=1;
per_pixel_1=cy=if(above(bass,1.4),0,1);
per_pixel_2=cx=0.5;
per_pixel_3=rot=if(above(x,0.5),-(bass*0.1),bass*0.1);
per_pixel_4=rot=if(above(bass,1.4),-rot,rot);
