[preset00]
fRating=0.000000
fGammaAdj=1.000000
fDecay=0.980000
fVideoEchoZoom=3.001500
fVideoEchoAlpha=0.800000
nVideoEchoOrientation=1
nWaveMode=4
bAdditiveWaves=0
bWaveDots=0
bModWaveAlphaByVolume=0
bMaximizeWaveColor=0
bTexWrap=0
bDarkenCenter=0
bMotionVectorsOn=0
bRedBlueStereo=0
nMotionVectorsX=12
nMotionVectorsY=9
bBrighten=1
bDarken=0
bSolarize=0
bInvert=0
fWaveAlpha=0.800000
fWaveScale=1.199720
fWaveSmoothing=0.750000
fWaveParam=0.000000
fModWaveAlphaStart=0.750000
fModWaveAlphaEnd=0.950000
fWarpAnimSpeed=0.010000
fWarpScale=0.010000
fZoomExponent=1.000000
fShader=1.000000
zoom=1.000000
rot=0.000000
cx=0.500000
cy=0.500000
dx=0.000000
dy=0.000000
warp=0.010000
sx=1.000000
sy=1.000000
wave_r=1.000000
wave_g=0.000000
wave_b=0.000000
wave_x=0.500000
wave_y=0.500000
ob_size=0.000000
ob_r=0.000000
ob_g=0.000000
ob_b=0.000000
ob_a=0.000000
ib_size=0.000000
ib_r=0.000000
ib_g=1.000000
ib_b=0.250000
ib_a=0.000000
per_frame_1=zoom=bass/3;
per_frame_2=wave_b=bass/2;
per_frame_3=wave_g=bass/2;
per_frame_4=zoomexp=treble;
