[preset00]
fRating=3.000000
fGammaAdj=1.000000
fDecay=0.900000
fVideoEchoZoom=0.999605
fVideoEchoAlpha=1.000000
nVideoEchoOrientation=0
nWaveMode=5
bAdditiveWaves=0
bWaveDots=0
bModWaveAlphaByVolume=0
bMaximizeWaveColor=0
bTexWrap=0
bDarkenCenter=0
bMotionVectorsOn=0
bRedBlueStereo=0
nMotionVectorsX=12
nMotionVectorsY=9
bBrighten=0
bDarken=0
bSolarize=0
bInvert=0
fWaveAlpha=0.999700
fWaveScale=2.000453
fWaveSmoothing=0.000000
fWaveParam=0.000000
fModWaveAlphaStart=0.750000
fModWaveAlphaEnd=0.000000
fWarpAnimSpeed=0.010000
fWarpScale=0.010000
fZoomExponent=0.010000
fShader=1.000000
zoom=1.000000
rot=0.000000
cx=0.500000
cy=0.500000
dx=0.000000
dy=0.000000
warp=0.010000
sx=1.220189
sy=0.980296
wave_r=0.000000
wave_g=0.000000
wave_b=1.000000
wave_x=0.499800
wave_y=0.500000
ob_size=0.010000
ob_r=0.000000
ob_g=0.000000
ob_b=0.000000
ob_a=0.000000
ib_size=0.010000
ib_r=0.250000
ib_g=0.250000
ib_b=0.250000
ib_a=0.000000
per_frame_1=wave_r=bass/2;
per_frame_2=wave_g=bass;
per_frame_3=zoom=bass;
