[preset00]
fRating=3.000000
fGammaAdj=2.400000
fDecay=0.900000
fVideoEchoZoom=0.999609
fVideoEchoAlpha=0.000000
nVideoEchoOrientation=0
nWaveMode=0
bAdditiveWaves=0
bWaveDots=0
bModWaveAlphaByVolume=0
bMaximizeWaveColor=0
bTexWrap=0
bDarkenCenter=0
bRedBlueStereo=0
bBrighten=0
bDarken=1
bSolarize=0
bInvert=0
fWaveAlpha=100.000000
fWaveScale=0.010000
fWaveSmoothing=0.900000
fWaveParam=0.000000
fModWaveAlphaStart=2.000000
fModWaveAlphaEnd=2.000000
fWarpAnimSpeed=1.000000
fWarpScale=1.000000
fZoomExponent=1.000000
fShader=0.000000
zoom=1.000000
rot=0.000000
cx=0.500000
cy=0.500000
dx=0.000000
dy=0.000000
warp=0.010000
sx=1.000000
sy=1.000157
wave_r=0.000000
wave_g=1.000000
wave_b=0.000000
wave_x=0.500000
wave_y=0.500000
ob_size=0.090000
ob_r=0.000000
ob_g=0.000000
ob_b=0.000000
ob_a=0.000000
ib_size=0.110000
ib_r=0.000000
ib_g=0.000000
ib_b=0.000000
ib_a=0.000000
nMotionVectorsX=12.000000
nMotionVectorsY=9.000000
mv_r=1.000000
mv_g=1.000000
mv_b=1.000000
mv_a=0.000000
per_frame_1=wave_r=bass*1.13;
per_frame_2=wave_g=mid*1.23;
per_frame_3=wave_b=treb*1.33;
per_frame_4=decay=if(above(progress,0.05),
per_frame_5=0.999,
per_frame_6=0);
per_pixel_1=zoom=if(above(y,0.5),
per_pixel_2=if(above(bass_att/bass,1.1),
per_pixel_3=1+y*0.2,
per_pixel_4=1-y*0.2),
per_pixel_5=if(above(bass_att/bass,1.1),
per_pixel_6=1-y*0.2,
per_pixel_7=1+y*0.2));
