[preset00]
fRating=0.000000
fGammaAdj=1.000000
fDecay=0.900000
fVideoEchoZoom=0.332584
fVideoEchoAlpha=0.500000
nVideoEchoOrientation=1
nWaveMode=7
bAdditiveWaves=1
bWaveDots=0
bModWaveAlphaByVolume=1
bMaximizeWaveColor=0
bTexWrap=1
bDarkenCenter=0
bMotionVectorsOn=0
bRedBlueStereo=0
nMotionVectorsX=12
nMotionVectorsY=9
bBrighten=0
bDarken=0
bSolarize=0
bInvert=0
fWaveAlpha=4.099998
fWaveScale=1.285751
fWaveSmoothing=0.630000
fWaveParam=0.000000
fModWaveAlphaStart=0.710000
fModWaveAlphaEnd=1.300000
fWarpAnimSpeed=1.000000
fWarpScale=1.331000
fZoomExponent=1.000000
fShader=0.000000
zoom=0.999514
rot=0.000000
cx=0.500000
cy=0.500000
dx=0.000000
dy=0.000000
warp=0.010000
sx=1.000000
sy=1.000000
wave_r=0.000000
wave_g=0.000000
wave_b=0.000000
wave_x=0.500000
wave_y=0.500000
ob_size=0.500000
ob_r=0.010000
ob_g=0.000000
ob_b=0.000000
ob_a=1.000000
ib_size=0.075000
ib_r=1.000000
ib_g=1.000000
ib_b=1.000000
ib_a=1.000000
per_frame_1=ob_size=0.4-(bass*0.15);
