[preset00]
fRating=3.000000
fGammaAdj=1.000000
fDecay=0.999000
fVideoEchoZoom=2.000000
fVideoEchoAlpha=0.000000
nVideoEchoOrientation=0
nWaveMode=6
bAdditiveWaves=0
bWaveDots=0
bModWaveAlphaByVolume=0
bMaximizeWaveColor=0
bTexWrap=0
bDarkenCenter=0
bMotionVectorsOn=0
bRedBlueStereo=0
nMotionVectorsX=12
nMotionVectorsY=9
bBrighten=0
bDarken=0
bSolarize=0
bInvert=0
fWaveAlpha=100.000000
fWaveScale=0.999998
fWaveSmoothing=0.900000
fWaveParam=0.000000
fModWaveAlphaStart=0.750000
fModWaveAlphaEnd=0.950000
fWarpAnimSpeed=1.000000
fWarpScale=1.000000
fZoomExponent=1.000000
fShader=0.000000
zoom=1.000000
rot=0.000000
cx=0.500000
cy=0.500000
dx=0.000000
dy=0.000000
warp=0.010000
sx=0.999836
sy=1.000000
wave_r=0.000000
wave_g=0.000000
wave_b=1.000000
wave_x=1.000000
wave_y=0.500000
ob_size=0.010000
ob_r=0.000000
ob_g=0.000000
ob_b=0.000000
ob_a=0.000000
ib_size=0.010000
ib_r=0.250000
ib_g=0.250000
ib_b=0.250000
ib_a=0.000000
per_frame_1=wave_r=bass*0.25;
per_pixel_1=dy=y*0.025+bass*0.04;
per_pixel_2=sx=1+y*0.1;
