[preset00]
fRating=3.000000
fGammaAdj=1.900000
fDecay=0.989900
fVideoEchoZoom=1.061000
fVideoEchoAlpha=0.000000
nVideoEchoOrientation=0
nWaveMode=7
bAdditiveWaves=0
bWaveDots=0
bModWaveAlphaByVolume=0
bMaximizeWaveColor=1
bTexWrap=1
bDarkenCenter=0
bMotionVectorsOn=0
bRedBlueStereo=0
nMotionVectorsX=12
nMotionVectorsY=9
bBrighten=0
bDarken=0
bSolarize=0
bInvert=0
fWaveAlpha=0.650375
fWaveScale=0.135085
fWaveSmoothing=0.500000
fWaveParam=0.280000
fModWaveAlphaStart=0.750000
fModWaveAlphaEnd=0.950000
fWarpAnimSpeed=0.010000
fWarpScale=0.010000
fZoomExponent=2.700000
fShader=0.000000
zoom=1.020792
rot=0.000000
cx=0.500000
cy=0.500000
dx=0.000000
dy=0.001000
warp=0.010000
sx=1.000000
sy=1.000000
wave_r=1.000000
wave_g=0.000000
wave_b=0.000000
wave_x=0.500000
wave_y=0.540000
ob_size=0.010000
ob_r=0.000000
ob_g=0.000000
ob_b=0.000000
ob_a=0.000000
ib_size=0.010000
ib_r=0.250000
ib_g=0.250000
ib_b=0.250000
ib_a=0.000000
per_frame_1=zoom=bass;
per_frame_2=wave_r=bass*100;
per_frame_3=wave_g=mid;
per_frame_4=wave_b=treble;
per_frame_5=wave_mystery=time/5;
