[preset00]
fRating=3.000000
fGammaAdj=1.000000
fDecay=1.000000
fVideoEchoZoom=0.999510
fVideoEchoAlpha=0.500000
nVideoEchoOrientation=3
nWaveMode=4
bAdditiveWaves=0
bWaveDots=0
bModWaveAlphaByVolume=0
bMaximizeWaveColor=0
bTexWrap=0
bDarkenCenter=1
bMotionVectorsOn=0
bRedBlueStereo=0
nMotionVectorsX=3
nMotionVectorsY=3
bBrighten=1
bDarken=0
bSolarize=0
bInvert=0
fWaveAlpha=100.000000
fWaveScale=0.010000
fWaveSmoothing=0.000000
fWaveParam=0.000000
fModWaveAlphaStart=2.000000
fModWaveAlphaEnd=2.000000
fWarpAnimSpeed=0.010000
fWarpScale=0.010000
fZoomExponent=1.000196
fShader=0.000000
zoom=1.119700
rot=-0.000006
cx=0.500000
cy=0.500000
dx=0.000000
dy=0.001000
warp=0.010000
sx=0.999837
sy=0.999837
wave_r=1.000000
wave_g=0.000000
wave_b=0.000000
wave_x=0.500000
wave_y=0.500000
ob_size=0.000000
ob_r=0.000000
ob_g=0.000000
ob_b=0.000000
ob_a=0.000000
ib_size=0.000000
ib_r=0.250000
ib_g=0.250000
ib_b=0.250000
ib_a=0.000000
per_frame_1=wave_r=bass;
per_frame_2=wave_g=mid;
per_frame_3=wave_b=treb;
per_frame_4=rot=sin(bass)/8;
