[preset00]
fRating=1.000000
fGammaAdj=1.700000
fDecay=0.900000
fVideoEchoZoom=2.000000
fVideoEchoAlpha=0.000000
nVideoEchoOrientation=0
nWaveMode=3
bAdditiveWaves=0
bWaveDots=0
bModWaveAlphaByVolume=0
bMaximizeWaveColor=0
bTexWrap=0
bDarkenCenter=0
bRedBlueStereo=0
bBrighten=0
bDarken=0
bSolarize=0
bInvert=0
fWaveAlpha=0.999744
fWaveScale=0.499803
fWaveSmoothing=0.000000
fWaveParam=-0.000000
fModWaveAlphaStart=0.750000
fModWaveAlphaEnd=0.950000
fWarpAnimSpeed=1.000000
fWarpScale=1.000000
fZoomExponent=1.000000
fShader=0.000000
zoom=1.000000
rot=0.000000
cx=0.500000
cy=0.500000
dx=0.000000
dy=0.000000
warp=0.010000
sx=1.000000
sy=1.000000
wave_r=1.000000
wave_g=0.000000
wave_b=0.000000
wave_x=0.500000
wave_y=0.500000
ob_size=0.010000
ob_r=0.000000
ob_g=0.000000
ob_b=0.000000
ob_a=0.000000
ib_size=0.010000
ib_r=0.250000
ib_g=0.250000
ib_b=0.250000
ib_a=0.000000
nMotionVectorsX=12.000000
nMotionVectorsY=9.000000
mv_l=0.900000
mv_r=1.000000
mv_g=1.000000
mv_b=1.000000
mv_a=0.000000
per_frame_1=decay=0.75;
per_frame_2=wave_r=sin(bass_att);
per_frame_3=wave_g=cos(treb);
per_frame_4=wave_b=tan(bass*mid_att);
per_frame_5=wave_x=if(above(bass_att/bass,1),wave_x+0.2,wave_x-0.2);
per_frame_6=wave_y=if(above(mid_att/mid,1),wave_y+0.2,wave_y-0.2);
per_frame_7=rot=if(above(treb_att/treb,1),treb_att/treb*0.02,treb_att/treb*(-0.02));
