[preset00]
fRating=3.000000
fGammaAdj=1.000000
fDecay=0.910000
fVideoEchoZoom=0.999609
fVideoEchoAlpha=0.500000
nVideoEchoOrientation=2
nWaveMode=6
bAdditiveWaves=0
bWaveDots=0
bModWaveAlphaByVolume=0
bMaximizeWaveColor=0
bTexWrap=0
bDarkenCenter=1
bMotionVectorsOn=0
bRedBlueStereo=0
nMotionVectorsX=12
nMotionVectorsY=9
bBrighten=1
bDarken=1
bSolarize=1
bInvert=0
fWaveAlpha=4.099998
fWaveScale=0.999598
fWaveSmoothing=0.900000
fWaveParam=0.500000
fModWaveAlphaStart=0.710000
fModWaveAlphaEnd=1.300000
fWarpAnimSpeed=1.000000
fWarpScale=1.331000
fZoomExponent=1.000000
fShader=0.000000
zoom=0.999514
rot=0.000000
cx=0.500000
cy=0.500000
dx=0.000000
dy=0.000000
warp=0.010000
sx=1.000000
sy=1.000000
wave_r=1.000000
wave_g=0.000000
wave_b=0.000000
wave_x=0.500000
wave_y=0.500000
ob_size=0.500000
ob_r=0.220000
ob_g=1.000000
ob_b=0.000000
ob_a=0.000000
ib_size=0.435000
ib_r=0.000000
ib_g=0.000000
ib_b=0.000000
ib_a=0.300000
per_frame_1=ib_r=bass*2;
per_frame_2=ib_g=bass;
per_frame_3=ib_b=bass;
per_frame_4=zoom=1.02+bass/2;
