[preset00]
fRating=5.000000
fGammaAdj=1.994000
fDecay=0.900000
fVideoEchoZoom=2.000000
fVideoEchoAlpha=0.000000
nVideoEchoOrientation=0
nWaveMode=5
bAdditiveWaves=1
bWaveDots=0
bModWaveAlphaByVolume=0
bMaximizeWaveColor=1
bTexWrap=1
bDarkenCenter=0
bMotionVectorsOn=0
bRedBlueStereo=0
nMotionVectorsX=12
nMotionVectorsY=9
bBrighten=0
bDarken=0
bSolarize=0
bInvert=0
fWaveAlpha=0.800000
fWaveScale=1.151736
fWaveSmoothing=0.100000
fWaveParam=-0.500000
fModWaveAlphaStart=0.750000
fModWaveAlphaEnd=0.950000
fWarpAnimSpeed=1.000000
fWarpScale=1.331000
fZoomExponent=1.000000
fShader=0.000000
zoom=1.000000
rot=0.000000
cx=0.500000
cy=0.500000
dx=0.000000
dy=0.000000
warp=0.012485
sx=1.000000
sy=1.000000
wave_r=0.650000
wave_g=0.650000
wave_b=0.650000
wave_x=0.500000
wave_y=0.500000
ob_size=0.010000
ob_r=0.000000
ob_g=0.000000
ob_b=0.000000
ob_a=0.000000
ib_size=0.010000
ib_r=0.250000
ib_g=0.250000
ib_b=0.250000
ib_a=0.000000
per_frame_1=wave_r = wave_r + 0.400 * sin(time * 0.555) + bass * 0.100;
per_frame_2=wave_g = wave_g + 0.400 * sin(time * 0.222) + treb * 0.100;
per_frame_3=wave_b = wave_b + 0.400 * sin(time * 0.777) + rot;
per_frame_4= sx = sx + max(0,max(bass_att,bass)-1)* 0.25;
per_pixel_1=rot = 0.400 * (rot + 0.110 * (sin(rad*10)));
per_pixel_2=zoom = if(above(rad,0.500),zoom,1 + (bass+treb)*0.100);
