[preset00]
fGammaAdj=1.700000
fDecay=0.950000
fVideoEchoZoom=2.000000
fVideoEchoAlpha=0.000000
nVideoEchoOrientation=0
nWaveMode=0
bAdditiveWaves=1
bWaveDots=0
bModWaveAlphaByVolume=0
bMaximizeWaveColor=1
bTexWrap=1
bDarkenCenter=0
bMotionVectorsOn=0
bRedBlueStereo=0
nMotionVectorsX=12
nMotionVectorsY=9
bBrighten=0
bDarken=0
bSolarize=0
bInvert=0
fWaveAlpha=2.100000
fWaveScale=0.246669
fWaveSmoothing=0.900000
fWaveParam=-0.300000
fModWaveAlphaStart=0.750000
fModWaveAlphaEnd=0.950000
fWarpAnimSpeed=1.000000
fWarpScale=2.853000
fZoomExponent=1.000000
fShader=0.000000
zoom=1.053000
rot=0.000000
cx=0.500000
cy=0.500000
dx=0.000000
dy=0.000000
warp=0.000000
sx=1.000000
sy=1.000000
wave_r=0.990000
wave_g=0.990000
wave_b=0.990000
wave_x=0.500000
wave_y=0.500000
ob_size=0.010000
ob_r=0.000000
ob_g=0.000000
ob_b=0.000000
ob_a=0.000000
ib_size=0.010000
ib_r=0.250000
ib_g=0.250000
ib_b=0.250000
ib_a=0.000000
per_frame_1=bass_effect = max(0,max(bass_att,bass)-1);
per_frame_2=zoom = zoom + 0.03*( 0.60*sin(0.339*time) + 0.40*sin(0.276*time) );
per_frame_3=rot = ( 0.60*sin(0.381*time) + 0.40*sin(0.579*time) )/35;
per_frame_4=wave_r = sin(time*3.765)/2+0.5;
per_frame_5=wave_r = if(above(bass_effect,0), 1, wave_r);
per_frame_6=wave_b = sin(time*2.777)/2+0.5;
per_frame_7=wave_b = if(above(bass_effect,0), 0, wave_b);
per_frame_8=wave_g = sin(time*4.123)/2+0.5;
per_frame_9=wave_g = if(above(bass_effect,0), 0, wave_g);
per_frame_10=q1=0.05+0.005*sin(time*0.71);
per_frame_11=wave_mystery = -0.42 + if(above(bass_effect,0),0.57,0) + bass_effect/10;
per_pixel_1=zoom=zoom+1.8*q1*sin((progress-rad)*500+time*2.5);
