[preset00]
fGammaAdj=1.800000
fVideoEchoZoom=1.289000
fVideoEchoAlpha=0.400000
nVideoEchoOrientation=1
fDecay=0.980000
nWaveMode=0
bAdditiveWaves=0
bWaveDots=0
bModWaveAlphaByVolume=0
bMaximizeWaveColor=1
bTexWrap=1
bDarkenCenter=0
bMotionVectorsOn=0
nMotionVectorsX=12
nMotionVectorsY=9
fWaveAlpha=7.600000
fWaveScale=0.387000
fWaveSmoothing=0.400000
fWaveParam=0.000000
fModWaveAlphaStart=0.750000
fModWaveAlphaEnd=0.950000
fWarpAnimSpeed=1.000000
fWarpScale=1.000000
fZoomExponent=3.400000
fShader=0.000000
zoom=1.042000
rot=-0.020000
cx=0.500000
cy=0.500000
dx=0.000000
dy=-0.010000
warp=0.122000
sx=1.000000
sy=1.000000
wave_r=0.650000
wave_g=0.650000
wave_b=0.650000
wave_x=0.500000
wave_y=0.440000
per_frame_1=wave_r = wave_r + 0.350*( 0.60*sin(0.850*time) + 0.40*sin(1.007*time) );
per_frame_2=wave_g = wave_g + 0.350*( 0.60*sin(0.705*time) + 0.40*sin(0.998*time) );
per_frame_3=wave_b = wave_b + 0.350*( 0.60*sin(0.715*time) + 0.40*sin(0.938*time) );
per_frame_4=rot = rot + 0.003*( 0.60*sin(0.381*time) + 0.40*sin(0.579*time) );
per_frame_5=cx = cx + 0.110*( 0.60*sin(0.374*time) + 0.40*sin(0.294*time) );
per_frame_6=cy = cy + 0.110*( 0.60*sin(0.393*time) + 0.40*sin(0.223*time) );
per_frame_7=warp = warp + 0.231*( 0.60*sin(0.324*time) + 0.40*sin(0.347*time) );
fRating=2.000000
