[preset00]
fRating=1.000000
fGammaAdj=1.900000
fDecay=0.999000
fVideoEchoZoom=1.000000
fVideoEchoAlpha=0.500000
nVideoEchoOrientation=1
nWaveMode=5
bAdditiveWaves=1
bWaveDots=1
bModWaveAlphaByVolume=1
bMaximizeWaveColor=0
bTexWrap=0
bDarkenCenter=0
bRedBlueStereo=0
bBrighten=0
bDarken=0
bSolarize=0
bInvert=0
fWaveAlpha=4.100000
fWaveScale=0.325846
fWaveSmoothing=0.630000
fWaveParam=0.000000
fModWaveAlphaStart=0.700000
fModWaveAlphaEnd=1.300000
fWarpAnimSpeed=2.000000
fWarpScale=3.150000
fZoomExponent=1.600000
fShader=0.250000
zoom=0.900000
rot=0.340000
cx=0.500000
cy=0.500000
dx=0.000000
dy=0.000000
warp=0.300000
sx=1.000000
sy=1.250000
wave_r=1.000000
wave_g=0.000000
wave_b=0.000000
wave_x=0.500000
wave_y=0.500000
ob_size=0.020000
ob_r=0.010000
ob_g=0.000000
ob_b=0.000000
ob_a=1.000000
ib_size=0.020000
ib_r=0.000000
ib_g=0.250000
ib_b=0.000000
ib_a=1.000000
nMotionVectorsX=1.000000
nMotionVectorsY=1.000000
mv_l=0.900000
mv_r=1.000000
mv_g=1.000000
mv_b=1.000000
mv_a=1.000000
per_frame_1=wave_x = wave_x + 0.500*( 0.60*sin(1.250*time) + 0.40*sin(0.750*time) );
per_frame_2=wave_y = wave_y + 0.500*( 0.60*sin(0.750*time) + 0.40*sin(1.250*time) );
per_frame_3=wave_r = wave_r + 0.350*( 0.60*sin(0.823*time) + 0.40*sin(0.916*time) );
per_frame_4=wave_g = wave_g + 0.350*( 0.60*sin(0.900*time) + 0.40*sin(1.023*time) );
per_frame_5=wave_b = wave_b + 0.350*( 0.60*sin(0.808*time) + 0.40*sin(0.949*time) );
per_frame_6=decay=decay-0.01*(frame%1);
per_frame_7=wave_x = 0.5+0.1*sin(time);
per_frame_8=wave_y = 0.5-cos(time)/7.5;
per_frame_9=dx = dx + dx_residual;
per_frame_10=dy = dy + dy_residual;
per_frame_11=bass_thresh = above(bass_att,bass_thresh)*2 + (1-above(bass_att,bass_thresh))*((bass_thresh-1.3)*0.96+1.3);
per_frame_12=wave_mystery = wave_mystery-bass_thresh/bass/15;
per_frame_13=ib_r=bass;
per_frame_14=ib_g=mid;
per_frame_15=ib_b=treb;
per_pixel_1=zoom=1+tan(4) * 0.1*sin(time - ang);
