[preset00]
fRating=0.000000
fGammaAdj=1.000000
fDecay=0.999000
fVideoEchoZoom=1.006596
fVideoEchoAlpha=0.500000
nVideoEchoOrientation=1
nWaveMode=5
bAdditiveWaves=1
bWaveDots=0
bWaveThick=0
bModWaveAlphaByVolume=0
bMaximizeWaveColor=1
bTexWrap=0
bDarkenCenter=1
bRedBlueStereo=0
bBrighten=0
bDarken=0
bSolarize=0
bInvert=0
fWaveAlpha=4.099998
fWaveScale=1.785443
fWaveSmoothing=0.630000
fWaveParam=0.000000
fModWaveAlphaStart=0.710000
fModWaveAlphaEnd=1.300000
fWarpAnimSpeed=0.010000
fWarpScale=0.010000
fZoomExponent=100.000000
fShader=0.000000
zoom=0.999442
rot=0.000000
cx=0.500000
cy=0.500000
dx=0.000000
dy=0.000000
warp=0.010000
sx=0.999900
sy=0.999900
wave_r=0.760000
wave_g=0.480000
wave_b=0.390000
wave_x=0.500000
wave_y=0.480000
ob_size=0.000000
ob_r=0.000000
ob_g=0.000000
ob_b=0.000000
ob_a=1.000000
ib_size=0.000000
ib_r=1.000000
ib_g=0.000000
ib_b=0.000000
ib_a=1.000000
nMotionVectorsX=0.000000
nMotionVectorsY=0.000000
mv_dx=0.000000
mv_dy=0.000000
mv_l=5.000000
mv_r=0.669900
mv_g=0.480000
mv_b=0.390000
mv_a=0.000000
per_frame_1=wave_b = int(rand(100))/100;
per_frame_2=wave_r = int(rand(100))/100;
per_frame_3=wave_g = int(rand(100))/100;
per_frame_4=wave_y = -dy + bass_eff;
per_frame_5=wave_x = -dx + bass_eff;
per_frame_6=bass_eff = max(max(bass,bass_att)-1,0);
per_frame_7=bass_thresh = above(bass_att,bass_thresh)*2 + (1-above(bass_att,bass_thresh))*((bass_thresh-1.3)*0.96+1.3);
per_frame_8=vol =bass+treb+mid;
per_frame_9=ob_size =bass/vol-0.05;
per_frame_10=ib_size =0.005;
per_frame_11=dx = 0.005 + 0.002*( 0.60*sin(0.234*time) + 0.40*sin(0.277*time) );
per_frame_12=dy = 0.005 + 0.002*( 0.60*sin(0.234*time) + 0.40*sin(0.277*time) );
per_frame_13=decay = decay - 0.05*equal(frame%16,0);
