[preset00]
fRating=0.000000
fGammaAdj=1.770000
fDecay=0.999000
fVideoEchoZoom=0.999600
fVideoEchoAlpha=0.500000
nVideoEchoOrientation=1
nWaveMode=1
bAdditiveWaves=1
bWaveDots=0
bModWaveAlphaByVolume=0
bMaximizeWaveColor=1
bTexWrap=0
bDarkenCenter=0
bRedBlueStereo=0
bBrighten=1
bDarken=0
bSolarize=1
bInvert=0
fWaveAlpha=100.000000
fWaveScale=0.134195
fWaveSmoothing=0.900000
fWaveParam=-1.000000
fModWaveAlphaStart=0.710000
fModWaveAlphaEnd=1.300000
fWarpAnimSpeed=1.000000
fWarpScale=1.331000
fZoomExponent=1.000000
fShader=1.000000
zoom=0.999514
rot=0.000000
cx=0.500000
cy=0.500000
dx=0.000000
dy=0.000000
warp=0.010000
sx=1.000000
sy=1.000000
wave_r=0.250000
wave_g=0.250000
wave_b=0.250000
wave_x=0.500000
wave_y=0.500000
ob_size=0.000000
ob_r=0.000000
ob_g=0.000000
ob_b=0.000000
ob_a=1.000000
ib_size=0.000000
ib_r=0.300000
ib_g=0.300000
ib_b=0.300000
ib_a=0.100000
nMotionVectorsX=1.280000
nMotionVectorsY=1.439900
mv_l=0.900000
mv_r=1.000000
mv_g=1.000000
mv_b=1.000000
mv_a=0.000000
per_frame_1=dx = 0.0023;
per_frame_2=dy = 0.0023;
per_frame_3=wave_r = bass/5;
per_frame_4=wave_g = treb/5;
per_frame_5=wave_b = time*sin(bass/treb*10);
per_frame_6=mv_r=treb;
per_frame_7=mv_g=bass;
per_frame_8=mv_b=mid;
per_frame_9=cx = cx + 0.225*( 0.60*sin(0.350*time) + 0.40*sin(0.350*time) );
per_frame_10=cy = cy + 0.225*( 0.60*sin(0.350*time) + 0.40*sin(0.350*time) );
per_frame_11=zoom = -1;
per_frame_12=rot = -1;
