[preset00]
fRating=0.500000
fGammaAdj=1.700000
fDecay=0.970000
fVideoEchoZoom=0.998100
fVideoEchoAlpha=0.500000
nVideoEchoOrientation=1
nWaveMode=0
bAdditiveWaves=1
bWaveDots=0
bWaveThick=1
bModWaveAlphaByVolume=0
bMaximizeWaveColor=1
bTexWrap=0
bDarkenCenter=0
bRedBlueStereo=0
bBrighten=1
bDarken=0
bSolarize=1
bInvert=0
fWaveAlpha=3.488611
fWaveScale=0.088385
fWaveSmoothing=0.900000
fWaveParam=-0.380000
fModWaveAlphaStart=1.489999
fModWaveAlphaEnd=0.750000
fWarpAnimSpeed=1.000000
fWarpScale=1.331000
fZoomExponent=1.000000
fShader=1.000000
zoom=0.999500
rot=0.000000
cx=0.500000
cy=0.500000
dx=0.000005
dy=0.000000
warp=0.010000
sx=0.590156
sy=1.000000
wave_r=0.000000
wave_g=0.000000
wave_b=0.000000
wave_x=0.500000
wave_y=0.500000
ob_size=0.000000
ob_r=0.000000
ob_g=0.000000
ob_b=0.200000
ob_a=1.000000
ib_size=0.000000
ib_r=1.000000
ib_g=0.000000
ib_b=0.000000
ib_a=1.000000
nMotionVectorsX=64.000000
nMotionVectorsY=48.000000
mv_dx=0.000000
mv_dy=0.000000
mv_l=0.000000
mv_r=1.000000
mv_g=1.000000
mv_b=1.000000
mv_a=0.000000
per_frame_1=wave_r = int(rand(100))/100;
per_frame_2=wave_g = int(rand(100))/100;
per_frame_3=wave_b = int(rand(100))/100;
per_frame_4=dx = 0.005 + 0.002*( 0.60*sin(0.234*time) + 0.40*sin(0.277*time) );
per_frame_5=dy = 0.005 + 0.002*( 0.60*sin(0.234*time) + 0.40*sin(0.277*time) );
per_frame_6=bass_eff = max(max(bass,bass_att)-1,0);
per_frame_7=bass_thresh = above(bass_att,bass_thresh)*2 + (1-above(bass_att,bass_thresh))*((bass_thresh-1.3)*0.96+1.3);
per_frame_8=decay = decay - 0.05*equal(frame%5,0);
per_frame_9=rot = bass_eff*bass_thresh;
per_frame_10=monitor =bass_eff;
per_pixel_1=zoom = .7+x&.9+y;
