[preset00]
fRating=3.500000
fGammaAdj=1.490000
fDecay=0.900000
fVideoEchoZoom=0.998100
fVideoEchoAlpha=0.500000
nVideoEchoOrientation=1
nWaveMode=0
bAdditiveWaves=1
bWaveDots=0
bWaveThick=1
bModWaveAlphaByVolume=1
bMaximizeWaveColor=0
bTexWrap=1
bDarkenCenter=0
bRedBlueStereo=0
bBrighten=0
bDarken=0
bSolarize=0
bInvert=0
fWaveAlpha=100.000000
fWaveScale=0.401064
fWaveSmoothing=0.900000
fWaveParam=0.000000
fModWaveAlphaStart=1.489999
fModWaveAlphaEnd=0.750000
fWarpAnimSpeed=1.000000
fWarpScale=1.331000
fZoomExponent=100.000000
fShader=0.000000
zoom=0.010000
rot=0.000000
cx=0.500000
cy=0.500000
dx=0.000000
dy=0.000000
warp=0.010000
sx=1.000000
sy=1.000000
wave_r=0.000000
wave_g=0.000000
wave_b=1.000000
wave_x=0.500000
wave_y=0.500000
ob_size=0.500000
ob_r=0.000000
ob_g=0.300000
ob_b=0.200000
ob_a=0.000000
ib_size=0.005000
ib_r=1.000000
ib_g=0.000000
ib_b=0.000000
ib_a=1.000000
nMotionVectorsX=6.400000
nMotionVectorsY=2.400000
mv_dx=0.000000
mv_dy=0.000000
mv_l=0.900000
mv_r=0.759900
mv_g=0.480000
mv_b=0.390000
mv_a=0.000000
per_frame_1=wave_r = rand(100)/100;
per_frame_2=wave_g = rand(100)/75;
per_frame_3=wave_b = rand(100)/50;
per_frame_4=time = time/100;
per_frame_5=zoom =zoom+pow(.8+x&.8+y,pow(.1,y))&bass;
per_frame_6=wave_mystery=.2*sin(time);
per_frame_7=bass_eff = max(max(bass,bass_att)-1,0);
per_frame_8=bass_thresh = above(bass_att,bass_thresh)*2 + (1-above(bass_att,bass_thresh))*((bass_thresh-1.3)*0.96+1.3);
per_frame_9=decay = decay - 0.05*equal(frame%16,0);
per_frame_10=rot = rot - bass_eff/bass_thresh+0.05;
per_frame_11=ob_size = bass;
per_frame_12=ib_a = 1-bass_eff;
per_frame_13=ib_r = 1-wave_r;
per_frame_14=ib_b = 1-wave_g;
per_frame_15=ib_g = 1-wave_b;
per_frame_16=wave_a =bass-treb;
