[preset00]
fRating=0.500000
fGammaAdj=1.710000
fDecay=0.970000
fVideoEchoZoom=1.000000
fVideoEchoAlpha=0.500000
nVideoEchoOrientation=3
nWaveMode=3
bAdditiveWaves=1
bWaveDots=0
bWaveThick=1
bModWaveAlphaByVolume=0
bMaximizeWaveColor=0
bTexWrap=0
bDarkenCenter=0
bRedBlueStereo=0
bBrighten=0
bDarken=0
bSolarize=0
bInvert=0
fWaveAlpha=1.000000
fWaveScale=0.500000
fWaveSmoothing=0.000000
fWaveParam=0.000000
fModWaveAlphaStart=1.000000
fModWaveAlphaEnd=1.000000
fWarpAnimSpeed=1.000000
fWarpScale=1.000000
fZoomExponent=0.099500
fShader=0.000000
zoom=1.000000
rot=0.000000
cx=0.000000
cy=0.000000
dx=0.000000
dy=0.000000
warp=0.000000
sx=1.000000
sy=1.000000
wave_r=0.650000
wave_g=0.650000
wave_b=0.650000
wave_x=0.500000
wave_y=0.500000
ob_size=0.000000
ob_r=0.000000
ob_g=0.600000
ob_b=0.000000
ob_a=0.000000
ib_size=0.000000
ib_r=0.000000
ib_g=0.000000
ib_b=0.300000
ib_a=0.000000
nMotionVectorsX=12.000000
nMotionVectorsY=9.000000
mv_dx=0.000000
mv_dy=0.000000
mv_l=0.000000
mv_r=0.650000
mv_g=0.650000
mv_b=0.650000
mv_a=0.000000
per_frame_1=wave_r = int(rand(100))/100;
per_frame_2=wave_g = int(rand(100))/100;
per_frame_3=wave_b = int(rand(100))/100;
per_frame_4=wave_x = wave_x + if(above(wave_y,0.75), - 0.1*tan(time), + 0.1*tan(time))-.4+((cos(beat))/2)*myeff;
per_frame_5=wave_y = wave_y + 0.40*sin(8*mid)-.25*myeff;
per_frame_6=cx = cx + 0.410*( 0.60*sin(0.374*time) + 0.40*sin(0.294*time) );
per_frame_7=cy = cy + 0.410*( 0.60*sin(0.393*time) + 0.40*sin(0.223*time) );
per_frame_8=zoom = zoom + 0.010*( 0.60*sin(0.339*time) + 0.40*sin(0.276*time)*vol );
per_frame_9=rot = rot + 0.005*( 0.60*sin(0.381*time) + 0.40*sin(0.539*time)+vol );
per_frame_10=vol =max(bass_att+bass+treb+treb_att+mid+mid_att,0);
per_frame_11=myeff=zoom+ .7+(wave_x&wave_y)/vol;
per_frame_12=wave_mode = myeff*vol;
per_frame_13=monitor = myeff;
per_frame_14=
per_frame_15=
per_pixel_1=dx = dx + 0.0395*pow(rad,wave_x*2)*sin(time);
per_pixel_2=dy = dy + 0.0395*pow(rad,wave_y*2)*cos(time);
