[preset00]
fRating=3.500000
fGammaAdj=1.000000
fDecay=0.960000
fVideoEchoZoom=1.008081
fVideoEchoAlpha=0.500000
nVideoEchoOrientation=1
nWaveMode=3
bAdditiveWaves=1
bWaveDots=1
bWaveThick=1
bModWaveAlphaByVolume=0
bMaximizeWaveColor=0
bTexWrap=1
bDarkenCenter=1
bRedBlueStereo=0
bBrighten=1
bDarken=0
bSolarize=1
bInvert=0
fWaveAlpha=100.000000
fWaveScale=1.323707
fWaveSmoothing=0.000000
fWaveParam=1.000000
fModWaveAlphaStart=1.489999
fModWaveAlphaEnd=0.750000
fWarpAnimSpeed=1.000000
fWarpScale=1.331000
fZoomExponent=1.000000
fShader=0.000000
zoom=0.492478
rot=-0.000000
cx=0.500000
cy=0.500000
dx=0.000000
dy=0.000000
warp=0.010000
sx=1.000000
sy=1.000000
wave_r=0.000000
wave_g=0.000000
wave_b=1.000000
wave_x=0.620000
wave_y=0.949900
ob_size=0.000000
ob_r=0.000000
ob_g=1.000000
ob_b=0.200000
ob_a=0.000000
ib_size=0.000000
ib_r=1.000000
ib_g=0.000000
ib_b=0.000000
ib_a=0.000000
nMotionVectorsX=64.000000
nMotionVectorsY=43.200001
mv_dx=0.000000
mv_dy=0.000000
mv_l=0.000000
mv_r=0.759900
mv_g=0.480000
mv_b=0.390000
mv_a=0.000000
per_frame_1=wave_r = wave_r + 0.350*( 0.60*sin(0.825*time) + 0.40*sin(0.915*time) );
per_frame_2=wave_g = wave_g + 0.350*( 0.60*sin(0.900*time) + 0.40*sin(1.025*time) );
per_frame_3=wave_b = wave_b + 0.350*( 0.60*sin(0.810*time) + 0.40*sin(0.950*time) );
per_frame_4=time = time/100;
per_frame_5=dx = 0.005 + 0.002*( 0.60*sin(0.234*time) + 0.40*sin(0.277*time) );
per_frame_6=dy = 0.005 + 0.002*( 0.60*sin(0.234*time) + 0.40*sin(0.277*time) );
per_pixel_1=sx=sx+0.07*sin(rad*18 + time*9)+(0.45&(x*7-0.5))*0.3;
per_pixel_2=sy=sy+0.07*sin(rad*18 + time*9)+(0.45&(y*7-0.5))*0.3;
per_pixel_3=cx = (0.25&(x*10-0.5))*0.1+0.025-0.005-abs(x-1)*0.02;
per_pixel_4=cy = (0.25&(y*10-0.5))*0.1+0.025-0.005-abs(x-1)*0.02;
