[preset00]
fRating=4.000000
fGammaAdj=1.980000
fDecay=0.970000
fVideoEchoZoom=2.000000
fVideoEchoAlpha=0.500000
nVideoEchoOrientation=0
nWaveMode=2
bAdditiveWaves=0
bWaveDots=0
bWaveThick=0
bModWaveAlphaByVolume=0
bMaximizeWaveColor=1
bTexWrap=0
bDarkenCenter=0
bRedBlueStereo=0
bBrighten=0
bDarken=0
bSolarize=0
bInvert=0
fWaveAlpha=2.500000
fWaveScale=0.768685
fWaveSmoothing=0.800000
fWaveParam=0.000000
fModWaveAlphaStart=0.750000
fModWaveAlphaEnd=0.950000
fWarpAnimSpeed=1.000000
fWarpScale=2.850000
fZoomExponent=1.000000
fShader=0.000000
zoom=1.050000
rot=0.020000
cx=0.500000
cy=0.500000
dx=0.000000
dy=0.000000
warp=1.420000
sx=1.000000
sy=1.000000
wave_r=0.650000
wave_g=0.650000
wave_b=0.650000
wave_x=0.500000
wave_y=0.500000
ob_size=0.000000
ob_r=0.000000
ob_g=0.100000
ob_b=0.000000
ob_a=1.000000
ib_size=0.000000
ib_r=0.000000
ib_g=0.000000
ib_b=0.250000
ib_a=0.100000
nMotionVectorsX=1.000000
nMotionVectorsY=7.200004
mv_dx=0.000000
mv_dy=0.000000
mv_l=2.000000
mv_r=1.000000
mv_g=1.000000
mv_b=1.000000
mv_a=1.000000
per_frame_1=wave_r = wave_r + 0.450*( 0.60*sin(0.823*time) + 0.40*sin(0.916*time) );
per_frame_2=wave_g = wave_g + 0.550*( 0.60*sin(0.900*time) + 0.50*sin(1.023*time) );
per_frame_3=wave_b = wave_b + 0.650*( 0.60*sin(0.808*time) + 0.60*sin(0.949*time) );
per_frame_4=cx = cx + 0.110*( 0.60*sin(0.374*time) + 0.40*sin(0.294*time) );
per_frame_5=cy = cy + 0.110*( 0.60*sin(0.393*time) + 0.40*sin(0.223*time) );
per_frame_6=dx = dx - .01;
per_frame_7=dy = dy - .01;
per_frame_8=mv_r = mv_r + 0.350*( 0.60*sin(0.823*time) + 0.40*sin(0.916*time) );
per_frame_9=mv_g = mv_g + 0.350*( 0.60*sin(0.900*time) + 0.40*sin(1.023*time) );
per_frame_10=mv_b = mv_b + 0.350*( 0.60*sin(0.808*time) + 0.40*sin(0.949*time) );
per_frame_11=dx = 0.05 * sin(time * 1.9);
per_frame_12=dy = dy + 0.01;
per_pixel_1=sy=sy-0.05*log10(y*5+0.3*treb_att);
per_pixel_2=sx = sx + if(below(y,0.9), if(above(1-rad,0.7*(1+bass_att/30)), 0.125*sin(rad*ang*5*time)+0.5, 0), 0);
per_pixel_3=zoom=zoom-0.03*sin((x*2-1)*4+time*1.63)+0.03*sin((y*2-1)*3+time*1.37)-0.1*sin(rad*0.1+time*1.6);
per_pixel_4=ray = pow(rad,1.85)+.037;
