[preset00]
fRating=3.500000
fGammaAdj=1.350000
fDecay=0.930000
fVideoEchoZoom=1.008000
fVideoEchoAlpha=0.500000
nVideoEchoOrientation=1
nWaveMode=0
bAdditiveWaves=0
bWaveDots=0
bWaveThick=1
bModWaveAlphaByVolume=0
bMaximizeWaveColor=0
bTexWrap=0
bDarkenCenter=1
bRedBlueStereo=0
bBrighten=0
bDarken=0
bSolarize=0
bInvert=0
fWaveAlpha=1.008149
fWaveScale=0.359495
fWaveSmoothing=0.000000
fWaveParam=0.000000
fModWaveAlphaStart=1.489999
fModWaveAlphaEnd=0.750000
fWarpAnimSpeed=1.000000
fWarpScale=1.331000
fZoomExponent=0.999900
fShader=0.000000
zoom=1.001534
rot=0.000000
cx=0.500000
cy=0.500000
dx=0.000000
dy=0.000000
warp=0.010000
sx=1.008124
sy=0.887400
wave_r=0.300000
wave_g=0.400000
wave_b=0.600000
wave_x=0.500000
wave_y=0.520000
ob_size=0.040000
ob_r=0.000000
ob_g=0.300000
ob_b=0.200000
ob_a=0.000000
ib_size=0.000000
ib_r=1.000000
ib_g=0.000000
ib_b=0.000000
ib_a=0.500000
nMotionVectorsX=12.799998
nMotionVectorsY=9.600002
mv_dx=0.000000
mv_dy=-0.540000
mv_l=5.000000
mv_r=0.399800
mv_g=0.000000
mv_b=1.000000
mv_a=0.000000
per_frame_1=wave_r = rand(100)/100;
per_frame_2=wave_g = rand(100)/75;
per_frame_3=wave_b = rand(100)/50;
per_frame_4=dx = 0.005 * 0.012*( 0.60*sin(0.234*time) + 0.40*sin(0.277*time) );
per_frame_5=dy = 0.005 * 0.012*( 0.60*sin(0.234*time) + 0.40*sin(0.277*time) );
per_frame_6=bass_eff = max(max(bass,bass_att)-1,0);
per_frame_7=bass_thresh = above(bass_att,bass_thresh)*2 + (1-above(bass_att,bass_thresh))*((bass_thresh-1.3)*0.96+1.3);
per_frame_8=ob_size = size+bass_eff;
per_frame_9=ib_g = 0.5+green*sin(time)+rand(25);
per_frame_10=ib_b = 0.5+blue*sin(time)+rand(25);
per_frame_11=ib_r = 0.5+red*sin(time)+rand(25);
per_frame_12=ib_size = size;
per_frame_13=monitor=zoom;
per_frame_14=wave_mystery=-bass;
per_pixel_1=cx=(0.25&(x*10-0.5))*0.1+0.025-0.005-abs(x-1)*0.02&(0.25&(y*10-0.5))*0.1+0.025-0.005-abs(y-1)*0.02;
per_frame_init_1=green = 0.01*rand(50);
per_frame_init_2=red = 0.01*rand(50);
per_frame_init_3=blue = 0.01*rand(50);
per_frame_init_4=size = 0.05+0.001*rand(40);
