[preset00]
fRating=0.500000
fGammaAdj=1.490000
fDecay=0.900000
fVideoEchoZoom=0.998100
fVideoEchoAlpha=0.500000
nVideoEchoOrientation=1
nWaveMode=0
bAdditiveWaves=1
bWaveDots=0
bWaveThick=1
bModWaveAlphaByVolume=1
bMaximizeWaveColor=0
bTexWrap=1
bDarkenCenter=0
bRedBlueStereo=0
bBrighten=0
bDarken=0
bSolarize=0
bInvert=0
fWaveAlpha=100.000000
fWaveScale=0.401064
fWaveSmoothing=0.900000
fWaveParam=0.000000
fModWaveAlphaStart=1.489999
fModWaveAlphaEnd=0.750000
fWarpAnimSpeed=1.000000
fWarpScale=1.331000
fZoomExponent=100.000000
fShader=0.000000
zoom=0.010000
rot=0.000000
cx=0.500000
cy=0.500000
dx=0.000000
dy=0.000000
warp=0.010000
sx=1.000000
sy=1.000000
wave_r=0.000000
wave_g=0.000000
wave_b=1.000000
wave_x=0.500000
wave_y=0.500000
ob_size=0.500000
ob_r=0.000000
ob_g=0.300000
ob_b=0.200000
ob_a=0.000000
ib_size=0.005000
ib_r=1.000000
ib_g=0.000000
ib_b=0.000000
ib_a=1.000000
nMotionVectorsX=6.400000
nMotionVectorsY=11.039999
mv_dx=0.000000
mv_dy=-0.540000
mv_l=5.000000
mv_r=0.399800
mv_g=0.000000
mv_b=1.000000
mv_a=0.000000
per_frame_1=wave_r = int(rand(100))/100;
per_frame_2=wave_g = int(rand(100))/75;
per_frame_3=wave_b = int(rand(100))/50;
per_frame_4=time = time/100;
per_frame_5=zoom =zoom+pow(.8+x&.8+y,pow(.1,y))&bass;
per_frame_6=ob_size =bass;
per_frame_7=ib_r =bass;
per_frame_8=ib_g =mid;
per_frame_9=ib_b =treb;
per_frame_10=wave_a =bass-treb;
per_frame_11=wave_mystery =-bass-treb;
