[preset00]
fRating=1.000000
fGammaAdj=1.000000
fDecay=0.980000
fVideoEchoZoom=0.999609
fVideoEchoAlpha=0.500000
nVideoEchoOrientation=3
nWaveMode=5
bAdditiveWaves=1
bWaveDots=0
bModWaveAlphaByVolume=0
bMaximizeWaveColor=1
bTexWrap=1
bDarkenCenter=0
bRedBlueStereo=0
bBrighten=1
bDarken=1
bSolarize=1
bInvert=0
fWaveAlpha=0.800000
fWaveScale=0.010682
fWaveSmoothing=0.100000
fWaveParam=-0.009800
fModWaveAlphaStart=0.750000
fModWaveAlphaEnd=0.950000
fWarpAnimSpeed=1.000000
fWarpScale=1.331000
fZoomExponent=1.000000
fShader=0.000000
zoom=0.999525
rot=0.000000
cx=0.500000
cy=0.500000
dx=0.000000
dy=0.000000
warp=0.010000
sx=1.000000
sy=1.000000
wave_r=0.650000
wave_g=0.650000
wave_b=0.650000
wave_x=0.500000
wave_y=0.500000
ob_size=0.010000
ob_r=0.010000
ob_g=0.000000
ob_b=0.000000
ob_a=1.000000
ib_size=0.005000
ib_r=0.000000
ib_g=0.250000
ib_b=0.000000
ib_a=1.000000
nMotionVectorsX=1.000000
nMotionVectorsY=1.000000
mv_l=0.900000
mv_r=1.000000
mv_g=1.000000
mv_b=1.000000
mv_a=0.000000
per_frame_1=wave_r = wave_r + 0.350*( 0.60*sin(0.823*time) + 0.40*sin(0.916*time) );
per_frame_2=wave_g = wave_g + 0.350*( 0.60*sin(0.900*time) + 0.40*sin(1.023*time) );
per_frame_3=wave_b = wave_b + 0.350*( 0.60*sin(0.808*time) + 0.40*sin(0.949*time) );
per_frame_4=rot = rot + 0.030*( 0.60*sin(0.381*time) + 0.40*sin(0.479*time) );
per_frame_5=cx = cx + 0.110*( 0.60*sin(0.374*time) + 0.40*sin(0.294*time) );
per_frame_6=cy = cy + 0.110*( 0.60*sin(0.393*time) + 0.40*sin(0.223*time) );
per_frame_7=zoom=zoom+0.05+0.05*sin(time*0.133);
per_frame_8=decay=decay-0.01*(frame%2);
per_frame_9=wave_x = ib_a;
per_frame_10=wave_y = ib_a;
per_frame_11=dx = dx + dx_residual;
per_frame_12=dy = dy + dy_residual;
per_frame_13=bass_thresh = above(bass_att,bass_thresh)*2 + (1-above(bass_att,bass_thresh))*((bass_thresh-1.3)*0.96+1.3);
per_frame_14=dx_residual = equal(bass_thresh,2)*0.016*sin(time*7) + (1-equal(bass_thresh,2))*dx_residual;
per_frame_15=dy_residual = equal(bass_thresh,2)*0.012*sin(time*9) + (1-equal(bass_thresh,2))*dy_residual;
per_frame_16=ib_r=bass;
per_frame_17=ib_g=mid;
per_frame_18=ib_b=treb;
per_pixel_1=zoom=1+tan(0.5*my_volume) * sin(time - ang)/17 + mid_att/40;
per_pixel_2=rot=0.01*sin(ang+tan(2)/3);
per_pixel_3=sx=sx+0.07*sin(rad*18 + time*9);
per_pixel_4=sy=sy+0.07*sin(rad*18 + time*9);
