[preset00]
fGammaAdj=1.300000
fDecay=0.980000
fVideoEchoZoom=2.000000
fVideoEchoAlpha=0.000000
nVideoEchoOrientation=0
nWaveMode=2
bAdditiveWaves=0
bWaveDots=0
bModWaveAlphaByVolume=0
bMaximizeWaveColor=1
bTexWrap=1
bDarkenCenter=0
bMotionVectorsOn=0
bRedBlueStereo=0
nMotionVectorsX=12
nMotionVectorsY=9
bBrighten=0
bDarken=0
bSolarize=0
bInvert=0
fWaveAlpha=3.900000
fWaveScale=0.387000
fWaveSmoothing=0.700000
fWaveParam=-0.200000
fModWaveAlphaStart=0.750000
fModWaveAlphaEnd=0.950000
fWarpAnimSpeed=1.000000
fWarpScale=1.000000
fZoomExponent=2.100000
fShader=0.000000
zoom=1.042000
rot=0.000000
cx=0.500000
cy=0.500000
dx=0.000000
dy=0.000000
warp=0.463996
sx=1.000000
sy=1.000000
wave_r=0.650000
wave_g=0.650000
wave_b=0.650000
wave_x=0.500000
wave_y=0.500000
per_frame_1=wave_x = wave_x + 0.500*( 0.60*sin(2.121*time) + 0.40*sin(1.621*time) );
per_frame_2=wave_y = wave_y + 0.500*( 0.60*sin(1.742*time) + 0.40*sin(2.322*time) );
per_frame_3=wave_r = wave_r + 0.350*( 0.60*sin(0.823*time) + 0.40*sin(0.916*time) );
per_frame_4=wave_g = wave_g + 0.350*( 0.60*sin(0.900*time) + 0.40*sin(1.023*time) );
per_frame_5=wave_b = wave_b + 0.350*( 0.60*sin(0.808*time) + 0.40*sin(0.949*time) );
per_frame_6=rot = rot + 0.025*( 0.60*sin(0.381*time) + 0.40*sin(0.579*time) );
per_frame_7=cy = cy + 0.007*( 0.60*sin(0.374*time) + 0.40*sin(0.294*time) );
per_frame_8=decay = decay - 0.01*equal(frame%6,0);
per_frame_9=dx = 0.003*sin(time*0.3);
