[preset00]
fGammaAdj=1.993000
fDecay=0.980000
fVideoEchoZoom=2.000000
fVideoEchoAlpha=0.000000
nVideoEchoOrientation=0
nWaveMode=7
bAdditiveWaves=0
bWaveDots=0
bModWaveAlphaByVolume=0
bMaximizeWaveColor=0
bTexWrap=1
bDarkenCenter=0
bMotionVectorsOn=0
bRedBlueStereo=0
nMotionVectorsX=12
nMotionVectorsY=9
bBrighten=0
bDarken=0
bSolarize=0
bInvert=0
fWaveAlpha=1.100000
fWaveScale=0.672168
fWaveSmoothing=0.900000
fWaveParam=0.000000
fModWaveAlphaStart=0.750000
fModWaveAlphaEnd=0.950000
fWarpAnimSpeed=1.000000
fWarpScale=1.331000
fZoomExponent=0.500000
fShader=0.000000
zoom=1.150549
rot=0.000000
cx=0.500000
cy=0.500000
dx=0.000000
dy=0.000000
warp=0.012485
sx=1.000000
sy=1.000000
wave_r=0.650000
wave_g=0.850000
wave_b=0.650000
wave_x=0.500000
wave_y=0.370000
per_frame_1=wave_r = wave_r + 0.150*( 0.60*sin(0.980*time) + 0.40*sin(1.047*time) );
per_frame_2=wave_g = wave_g + 0.350*( 0.60*sin(0.835*time) + 0.40*sin(1.081*time) );
per_frame_3=wave_b = wave_b + 0.150*( 0.60*sin(0.814*time) + 0.40*sin(1.011*time) );
per_frame_4=dx = dx + 0.03*( 0.60*sin(0.334*time) + 0.40*sin(0.264*time) );
per_frame_5=decay = decay - 0.01*(frame%2);
per_pixel_1=zoom=(zoom-1)*rad+1;
fRating=2.000000
