[preset00]
fGammaAdj=2.700000
fDecay=0.990000
fVideoEchoZoom=2.000000
fVideoEchoAlpha=0.000000
nVideoEchoOrientation=0
nWaveMode=1
bAdditiveWaves=0
bWaveDots=0
bModWaveAlphaByVolume=0
bMaximizeWaveColor=1
bTexWrap=1
bDarkenCenter=0
bMotionVectorsOn=0
bRedBlueStereo=1
nMotionVectorsX=12
nMotionVectorsY=9
fWaveAlpha=6.899996
fWaveScale=4.750812
fWaveSmoothing=0.800000
fWaveParam=-0.200000
fModWaveAlphaStart=0.750000
fModWaveAlphaEnd=0.950000
fWarpAnimSpeed=1.000000
fWarpScale=4.594974
fZoomExponent=1.000000
fShader=0.000000
zoom=1.024000
rot=0.007900
cx=0.500000
cy=0.500000
dx=0.000000
dy=0.000000
warp=0.385945
sx=1.000000
sy=1.000000
wave_r=0.650000
wave_g=0.650000
wave_b=0.650000
wave_x=0.500000
wave_y=0.500000
per_frame_1=decay = decay - 0.01*equal(frame%80,0);
per_pixel_1=zoom = zoom + 0.06*sin(rad*12 + ang*3 + time*-3.4)*(1-rad);
per_pixel_2=rot = rot * (1-rad);
