[preset00]
fGammaAdj=1.998000
fDecay=0.980000
fVideoEchoZoom=2.000000
fVideoEchoAlpha=0.000000
nVideoEchoOrientation=0
nWaveMode=6
bAdditiveWaves=0
bWaveDots=0
bModWaveAlphaByVolume=0
bMaximizeWaveColor=0
bTexWrap=1
bDarkenCenter=0
bMotionVectorsOn=0
bRedBlueStereo=0
nMotionVectorsX=12
nMotionVectorsY=9
bBrighten=0
bDarken=0
bSolarize=0
bInvert=0
fWaveAlpha=4.700000
fWaveScale=2.201000
fWaveSmoothing=0.900000
fWaveParam=0.000000
fModWaveAlphaStart=0.750000
fModWaveAlphaEnd=0.950000
fWarpAnimSpeed=1.000000
fWarpScale=2.853000
fZoomExponent=1.000000
fShader=0.000000
zoom=1.000000
rot=0.000000
cx=0.000000
cy=0.000000
dx=0.000000
dy=0.005000
warp=0.000000
sx=1.000000
sy=1.000000
wave_r=0.150000
wave_g=0.150000
wave_b=0.750000
wave_x=0.950000
wave_y=0.500000
per_frame_1=wave_r = wave_r + 0.100*( 0.60*sin(0.533*time) + 0.40*sin(0.945*time) );
per_frame_2=wave_g = wave_g + 0.100*( 0.60*sin(0.600*time) + 0.40*sin(0.856*time) );
per_frame_3=wave_b = wave_b + 0.100*( 0.60*sin(0.510*time) + 0.40*sin(0.920*time) );
per_pixel_1=sy=1.1-0.065*(1-cos((x*2-1)*1.57));
