[preset00] 
fRating=3.000000 
fGammaAdj=1.300000 
fDecay=0.986000 
fVideoEchoZoom=2.464780 
fVideoEchoAlpha=0.200000 
nVideoEchoOrientation=0 
nWaveMode=0 
bAdditiveWaves=1 
bWaveDots=0 
bModWaveAlphaByVolume=0 
bMaximizeWaveColor=1 
bTexWrap=0 
bDarkenCenter=0 
bMotionVectorsOn=0 
bRedBlueStereo=0 
nMotionVectorsX=15 
nMotionVectorsY=6 
bBrighten=0 
bDarken=0 
bSolarize=0 
bInvert=0 
fWaveAlpha=0.793457 
fWaveScale=0.212278 
fWaveSmoothing=0.000000 
fWaveParam=-0.700000 
fModWaveAlphaStart=1.750000 
fModWaveAlphaEnd=0.950000 
fWarpAnimSpeed=1.530000 
fWarpScale=1.731000 
fZoomExponent=1.300000 
fShader=0.000000 
zoom=1.000252 
rot=0.000000 
cx=0.500000 
cy=0.500000 
dx=0.000000 
dy=0.000000 
warp=0.140156 
sx=1.006049 
sy=0.999900 
wave_r=0.500000 
wave_g=0.500000 
wave_b=0.500000 
wave_x=0.500000 
wave_y=0.500000 
ob_size=0.010000 
ob_r=0.000000 
ob_g=0.000000 
ob_b=0.000000 
ob_a=0.000000 
ib_size=0.010000 
ib_r=0.250000 
ib_g=0.250000 
ib_b=0.250000 
ib_a=0.000000 
per_frame_1=wave_r = wave_r + 0.35*sin(time*.777); 
per_frame_2=wave_g = wave_g + 0.35*sin(time*.666); 
per_frame_3=wave_b = wave_b + 0.35*sin(time*.888); 
per_frame_4=q1 = (cx*2-1) + 0.62*( 0.20*sin(0.374*time) + 0.20*sin(0.394*time) ); 
per_frame_5=q2 = (cy*2-1) + 0.62*( 0.20*sin(0.393*time) + 0.20*sin(0.253*time) ); 
per_frame_6=q3 = (cx*2-1) + 0.62*( 0.20*sin(0.174*-time) + 0.20*sin(0.464*time) ); 
per_frame_7=q4 = (cy*2-1) + 0.62*( 0.20*sin(0.234*time) + 0.20*sin(0.171*-time) ); 
per_frame_8=sx=1; 
per_frame_9=sy=1; 
per_frame_10=wave_x=wave_x+.3*q1; 
per_frame_11=wave_y=wave_y+.3*q2; 
per_pixel_1=du = x*2-1 - q1; 
per_pixel_2=dv = y*2-1 - q2; 
per_pixel_3=ang2 = atan2(du,dv); 
per_pixel_4=bend=cos(du-dv+rad*q3*10-rad*q4*10); 
per_pixel_5=mult=.03*sin(time); 
per_pixel_6=zoom=zoom+bend*.1; 
per_pixel_7=dx = mult*sin(ang2-1.5); 
per_pixel_8=dy = mult*cos(ang2-1.5);
