[preset00]
fGammaAdj=2.000000
fDecay=0.900001
fVideoEchoZoom=2.000000
fVideoEchoAlpha=0.000000
nVideoEchoOrientation=0
nWaveMode=2
bAdditiveWaves=0
bWaveDots=1
bModWaveAlphaByVolume=0
bMaximizeWaveColor=1
bTexWrap=0
bDarkenCenter=0
bMotionVectorsOn=0
bRedBlueStereo=0
nMotionVectorsX=12
nMotionVectorsY=9
bBrighten=0
bDarken=0
bSolarize=0
bInvert=0
fWaveAlpha=5.053452
fWaveScale=2.006729
fWaveSmoothing=0.900000
fWaveParam=0.000000
fModWaveAlphaStart=0.750000
fModWaveAlphaEnd=0.950000
fWarpAnimSpeed=2.704782
fWarpScale=4.913762
fZoomExponent=1.000000
fShader=0.000000
zoom=1.000000
rot=0.000000
cx=0.500000
cy=0.500000
dx=0.000000
dy=0.000000
warp=4.675297
sx=1.000000
sy=1.000000
wave_r=0.350000
wave_g=0.500000
wave_b=0.000000
wave_x=0.499900
wave_y=0.499900
per_frame_1=wave_r = wave_r - treb/15;
per_frame_2=decay = .9 + .1*sin(time*.01);
per_pixel_1=warp = abs(((x - .5)+(y - .5))*15);
