[preset00]
fRating=5.000000
fGammaAdj=1.000000
fDecay=1.000000
fVideoEchoZoom=2.000000
fVideoEchoAlpha=0.000000
nVideoEchoOrientation=0
nWaveMode=0
bAdditiveWaves=1
bWaveDots=1
bWaveThick=1
bModWaveAlphaByVolume=0
bMaximizeWaveColor=0
bTexWrap=0
bDarkenCenter=1
bRedBlueStereo=0
bBrighten=0
bDarken=1
bSolarize=0
bInvert=0
fWaveAlpha=100.000000
fWaveScale=9.365087
fWaveSmoothing=0.216000
fWaveParam=0.000000
fModWaveAlphaStart=0.750000
fModWaveAlphaEnd=0.950000
fWarpAnimSpeed=100.000000
fWarpScale=0.011046
fZoomExponent=1.254800
fShader=0.000000
zoom=1.197100
rot=0.010000
cx=0.500000
cy=0.500000
dx=0.000000
dy=0.000000
warp=0.344205
sx=0.999999
sy=0.905287
wave_r=0.800000
wave_g=0.800000
wave_b=0.800000
wave_x=0.500000
wave_y=0.500000
ob_size=0.000000
ob_r=0.000000
ob_g=0.000000
ob_b=0.000000
ob_a=0.500000
ib_size=0.500000
ib_r=0.600000
ib_g=0.300000
ib_b=0.500000
ib_a=0.000000
nMotionVectorsX=64.000000
nMotionVectorsY=48.000000
mv_dx=0.000000
mv_dy=0.000000
mv_l=0.000000
mv_r=1.000000
mv_g=1.000000
mv_b=1.000000
mv_a=1.000000
per_frame_1=dav0 = bass;
per_frame_2=dav1 = 100000*200;
per_frame_3=dav2 = dav1*0.9;
per_frame_4=dav3 = dav1*1.1;
per_frame_5=wave_r = wave_r +1*( 0.60*sin(dav1*dav0) + 0.40*sin(dav1*dav0) );
per_frame_6=wave_g = wave_g + 1*( 0.60*sin(dav2*dav0) + 0.40*sin(dav2*dav0) );
per_frame_7=wave_b = wave_b + 1*( 0.60*sin(dav3*dav0) + 0.40*sin(dav3*dav0) );
per_frame_8=wave_mystery = 0.5*sin(0.35*bass);
per_frame_9=decay = decay - 0.01*equal(frame%10,0);
per_frame_10=ob_size=0.05;
per_frame_11=ob_r=above(bass,1)/0.5;
per_frame_12=ob_g=0;
per_frame_13=ob_b=0;
per_frame_14=ob_a=0.5;
per_frame_15=ib_size=0.05;
per_frame_16=ib_r=0;
per_frame_17=ib_g=above(treb,1)/0.5;
per_frame_18=ib_b=0;
per_frame_19=ib_a=0.5;
per_frame_20=my_volume=(bass+mid+treb)/3;
per_pixel_1=zoom = 1.3;
per_pixel_2=mymovement = sin(sin(1.211*time)+ 0.3*cos(0.887*time)- 0.4*sin(1.453*time));
per_pixel_3=rot = bass/25;
