[preset00]
fRating=0.000000
fGammaAdj=1.000000
fDecay=0.900000
fVideoEchoZoom=0.010000
fVideoEchoAlpha=0.000000
nVideoEchoOrientation=0
nWaveMode=0
bAdditiveWaves=0
bWaveDots=0
bWaveThick=1
bModWaveAlphaByVolume=1
bMaximizeWaveColor=1
bTexWrap=0
bDarkenCenter=0
bRedBlueStereo=0
bBrighten=0
bDarken=0
bSolarize=0
bInvert=0
fWaveAlpha=6.350456
fWaveScale=0.010000
fWaveSmoothing=0.900000
fWaveParam=0.000000
fModWaveAlphaStart=0.000000
fModWaveAlphaEnd=0.000000
fWarpAnimSpeed=0.010000
fWarpScale=0.010000
fZoomExponent=1.001829
fShader=0.000000
zoom=1.001829
rot=0.000000
cx=0.500000
cy=0.500000
dx=0.000000
dy=0.000000
warp=0.010000
sx=1.001827
sy=1.001829
wave_r=0.000000
wave_g=0.000000
wave_b=0.000000
wave_x=0.500000
wave_y=0.500000
ob_size=0.000000
ob_r=0.000000
ob_g=0.000000
ob_b=0.000000
ob_a=0.000000
ib_size=0.000000
ib_r=0.000000
ib_g=0.000000
ib_b=0.000000
ib_a=0.000000
nMotionVectorsX=0.000000
nMotionVectorsY=0.000000
mv_dx=0.000000
mv_dy=0.000000
mv_l=0.000000
mv_r=1.000000
mv_g=1.000000
mv_b=1.000000
mv_a=1.000000
per_frame_1=rot=sin(time*above(bass,1))*0.25;
per_frame_2=cy=rand(50)/1000+.475;
per_frame_3=cx=rand(50)/1000+.475;
per_frame_4=wave_r=0.5*sin(time+3)+0.5;
per_frame_5=wave_b=0.5*sin(time+2)+0.5;
per_frame_6=wave_g=0.5*sin(time+1)+0.5;
per_frame_7=ob_size=below(bass,1)*0.05*sin(time);
per_frame_8=ob_a=below(bass,1)*0.5;
per_frame_9=ob_g=below(bass,1)*wave_g;
per_frame_10=ob_r=below(bass,1)*wave_r;
per_frame_11=ob_b=below(bass,1)*wave_b;
per_frame_12=ib_size=0.05-ob_size;
per_frame_13=ib_a=ob_a;
per_frame_14=ib_g=below(bass,1)*(1-ob_g);
per_frame_15=ib_b=below(bass,1)*(1-ob_b);
per_frame_16=ib_r=below(bass,1)*(1-ob_r);
