[preset00]
fRating=0.000000
fGammaAdj=1.000000
fDecay=0.900000
fVideoEchoZoom=0.010000
fVideoEchoAlpha=0.000000
nVideoEchoOrientation=0
nWaveMode=0
bAdditiveWaves=0
bWaveDots=0
bWaveThick=1
bModWaveAlphaByVolume=1
bMaximizeWaveColor=0
bTexWrap=0
bDarkenCenter=0
bRedBlueStereo=0
bBrighten=0
bDarken=0
bSolarize=0
bInvert=0
fWaveAlpha=6.350456
fWaveScale=0.842831
fWaveSmoothing=0.270000
fWaveParam=0.000000
fModWaveAlphaStart=0.000000
fModWaveAlphaEnd=0.000000
fWarpAnimSpeed=0.010000
fWarpScale=0.010000
fZoomExponent=1.001829
fShader=0.000000
zoom=1.001800
rot=0.000000
cx=0.500000
cy=0.500000
dx=0.000000
dy=0.000000
warp=0.010000
sx=1.001827
sy=1.001829
wave_r=0.300000
wave_g=0.300000
wave_b=0.300000
wave_x=0.500000
wave_y=0.500000
ob_size=0.000000
ob_r=0.000000
ob_g=0.000000
ob_b=0.000000
ob_a=0.000000
ib_size=0.000000
ib_r=0.000000
ib_g=0.000000
ib_b=0.000000
ib_a=0.000000
nMotionVectorsX=0.000000
nMotionVectorsY=0.000000
mv_dx=0.500000
mv_dy=0.500000
mv_l=0.000000
mv_r=1.000000
mv_g=1.000000
mv_b=1.000000
mv_a=1.000000
per_frame_1=wave_r=if(above(bass*adj,treb),int(rand(1001))/1000,1);
per_frame_2=wave_g=if(above(bass*adj,treb),int(rand(1001))/1000,1);
per_frame_3=wave_b=if(above(bass*adj,treb),int(rand(1001))/1000,1);
per_frame_4=wave_x=if(above(bass*adj,treb+0.1),int(rand(1001))/1000,0.5);
per_frame_5=wave_y=if(above(bass*adj,treb+0.2),int(rand(1001))/1000,0.5);
per_frame_6=wave_mystery=if(above(bass*adj,treb+0.3),int(rand(2001))/1000-1,0);
per_frame_7=wave_mode=if(above(bass*adj,treb+0.4),int(rand(8)),0);
per_frame_8=ob_size=if(above(bass*adj,treb+0.5),int(rand(501))/1000,0);
per_frame_9=ob_r=int(rand(1001))/1000;
per_frame_10=ob_g=int(rand(1001))/1000;
per_frame_11=ob_b=int(rand(1001))/1000;
per_frame_12=ob_a=int(rand(1001))/1000;
per_frame_13=ib_size=if(above(bass*adj,treb+0.6),int(rand(501))/1000,0);
per_frame_14=ib_r=int(rand(1001))/1000;
per_frame_15=ib_g=int(rand(1001))/1000;
per_frame_16=ib_b=int(rand(1001))/1000;
per_frame_17=ib_a=int(rand(1001))/1000;
per_frame_18=mv_a=if(above(bass*adj,treb+0.5),int(rand(1001))/1000,0);
per_frame_19=mv_r=int(rand(1001))/1000;
per_frame_20=mv_g=int(rand(1001))/1000;
per_frame_21=mv_b=int(rand(1001))/1000;
per_frame_22=mv_x=int(rand(64001))/1000;
per_frame_23=mv_y=int(rand(48001))/1000;
per_frame_24=mv_l=int(rand(5001))/1000;
per_pixel_1=zoom=if(above(bass*adj,treb+1),int(rand(2001))/1000,1);
per_pixel_2=zoomexp=if(above(bass*adj,treb+1),int(rand(100001))/1000,1);
per_pixel_3=warp=if(above(bass*adj,treb+1.2),int(rand(2001))/1000,0);
per_pixel_4=rot=if(above(bass*adj,treb+0.5),int(rand(10001))/1000-5,0);
per_pixel_5=cx=int(rand(1001))/1000;
per_pixel_6=cy=int(rand(1001))/1000;
per_pixel_7=dx=if(above(bass*adj,treb+0.8),int(rand(2001))/1000-1,0);
per_pixel_8=dy=if(above(bass*adj,treb+0.8),int(rand(2001))/1000-1,0);
per_pixel_9=sx=if(above(bass*adj,treb+0.8),int(rand(2001))/1000,1);
per_pixel_10=sy=if(above(bass*adj,treb+0.8),int(rand(2001))/1000,1);
per_pixel_11=decay=if(above(bass*adj,treb+0.8),int(rand(101))/1000+0.9,0.9);
