[preset00]
fRating=5.000000
fGammaAdj=1.000000
fDecay=0.900000
fVideoEchoZoom=1.310400
fVideoEchoAlpha=0.000000
nVideoEchoOrientation=3
nWaveMode=0
bAdditiveWaves=0
bWaveDots=0
bWaveThick=1
bModWaveAlphaByVolume=1
bMaximizeWaveColor=1
bTexWrap=0
bDarkenCenter=0
bRedBlueStereo=0
bBrighten=0
bDarken=0
bSolarize=0
bInvert=0
fWaveAlpha=6.350400
fWaveScale=0.010000
fWaveSmoothing=0.900000
fWaveParam=0.000000
fModWaveAlphaStart=0.000000
fModWaveAlphaEnd=0.000000
fWarpAnimSpeed=0.010000
fWarpScale=0.010000
fZoomExponent=100.000000
fShader=0.000000
zoom=1.136010
rot=0.000000
cx=0.500000
cy=0.500000
dx=0.000000
dy=0.000000
warp=0.010000
sx=1.001826
sy=1.001829
wave_r=0.000000
wave_g=0.000000
wave_b=0.000000
wave_x=0.500000
wave_y=0.500000
ob_size=0.000000
ob_r=0.000000
ob_g=0.000000
ob_b=0.000000
ob_a=0.000000
ib_size=0.000000
ib_r=0.000000
ib_g=0.000000
ib_b=0.000000
ib_a=0.000000
nMotionVectorsX=0.000000
nMotionVectorsY=0.000000
mv_dx=0.000000
mv_dy=0.000000
mv_l=0.000000
mv_r=1.000000
mv_g=1.000000
mv_b=1.000000
mv_a=1.000000
per_frame_1=monitor=progress;
per_frame_2=rot=if(above(progress,0.25),sin(time*above(bass,3))*0.25,0);
per_frame_3=wave_mystery=if(above(progress,0.25),0.200*sin(time)-0.200,-0.400);
per_frame_4=wave_y=if(above(progress,0.25),0.5,int(progress*750)/750*2);
per_frame_5=dy=if(above(progress,0.25),0,-0.00195);
per_frame_6=wave_x=0.5;
per_frame_7=cy=rand(50*0.5*bass)/1000+wave_y-0.025*bass*0.5;
per_frame_8=cx=rand(50*0.5*bass)/1000+wave_x-0.025*bass*0.5;
per_frame_9=wave_r=if(above(progress,0.25),0.5*bass*sin(time+3)+0.5,1);
per_frame_10=wave_b=if(above(progress,0.25),0.5*bass*sin(time+2)+0.5,1);
per_frame_11=wave_g=if(above(progress,0.25),0.5*bass*sin(time+1)+0.5,1);
