[preset00]
fRating=3.000000
fGammaAdj=2.050000
fDecay=0.999000
fVideoEchoZoom=0.999609
fVideoEchoAlpha=0.500000
nVideoEchoOrientation=3
nWaveMode=0
bAdditiveWaves=1
bWaveDots=0
bModWaveAlphaByVolume=1
bMaximizeWaveColor=1
bTexWrap=1
bDarkenCenter=1
bRedBlueStereo=0
bBrighten=0
bDarken=0
bSolarize=0
bInvert=0
fWaveAlpha=100.000000
fWaveScale=0.931007
fWaveSmoothing=0.000000
fWaveParam=-0.320000
fModWaveAlphaStart=0.710000
fModWaveAlphaEnd=1.300000
fWarpAnimSpeed=2.448629
fWarpScale=67.165291
fZoomExponent=1.000000
fShader=1.000000
zoom=1.030301
rot=0.000000
cx=0.500000
cy=0.500000
dx=0.000000
dy=0.000000
warp=0.029800
sx=0.980296
sy=0.960980
wave_r=0.650000
wave_g=0.650000
wave_b=0.650000
wave_x=1.000000
wave_y=0.500000
ob_size=0.300000
ob_r=0.010000
ob_g=0.000000
ob_b=0.000000
ob_a=0.000000
ib_size=0.260000
ib_r=0.250000
ib_g=0.250000
ib_b=0.250000
ib_a=0.000000
nMotionVectorsX=8.000000
nMotionVectorsY=1.920000
mv_l=1.000000
mv_r=1.000000
mv_g=1.000000
mv_b=1.000000
mv_a=0.500000
per_frame_1=dy =dy -0.0005;
per_frame_2=dx = dx-0.0035;
per_frame_3=mv_l = 3000;
per_frame_4=mv_r = 0.5+0.499*sin(time*1.12);
per_frame_5=mv_b = 0.2 + 0.19*cos(time*0.45);
per_frame_6=bass_effect = max(max(bass,bass_att)-1.3,0);
per_frame_7=decay = if(above(bass_effect,0),0.96,0.996);
per_frame_8=wave_x = 0.6+0.3*sin(time*0.724);
per_frame_9=rot=(.02*mid_att)*sin(time);
