[preset00]
fRating=2.000000
fGammaAdj=1.000000
fDecay=0.992000
fVideoEchoZoom=0.561512
fVideoEchoAlpha=0.500000
nVideoEchoOrientation=1
nWaveMode=0
bAdditiveWaves=0
bWaveDots=1
bWaveThick=0
bModWaveAlphaByVolume=0
bMaximizeWaveColor=0
bTexWrap=1
bDarkenCenter=1
bRedBlueStereo=0
bBrighten=0
bDarken=0
bSolarize=0
bInvert=0
fWaveAlpha=100.000000
fWaveScale=14.679046
fWaveSmoothing=0.900000
fWaveParam=-0.300000
fModWaveAlphaStart=0.500000
fModWaveAlphaEnd=1.000000
fWarpAnimSpeed=1.000000
fWarpScale=1.000000
fZoomExponent=0.666200
fShader=0.800000
zoom=1.040604
rot=-0.040000
cx=0.530000
cy=0.500000
dx=0.000010
dy=0.000010
warp=0.010000
sx=0.960980
sy=0.970590
wave_r=0.000000
wave_g=0.700000
wave_b=1.000000
wave_x=0.500000
wave_y=0.500000
ob_size=0.000000
ob_r=1.000000
ob_g=0.700000
ob_b=0.010000
ob_a=0.000000
ib_size=0.400000
ib_r=0.550000
ib_g=0.650000
ib_b=0.250000
ib_a=0.000000
nMotionVectorsX=55.680000
nMotionVectorsY=47.999996
mv_dx=0.000000
mv_dy=0.000000
mv_l=5.000000
mv_r=0.000000
mv_g=0.000000
mv_b=1.000000
mv_a=0.000000
per_frame_1=wave_r = wave_r +if(above(wave_x,0.8), -0.1*sin(2*time),+0.2*sin(2*time));
per_frame_2=wave_g = wave_g +if(above(wave_x,0.6), -0.6*sin(2*time), +0.2*sin(2*time));
per_frame_3=wave_b = wave_b +if(above(wave_x,0.4), -0.6*sin(2*time), +0.2*sin(2*time));
per_pixel_1=rot = rot + if (above(y,0.40), if(below(y,0.60), if(above(x,0.40), if(below(x,0.60),+0.1, +0.05),+0.05), +0.05), +0.05);
per_pixel_2=zoom = zoom - 0.01*(1-rad)*3*-bass;
