[preset00]
fRating=3.000000
fGammaAdj=1.000000
fDecay=0.970000
fVideoEchoZoom=1.105061
fVideoEchoAlpha=0.500000
nVideoEchoOrientation=1
nWaveMode=4
bAdditiveWaves=1
bWaveDots=1
bWaveThick=1
bModWaveAlphaByVolume=1
bMaximizeWaveColor=1
bTexWrap=0
bDarkenCenter=1
bRedBlueStereo=0
bBrighten=0
bDarken=0
bSolarize=0
bInvert=0
fWaveAlpha=1.000416
fWaveScale=0.896683
fWaveSmoothing=0.000000
fWaveParam=0.200000
fModWaveAlphaStart=0.400000
fModWaveAlphaEnd=1.000000
fWarpAnimSpeed=1.000388
fWarpScale=1.000435
fZoomExponent=1.000158
fShader=0.000000
zoom=1.030531
rot=0.000000
cx=0.500000
cy=0.500000
dx=0.000000
dy=0.000000
warp=0.010120
sx=1.000000
sy=1.000000
wave_r=0.500000
wave_g=0.500000
wave_b=0.500000
wave_x=0.500000
wave_y=0.500000
ob_size=0.000500
ob_r=0.000000
ob_g=0.000000
ob_b=1.000000
ob_a=0.100000
ib_size=0.000000
ib_r=0.250000
ib_g=0.250000
ib_b=0.250000
ib_a=1.000000
nMotionVectorsX=0.000000
nMotionVectorsY=0.000000
mv_dx=0.000000
mv_dy=0.000000
mv_l=1.000000
mv_r=1.000000
mv_g=1.000000
mv_b=1.000000
mv_a=0.000000
per_frame_1=wave_r=sqr(sin(time*1.5));
per_frame_2=wave_g=sqr(sin(time));
per_frame_3=wave_b=sqr(sin(time*2));
per_frame_4=rot=0.049 * sin(time*3)*bass;
per_frame_5=ob_r=sqr(sin(time*5))/2;
per_frame_6=ob_g=sqr(sin(time*3));
per_frame_7=ob_b=sqr(sin(time*6))/2+.5;
per_frame_8=ib_r = ib_r + .25*sin(time*.444)+bass*.2;
per_frame_9=ib_g = ib_g + .35*sin(time*.333)+treb*.2;
per_frame_10=ib_b = ib_b + .45*sin(time*.222)+mid*.2;
per_frame_11=ib_a=.5+.2*sin(time*3);
per_frame_12=ib_size=0.1;
per_frame_13=ob_size=.05+.02*sin(time*3);
per_frame_14=ob_a=ib_a;
per_pixel_1=zoom = zoom + 0.1*log(sin(rad));
