[preset00]
fRating=4.000000
fGammaAdj=1.000001
fDecay=0.999000
fVideoEchoZoom=0.999609
fVideoEchoAlpha=0.500000
nVideoEchoOrientation=2
nWaveMode=5
bAdditiveWaves=1
bWaveDots=0
bModWaveAlphaByVolume=1
bMaximizeWaveColor=0
bTexWrap=1
bDarkenCenter=1
bRedBlueStereo=0
bBrighten=0
bDarken=0
bSolarize=0
bInvert=0
fWaveAlpha=4.099998
fWaveScale=1.254857
fWaveSmoothing=0.630000
fWaveParam=0.000000
fModWaveAlphaStart=0.710000
fModWaveAlphaEnd=1.300000
fWarpAnimSpeed=2.448629
fWarpScale=67.165291
fZoomExponent=1.000000
fShader=1.000000
zoom=0.970590
rot=0.100000
cx=0.200000
cy=0.200000
dx=0.000000
dy=0.000000
warp=3.200800
sx=1.000000
sy=1.000000
wave_r=0.650000
wave_g=0.650000
wave_b=0.650000
wave_x=0.000000
wave_y=0.500000
ob_size=0.300000
ob_r=0.010000
ob_g=0.000000
ob_b=0.000000
ob_a=0.000000
ib_size=0.260000
ib_r=0.250000
ib_g=0.250000
ib_b=0.250000
ib_a=0.000000
nMotionVectorsX=1.920000
nMotionVectorsY=1.440000
mv_l=0.000000
mv_r=1.000000
mv_g=1.000000
mv_b=1.000000
mv_a=0.499900
per_frame_1=dx =dx -0.0005;
per_frame_2=dy = dy-0.0035;
per_frame_3=mv_l = -2000;
per_frame_4=mv_r = 0.499+0.5*sin(0.987*time);
per_frame_5=mv_b = 0.799+0.2*sin(0.6453*time);
per_frame_6=mv_g = 0.099+0.1*sin(0.567*time);
per_frame_6=bass_effect = max(max(bass,bass_att)-1.3,0);
per_frame_7=decay = if(above(bass_effect,0),0.96,0.996);
per_frame_8=wave_x = 0.6+0.3*sin(time*0.724);
per_frame_9=warp = warp + (2*sin(0.75*time));
per_frame_10=wrap_s = wrap_s +0.5*sin(0.1*time);
per_frame_11=wave_b = wave_b + 0.245*sin(0.456 * time);
per_frame_12=wave_r = wave_r + 0.455*cos (0.381 * time);
per_frame_13=wave_g= wave_g + 0.974*sin (0.345 * time);
per_frame_14=dx = dx + dx_residual;
per_frame_15=dy = dy + dy_residual;
per_frame_16=bass_thresh = above(bass_att,bass_thresh)*2 + (1-above(bass_att,bass_thresh))*((bass_thresh-1.3)*0.96+1.3);
per_frame_17=dx_residual = equal(bass_thresh,2)*0.016*sin(time*7) + (1-equal(bass_thresh,2))*dx_residual;
per_frame_18=dy_residual = equal(bass_thresh,2)*0.012*sin(time*9) + (1-equal(bass_thresh,2))*dy_residual;
