[preset00]
fRating=3.000000
fGammaAdj=1.000000
fDecay=0.999000
fVideoEchoZoom=0.999609
fVideoEchoAlpha=0.500000
nVideoEchoOrientation=1
nWaveMode=5
bAdditiveWaves=1
bWaveDots=0
bModWaveAlphaByVolume=1
bMaximizeWaveColor=0
bTexWrap=0
bDarkenCenter=0
bRedBlueStereo=0
bBrighten=0
bDarken=0
bSolarize=0
bInvert=0
fWaveAlpha=4.099998
fWaveScale=6.811275
fWaveSmoothing=0.630000
fWaveParam=0.000000
fModWaveAlphaStart=0.710000
fModWaveAlphaEnd=1.300000
fWarpAnimSpeed=2.448629
fWarpScale=67.165291
fZoomExponent=0.132909
fShader=1.000000
zoom=0.990099
rot=0.000000
cx=-1.000000
cy=2.000000
dx=0.000000
dy=0.000000
warp=0.010000
sx=1.000000
sy=1.000000
wave_r=0.650000
wave_g=0.650000
wave_b=0.650000
wave_x=1.000000
wave_y=0.500000
ob_size=0.300000
ob_r=0.010000
ob_g=0.000000
ob_b=0.000000
ob_a=0.000000
ib_size=0.260000
ib_r=0.250000
ib_g=0.250000
ib_b=0.250000
ib_a=0.000000
nMotionVectorsX=8.000000
nMotionVectorsY=2.880000
mv_l=4.000000
mv_r=1.000000
mv_g=1.000000
mv_b=1.000000
mv_a=0.200000
per_frame_1=dx =dx -0.0005;
per_frame_2=dy = dy-0.0035;
per_frame_3=mv_l = 3000;
per_frame_4=bass_effect2= max(max(bass,bass_att)-1,0);
per_frame_5=mv_r =if(above(bass_effect2,0),0.7+0.199*sin(time*1.12),0.3-0.199*sin(time*1.12));
per_frame_6=mv_b = if(above(bass_effect2,0),0.2 + 0.19*cos(time*0.45),0.8 - 0.19*cos(time*0.45));
per_frame_7=mv_g = if(above(bass_effect2,0),0.2 + 0.49*cos(time*0.35),0.7 - 0.29*cos(time*0.65));
per_frame_8=bass_effect = max(max(bass,bass_att)-1.3,0);
per_frame_9=mv_l = if(above(bass_effect2,0),3000,-3000);

per_frame_10=decay = if(above(bass_effect,0),0.96,0.996);
per_frame_11=wave_x = 0.6+0.3*sin(time*0.724);
per_frame_12=wave_r  = 0.5 + (sin(time/2) - cos(time*0.22))/2;
per_frame_13=wave_g = 0.5 - sin(time*0.877)/2;
per_frame_14=wave_b = 0.5 - cos(time)/2;