[preset00]
fRating=2.000000
fGammaAdj=2.000000
fDecay=0.980000
fVideoEchoZoom=1.006490
fVideoEchoAlpha=0.500000
nVideoEchoOrientation=3
nWaveMode=1
bAdditiveWaves=1
bWaveDots=0
bModWaveAlphaByVolume=1
bMaximizeWaveColor=0
bTexWrap=1
bDarkenCenter=0
bMotionVectorsOn=0
bRedBlueStereo=0
nMotionVectorsX=2
nMotionVectorsY=1
bBrighten=0
bDarken=0
bSolarize=0
bInvert=0
fWaveAlpha=0.968100
fWaveScale=0.980267
fWaveSmoothing=0.126000
fWaveParam=0.000000
fModWaveAlphaStart=0.550000
fModWaveAlphaEnd=1.150000
fWarpAnimSpeed=1.530000
fWarpScale=1.731000
fZoomExponent=1.008145
fShader=0.000000
zoom=1.000223
rot=0.000000
cx=0.500000
cy=0.500000
dx=0.000000
dy=0.000000
warp=0.800000
sx=1.000000
sy=1.000000
wave_r=0.500000
wave_g=0.500000
wave_b=0.500000
wave_x=0.500000
wave_y=0.500000
ob_size=0.010000
ob_r=0.000000
ob_g=0.000000
ob_b=0.000000
ob_a=1.000000
ib_size=0.3010000
ib_r=0.250000
ib_g=0.250000
ib_b=0.250000
ib_a=0.000000
per_frame_1=wave_x = int(rand(100))/100;
per_frame_2=wave_y = int(rand(100))/100;
per_frame_3=wave_r = 1 + sin(-wave_x*3.1415);
per_frame_4=wave_g = abs(sin(2*wave_x*3.1415));
per_frame_5=wave_b = sin(wave_x*3.1415);
per_frame_6=dx=dx+0.01*(sin(time*1.134)+sin(time*0.7134)+sin(time*2.334));
per_frame_7=dy=dy+0.01*(sin(time*1.8834)+sin(time*1.0144)+sin(time*1.334));
per_pixel_1=cx=0.500 + 0.400 * cos(ang + time * 0.397 - rad);
per_pixel_2=cy=0.500 + 0.400 * sin(ang + time * 0.780 + rad);




