[preset00]
fRating=3.000000
fGammaAdj=1.000000
fDecay=0.930000
fVideoEchoZoom=0.369562
fVideoEchoAlpha=0.300000
nVideoEchoOrientation=0
nWaveMode=7
bAdditiveWaves=1
bWaveDots=1
bWaveThick=1
bModWaveAlphaByVolume=1
bMaximizeWaveColor=1
bTexWrap=1
bDarkenCenter=1
bRedBlueStereo=0
bBrighten=0
bDarken=0
bSolarize=0
bInvert=0
fWaveAlpha=5.582154
fWaveScale=12.374023
fWaveSmoothing=0.900000
fWaveParam=0.000000
fModWaveAlphaStart=0.710000
fModWaveAlphaEnd=1.300000
fWarpAnimSpeed=1.000000
fWarpScale=1.331000
fZoomExponent=1.000000
fShader=0.000000
zoom=0.999513
rot=0.000000
cx=0.500000
cy=0.500000
dx=0.000000
dy=0.000000
warp=0.010000
sx=0.980296
sy=0.980298
wave_r=1.000000
wave_g=1.000000
wave_b=1.000000
wave_x=0.500000
wave_y=0.500000
ob_size=0.050000
ob_r=1.000000
ob_g=0.000000
ob_b=0.000000
ob_a=1.000000
ib_size=0.010000
ib_r=0.250000
ib_g=0.250000
ib_b=0.250000
ib_a=1.000000
nMotionVectorsX=10.240001
nMotionVectorsY=7.200006
mv_dx=0.000000
mv_dy=0.080000
mv_l=0.550000
mv_r=0.000000
mv_g=1.000000
mv_b=0.000000
mv_a=0.000000
per_frame_1=wave_r = wave_r + 0.141 * sin (0.124 * time);
per_frame_2=wave_g = wave_g + 0.881 * sin (0.512 * time);
per_frame_3=wave_b = wave_b + 0.561 * sin (0.333 * time);
per_frame_4=ob_r = 1- wave_r;
per_frame_5=ob_g = 1 - wave_g;
per_frame_6=ob_b = 1-wave_b;
per_frame_7=ib_r = 0.9*ob_r;
per_frame_8=ib_g = 0.9*ob_g;
per_frame_9=ib_b = 0.9*ob_b;
per_frame_10=ob_size = 0.8 * sin (bass/12) + treb_att/40;
per_frame_11=ib_size = ob_size/ 2 * bass/4;
per_pixel_1=rot=rot*0.3*atan2(-rad,sin(ang*10));
per_pixel_2=zoom = zoom - sin (0.03 * bass);
