[preset00]
fRating=2.000000
fGammaAdj=1.000000
fDecay=1.000000
fVideoEchoZoom=0.999998
fVideoEchoAlpha=0.500000
nVideoEchoOrientation=3
nWaveMode=5
bAdditiveWaves=0
bWaveDots=0
bWaveThick=0
bModWaveAlphaByVolume=0
bMaximizeWaveColor=0
bTexWrap=0
bDarkenCenter=1
bRedBlueStereo=0
bBrighten=0
bDarken=0
bSolarize=0
bInvert=0
fWaveAlpha=100.000000
fWaveScale=0.591236
fWaveSmoothing=0.900000
fWaveParam=0.000000
fModWaveAlphaStart=0.500000
fModWaveAlphaEnd=1.000000
fWarpAnimSpeed=1.000000
fWarpScale=1.000000
fZoomExponent=0.999996
fShader=0.000000
zoom=1.030300
rot=0.000000
cx=2.000000
cy=0.500000
dx=0.000010
dy=0.000010
warp=0.010000
sx=1.000000
sy=1.000000
wave_r=1.000000
wave_g=1.000000
wave_b=1.000000
wave_x=0.500000
wave_y=0.500000
ob_size=0.000000
ob_r=0.000000
ob_g=0.000000
ob_b=0.000000
ob_a=1.000000
ib_size=0.000000
ib_r=0.350000
ib_g=1.000000
ib_b=0.150000
ib_a=0.010000
nMotionVectorsX=0.000000
nMotionVectorsY=0.000000
mv_dx=0.000000
mv_dy=0.000000
mv_l=1.000000
mv_r=1.000000
mv_g=1.000000
mv_b=1.000000
mv_a=0.000000
per_frame_1=ib_r = 0.446 * sin (0.555 * time);
per_frame_2=ib_g = 0.121 * sin (0.119 * time);
per_frame_3=ib_b = 0.781 * sin (0.114 * time);
per_frame_4=wave_g = ib_g;
per_frame_5=wave_b = ib_b;
per_frame_6=wave_r = ib_r;
per_frame_7=dx = dx + dx_residual;
per_frame_8=dy = dy + dy_residual;
per_frame_9=bass_thresh = above(bass_att,bass_thresh)*2 + (1-above(bass_att,bass_thresh))*((bass_thresh-1.3)*0.96+1.3);
per_frame_10=dx_residual = equal(bass_thresh,2)*0.016*sin(time*7) + (1-equal(bass_thresh,2))*dx_residual;
per_frame_11=dy_residual = equal(bass_thresh,2)*0.012*sin(time*9) + (1-equal(bass_thresh,2))*dy_residual;
per_pixel_1=zoom= zoom + log(sqrt(2)-rad)/10;
