[preset00]
fRating=3.500000
fGammaAdj=1.000000
fDecay=0.999000
fVideoEchoZoom=0.999500
fVideoEchoAlpha=0.500000
nVideoEchoOrientation=3
nWaveMode=6
bAdditiveWaves=1
bWaveDots=0
bModWaveAlphaByVolume=1
bMaximizeWaveColor=1
bTexWrap=1
bDarkenCenter=0
bRedBlueStereo=0
bBrighten=0
bDarken=0
bSolarize=0
bInvert=0
fWaveAlpha=8.980806
fWaveScale=5.750401
fWaveSmoothing=0.900000
fWaveParam=0.460000
fModWaveAlphaStart=1.489999
fModWaveAlphaEnd=0.750000
fWarpAnimSpeed=1.000000
fWarpScale=1.331000
fZoomExponent=0.203507
fShader=0.000000
zoom=0.010000
rot=1.000000
cx=2.000000
cy=-1.000000
dx=0.020000
dy=0.040000
warp=0.010000
sx=1.000000
sy=1.000000
wave_r=0.250000
wave_g=0.250000
wave_b=0.000000
wave_x=0.000000
wave_y=0.000000
ob_size=0.005000
ob_r=0.000000
ob_g=0.000000
ob_b=0.000000
ob_a=1.000000
ib_size=0.005000
ib_r=0.000000
ib_g=0.000000
ib_b=0.000000
ib_a=1.000000
nMotionVectorsX=64.000000
nMotionVectorsY=2.400000
mv_l=5.000000
mv_r=0.950000
mv_g=0.800000
mv_b=0.700000
mv_a=0.000000
per_frame_1=wave_r = wave_r + 0.400*( 0.60*sin(0.933*time) + 0.40*sin(1.045*time) );
per_frame_2=wave_g = wave_g + 0.400*( 0.60*sin(0.900*time) + 0.40*sin(0.956*time) );
per_frame_3=wave_b = wave_b + 0.400*( 0.60*sin(0.910*time) + 0.40*sin(0.920*time) );
per_frame_4=mv_r = 0.7-bass_att;
per_frame_5=mv_b = 0.6-treb_att;
per_frame_6=mv_g = 0.5-mid_att;
per_frame_7=rot = rot + 0.040*( 0.60*sin(0.381*time) + 0.40*sin(0.539*time) );
per_frame_8=zoom=max(0.98, min(0.15+0.8*bass_att, 1.75 ));
per_pixel_1=pre_zoom=zoom-.07*acos(y*2-1)*sin(time*1.2*q1)*zoom-.07*acos(x*2-1)*sin(time*1.1*q1);
per_pixel_2=zoom=if(above(abs(zoom-1),.04),pre_zoom,.99);
per_pixel_3=rot=if(above(abs(zoom-1),2),-.4+.2*q1,0);
