[preset00]
fRating=3.000000
fGammaAdj=1.210000
fDecay=0.979999
fVideoEchoZoom=1.237000
fVideoEchoAlpha=0.000000
nVideoEchoOrientation=1
nWaveMode=5
bAdditiveWaves=1
bWaveDots=0
bModWaveAlphaByVolume=1
bMaximizeWaveColor=1
bTexWrap=1
bDarkenCenter=1
bMotionVectorsOn=0
bRedBlueStereo=0
nMotionVectorsX=64
nMotionVectorsY=12
bBrighten=0
bDarken=0
bSolarize=0
bInvert=0
fWaveAlpha=1.909440
fWaveScale=1.097900
fWaveSmoothing=0.900000
fWaveParam=0.000000
fModWaveAlphaStart=0.350000
fModWaveAlphaEnd=0.950000
fWarpAnimSpeed=0.988500
fWarpScale=0.101585
fZoomExponent=0.079400
fShader=0.750000
zoom=1.003101
rot=0.000000
cx=0.500000
cy=0.500000
dx=0.000000
dy=0.000000
warp=1.366238
sx=0.932718
sy=0.932718
wave_r=0.250000
wave_g=0.250000
wave_b=0.250000
wave_x=0.500000
wave_y=0.500000
ob_size=0.000000
ob_r=0.010000
ob_g=0.010000
ob_b=0.010000
ob_a=0.010000
ib_size=0.005000
ib_r=0.050000
ib_g=0.050000
ib_b=0.050000
ib_a=0.930000
per_frame_1=wave_r = wave_r + 0.400*( 0.60*sin(0.933*time) + 0.40*sin(1.045*time) );
per_frame_2=wave_g = wave_g + 0.400*( 0.60*sin(0.900*time) + 0.40*sin(0.956*time) );
per_frame_3=wave_b = wave_b + 0.400*( 0.60*sin(0.910*time) + 0.40*sin(0.920*time) );
per_frame_4=rot = rot + 0.030*( 0.60*sin(0.381*time) + 0.40*sin(0.479*time) );
per_frame_5=cx = cx + 0.110*( 0.60*sin(0.374*time) + 0.40*sin(0.294*time) );
per_frame_6=cy = cy + 0.110*( 0.60*sin(0.393*time) + 0.40*sin(0.223*time) );
per_frame_7=zoom=zoom+0.05+abs(0.05*sin(time*0.133));
per_frame_8=decay=decay-0.01*(frame%2);
per_frame_9=ib_r = ib_r + 0.2*sin(time*0.5413);
per_frame_10=ib_g = ib_g + 0.2*sin(time*0.6459);
per_frame_11=ib_b = ib_b + 0.2*sin(time*0.4354);
per_frame_12=blah = 7.0/(ib_r+ib_g+ib_b);
per_frame_11=ib_r = ib_r*blah; ib_g = ib_g*blah; ib_b = ib_b*blah;
per_frame_12=zoom=max(0.98, min(0.15+0.8*bass_att, 1.75 ));
