[preset00]
fRating=5.000000
fGammaAdj=1.000000
fDecay=0.979000
fVideoEchoZoom=1.006594
fVideoEchoAlpha=0.690000
nVideoEchoOrientation=1
nWaveMode=7
bAdditiveWaves=1
bWaveDots=1
bWaveThick=1
bModWaveAlphaByVolume=1
bMaximizeWaveColor=1
bTexWrap=0
bDarkenCenter=1
bRedBlueStereo=0
bBrighten=0
bDarken=0
bSolarize=0
bInvert=0
fWaveAlpha=100.000000
fWaveScale=12.374043
fWaveSmoothing=0.630000
fWaveParam=0.000000
fModWaveAlphaStart=1.400000
fModWaveAlphaEnd=1.300000
fWarpAnimSpeed=0.990099
fWarpScale=0.082072
fZoomExponent=0.591234
fShader=1.000000
zoom=1.009509
rot=0.000000
cx=-1.000000
cy=0.500000
dx=-1.000000
dy=-1.000000
warp=0.071718
sx=1.000000
sy=0.980296
wave_r=1.000000
wave_g=1.000000
wave_b=1.000000
wave_x=0.500000
wave_y=0.500000
ob_size=0.005000
ob_r=0.000000
ob_g=0.000000
ob_b=0.000000
ob_a=0.010000
ib_size=0.003500
ib_r=0.000000
ib_g=0.000000
ib_b=0.000000
ib_a=0.000000
nMotionVectorsX=64.000000
nMotionVectorsY=48.000000
mv_dx=-0.898000
mv_dy=-0.927998
mv_l=5.000000
mv_r=0.000000
mv_g=0.000000
mv_b=0.700000
mv_a=1.000000
per_frame_1=wave_b = if(below(treb, 2),1,0);
per_frame_2=mv_r = .1*sin(time*.251)+.1;
per_frame_3=mv_g = .1*sin(time*.302)+.1;
per_frame_4=mv_dy = mv_dy + .01*sin(time*5);
per_frame_5=wave_r = wave_r + 0.311 * sin (0.444 * time);
per_frame_6=wave_g = wave_g + 0.099 * sin (0.891 * time);
per_pixel_1=dx = if(above(y,0.9),0.008,-.0004*(frame%2));
per_pixel_2=dy = dx*.25*sin(x*10+time);
per_pixel_3=rot = 0.01 * bass * 0.65 * sin (time * 0.019);
