[preset00]
fRating=3.000000
fGammaAdj=1.000000
fDecay=1.000000
fVideoEchoZoom=1.104617
fVideoEchoAlpha=0.500000
nVideoEchoOrientation=3
nWaveMode=7
bAdditiveWaves=1
bWaveDots=0
bWaveThick=1
bModWaveAlphaByVolume=0
bMaximizeWaveColor=1
bTexWrap=0
bDarkenCenter=1
bRedBlueStereo=0
bBrighten=0
bDarken=0
bSolarize=0
bInvert=0
fWaveAlpha=0.819544
fWaveScale=2.626228
fWaveSmoothing=0.750000
fWaveParam=-0.020000
fModWaveAlphaStart=0.000000
fModWaveAlphaEnd=0.000000
fWarpAnimSpeed=1.000000
fWarpScale=1.000000
fZoomExponent=0.274296
fShader=0.500000
zoom=0.957073
rot=0.000000
cx=0.500000
cy=0.500000
dx=0.000000
dy=0.000000
warp=0.010000
sx=1.220100
sy=0.880270
wave_r=0.400000
wave_g=0.400000
wave_b=1.000000
wave_x=0.200000
wave_y=1.000000
ob_size=0.000000
ob_r=0.000000
ob_g=0.000000
ob_b=0.000000
ob_a=1.000000
ib_size=0.000000
ib_r=0.000000
ib_g=0.000000
ib_b=0.000000
ib_a=0.000000
nMotionVectorsX=12.000000
nMotionVectorsY=9.600002
mv_dx=0.000000
mv_dy=0.000000
mv_l=0.900000
mv_r=1.000000
mv_g=1.000000
mv_b=1.000000
mv_a=0.000000
per_frame_1=dx =dx -0.0005;
per_frame_2=dy = dy-0.0035;
per_frame_3=wave_r=wave_r*sin(time*0.200);
per_frame_4=wave_b=wave_b*sin(time*0.300);
per_frame_5=wave_g=wave_g*sin(time*0.810);
per_frame_6=bass_effect = max(max(bass,bass_att)-1.3,0);
per_frame_7=decay = if(above(bass_effect,0),0.96,0.996);
per_frame_8=wave_x = 0.6+0.3*sin(time*0.724);
per_frame_9=dx = dx + dx_residual;
per_frame_10=dy = dy + dy_residual;
per_frame_11=bass_thresh = above(bass_att,bass_thresh)*2 + (1-above(bass_att,bass_thresh))*((bass_thresh-1.3)*0.96+1.3);
per_frame_12=dx_residual = equal(bass_thresh,2)*0.016*sin(time*7) + (1-equal(bass_thresh,2))*dx_residual;
per_frame_13=dy_residual = equal(bass_thresh,2)*0.012*sin(time*9) + (1-equal(bass_thresh,2))*dy_residual;
per_pixel_1=rot = sin(time+xy)/max(x,y);
per_pixel_2=cx=x;
per_pixel_3=cy=y;
