[preset00] 
fRating=3.000000 
fGammaAdj=2.000000 
fDecay=0.980000 
fVideoEchoZoom=2.000000 
fVideoEchoAlpha=0.000000 
nVideoEchoOrientation=0 
nWaveMode=6 
bAdditiveWaves=0 
bWaveDots=0 
bModWaveAlphaByVolume=0 
bMaximizeWaveColor=1 
bTexWrap=1 
bDarkenCenter=0 
bMotionVectorsOn=0 
bRedBlueStereo=0 
nMotionVectorsX=12 
nMotionVectorsY=9 
bBrighten=0 
bDarken=0 
bSolarize=0 
bInvert=0 
fWaveAlpha=0.800000 
fWaveScale=1.000000 
fWaveSmoothing=0.750000 
fWaveParam=-1.000000 
fModWaveAlphaStart=0.750000 
fModWaveAlphaEnd=0.950000 
fWarpAnimSpeed=1.000000 
fWarpScale=0.999994 
fZoomExponent=1.000000 
fShader=0.000000 
zoom=1.000000 
rot=0.000000 
cx=0.500000 
cy=0.500000 
dx=0.000000 
dy=0.000000 
warp=1.000000 
sx=1.000000 
sy=1.000000 
ob_size=0.5 
ob_r=1.000000 
ob_g=0.000000 
ob_b=0.000000 
ob_a=0.25 
ib_size=0.5 
ib_r=0.000000 
ib_g=1.000000 
ib_b=0.000000 
ib_a=0.250000 
wave_r=0.500000 
wave_g=0.500000 
wave_b=0.500000 
wave_x=0.500000 
wave_y=0.500000 
per_frame_1=ob_size=0.5+sin(time)+max(0,(bass_att-1.7)*0.1); 
per_frame_2=ib_size=0.5+max(0,(mid_att-1.7)*0.1); 
per_frame_3=ib_b=abs(sin(time)); 
per_frame_4=ob_r=0.3*bass_att; 
per_frame_5=ob_g=0.3*mid_att; 
per_frame_6=ob_b=0.3*treb_att; 
per_frame_7=ib_g=0.5*(1+sin(time*3)); 
per_frame_8=warp=1+max(0,(mid_att-1.0)*0.6); 
per_pixel_1=rot = rot + 0.1*ang + 0.2*rad; 
