[preset00]
fRating=3.000000
fGammaAdj=1.000000
fDecay=0.925000
fVideoEchoZoom=1.006595
fVideoEchoAlpha=0.500000
nVideoEchoOrientation=1
nWaveMode=1
bAdditiveWaves=1
bWaveDots=0
bModWaveAlphaByVolume=1
bMaximizeWaveColor=0
bTexWrap=1
bDarkenCenter=0
bMotionVectorsOn=0
bRedBlueStereo=0
nMotionVectorsX=12
nMotionVectorsY=9
bBrighten=0
bDarken=0
bSolarize=0
bInvert=0
fWaveAlpha=4.099998
fWaveScale=1.285751
fWaveSmoothing=0.630000
fWaveParam=0.000000
fModWaveAlphaStart=0.710000
fModWaveAlphaEnd=1.300000
fWarpAnimSpeed=1.000000
fWarpScale=1.331000
fZoomExponent=0.896323
fShader=0.000000
zoom=0.904846
rot=0.000000
cx=0.500000
cy=0.500000
dx=0.000000
dy=0.000000
warp=0.199863
sx=1.000000
sy=1.000000
wave_r=0.650000
wave_g=0.650000
wave_b=0.650000
wave_x=0.500000
wave_y=0.500000
ob_size=0.500000
ob_r=0.010000
ob_g=0.000000
ob_b=0.000000
ob_a=0.000000
ib_size=0.260000
ib_r=0.250000
ib_g=0.250000
ib_b=0.250000
ib_a=0.000000
per_frame_1=wave_r = wave_r + 0.5*sin(time*1.13)/2;
per_frame_2=wave_b = wave_b + 0.5*sin(time*1.33)/2;
per_frame_3=wave_g = wave_g + 0.5*sin(time*1.23)/2;
per_frame_4=wave_x = 0.5 -sin(time)/10;
per_frame_5=cy=treb*.3; 
per_pixel_1=zoom=1+tan(4) * sin(time - ang)/10;
per_pixel_2=rot=0.1*sin(ang+tan(2)/3)/10;
per_pixel_3=cx = atan(pow(rad-y,3))-sin(rad+time/(bass/15));
per_pixel_4=sy=sy-0.1*log10(y*2+0.2);
