[preset00]
fRating=2.000000
fGammaAdj=1.000000
fDecay=0.998000
fVideoEchoZoom=1.000000
fVideoEchoAlpha=0.000000
nVideoEchoOrientation=0
nWaveMode=6
bAdditiveWaves=0
bWaveDots=0
bWaveThick=0
bModWaveAlphaByVolume=0
bMaximizeWaveColor=0
bTexWrap=0
bDarkenCenter=0
bRedBlueStereo=0
bBrighten=0
bDarken=0
bSolarize=0
bInvert=0
fWaveAlpha=1.000000
fWaveScale=3.000000
fWaveSmoothing=0.900000
fWaveParam=0.000000
fModWaveAlphaStart=0.500000
fModWaveAlphaEnd=1.000000
fWarpAnimSpeed=1.000000
fWarpScale=1.000000
fZoomExponent=0.900000
fShader=0.000000
zoom=1.025000
rot=0.000000
cx=0.500000
cy=0.500000
dx=0.000000
dy=0.000000
warp=0.000000
sx=1.000000
sy=1.000000
wave_r=0.500000
wave_g=0.500000
wave_b=0.500000
wave_x=0.450000
wave_y=0.500000
ob_size=0.000000
ob_r=0.000000
ob_g=0.000000
ob_b=0.000000
ob_a=1.000000
ib_size=0.000000
ib_r=0.500000
ib_g=0.500000
ib_b=0.500000
ib_a=0.500000
nMotionVectorsX=12.000000
nMotionVectorsY=9.000000
mv_dx=0.000000
mv_dy=0.000000
mv_l=1.000000
mv_r=1.000000
mv_g=1.000000
mv_b=1.000000
mv_a=0.000000
per_frame_1=wave_r=if(above(treb_att,1.0),1.0,0.3);
per_frame_2=wave_g=if(above(treb_att,1.0),1.0,0.3);
per_frame_3=wave_b=if(above(treb_att,1.0),1.0,0.3);
per_frame_4=wave_mystery=0.2*time+cos(time);
per_pixel_1=rot=rot+0.05*sin(rad*12+time*2);
per_pixel_2=zoom=zoom*if(above(bass_att,1.2),1.0+0.2*(mid_att-1.7)*(rad-0.5),1.0);
