[preset00]
fRating=3.000000
fGammaAdj=2.000000
fDecay=0.931000
fVideoEchoZoom=1.006596
fVideoEchoAlpha=0.000000
nVideoEchoOrientation=3
nWaveMode=2
bAdditiveWaves=1
bWaveDots=0
bWaveThick=0
bModWaveAlphaByVolume=0
bMaximizeWaveColor=0
bTexWrap=0
bDarkenCenter=0
bRedBlueStereo=0
bBrighten=0
bDarken=0
bSolarize=0
bInvert=0
fWaveAlpha=6.416503
fWaveScale=6.006747
fWaveSmoothing=0.108000
fWaveParam=1.000000
fModWaveAlphaStart=0.710000
fModWaveAlphaEnd=1.000000
fWarpAnimSpeed=1.000000
fWarpScale=1.331000
fZoomExponent=1.000000
fShader=0.000000
zoom=1.070500
rot=0.000000
cx=0.500000
cy=0.500000
dx=0.005000
dy=0.000000
warp=0.198054
sx=1.000000
sy=1.000000
wave_r=0.000000
wave_g=0.000000
wave_b=0.650000
wave_x=0.000000
wave_y=0.290000
ob_size=0.000000
ob_r=0.000000
ob_g=0.000000
ob_b=0.000000
ob_a=1.000000
ib_size=0.005000
ib_r=0.230001
ib_g=0.000000
ib_b=0.000000
ib_a=0.410000
nMotionVectorsX=12.000000
nMotionVectorsY=9.000000
mv_dx=0.000000
mv_dy=0.000000
mv_l=0.900000
mv_r=1.000000
mv_g=1.000000
mv_b=1.000000
mv_a=0.000000
per_frame_1=wave_b = 0.55 + sin(time)/3;
per_pixel_1=dx = if(above(y,0.1),0.03*log(x*y)*-0.8,0.03*log(ang));
per_pixel_2=zoom = rad*x/10 +1;
per_pixel_3=sy= 1+(x)/10;
