[preset00]
fRating=3.000000
fGammaAdj=1.997000
fDecay=0.980000
fVideoEchoZoom=2.000000
fVideoEchoAlpha=0.000000
nVideoEchoOrientation=0
nWaveMode=2
bAdditiveWaves=0
bWaveDots=0
bWaveThick=0
bModWaveAlphaByVolume=0
bMaximizeWaveColor=1
bTexWrap=1
bDarkenCenter=0
bRedBlueStereo=0
bBrighten=0
bDarken=0
bSolarize=0
bInvert=0
fWaveAlpha=2.800000
fWaveScale=1.170000
fWaveSmoothing=0.700000
fWaveParam=0.000000
fModWaveAlphaStart=0.750000
fModWaveAlphaEnd=0.950000
fWarpAnimSpeed=1.000000
fWarpScale=1.000000
fZoomExponent=1.000415
fShader=0.000000
zoom=1.006000
rot=-0.080000
cx=0.500000
cy=0.500000
dx=0.000000
dy=0.000000
warp=0.057228
sx=1.000000
sy=1.000000
wave_r=0.000000
wave_g=0.000000
wave_b=0.280000
wave_x=0.500000
wave_y=0.500000
ob_size=0.010000
ob_r=0.000000
ob_g=0.000000
ob_b=0.000000
ob_a=0.000000
ib_size=0.160000
ib_r=0.840000
ib_g=0.000000
ib_b=0.000000
ib_a=0.040000
nMotionVectorsX=12.000000
nMotionVectorsY=9.000000
mv_dx=0.000000
mv_dy=0.000000
mv_l=0.900000
mv_r=1.000000
mv_g=1.000000
mv_b=1.000000
mv_a=0.000000
per_frame_1=wave_b = wave_b + 0.350*( 0.60*sin(1.090*time) + 0.40*sin(0.963*time) );
per_frame_2=rot = rot + 0.010*( 0.60*sin(0.381*time) + 0.40*sin(0.579*time) );
per_frame_3=cx = cx + 0.110*( 0.60*sin(0.374*time) + 0.40*sin(0.294*time) );
per_frame_4=cy = cy + 0.110*( 0.60*sin(0.393*time) + 0.40*sin(0.223*time) );
per_pixel_1=cx=0.5 + 0.3*cos(ang+time*0.97);
per_pixel_2=cy=0.5 + 0.3*sin(ang+time*0.78);
