[preset00]
fRating=3.000000
fGammaAdj=2.000000
fDecay=0.990000
fVideoEchoZoom=2.000000
fVideoEchoAlpha=0.000000
nVideoEchoOrientation=0
nWaveMode=7
bAdditiveWaves=0
bWaveDots=0
bModWaveAlphaByVolume=0
bMaximizeWaveColor=1
bTexWrap=1
bDarkenCenter=0
bRedBlueStereo=0
bBrighten=0
bDarken=0
bSolarize=0
bInvert=0
fWaveAlpha=0.800000
fWaveScale=0.058150
fWaveSmoothing=0.750000
fWaveParam=0.500000
fModWaveAlphaStart=0.750000
fModWaveAlphaEnd=0.950000
fWarpAnimSpeed=1.000000
fWarpScale=1.000000
fZoomExponent=1.000000
fShader=0.000000
zoom=1.000000
rot=-0.820000
cx=0.500000
cy=0.500000
dx=0.000000
dy=0.000000
warp=0.999999
sx=1.000000
sy=1.000000
wave_r=1.000000
wave_g=1.000000
wave_b=0.500000
wave_x=0.500000
wave_y=0.500000
ob_size=0.500000
ob_r=0.250000
ob_g=0.250000
ob_b=0.250000
ob_a=0.500000
ib_size=1.000000
ib_r=0.000000
ib_g=0.000000
ib_b=0.000000
ib_a=0.000000
nMotionVectorsX=12.000000
nMotionVectorsY=9.000000
mv_l=0.900000
mv_r=1.000000
mv_g=1.000000
mv_b=1.000000
mv_a=0.000000
per_frame_1=rot=rot+0.1;
per_frame_2=zoom=zoom+0.3*sin(time*1);
per_frame_3=ob_r=ob_r+0.1*sin(time*2);
per_frame_4=ob_a=ob_a+0.2*sin(time*3);
per_frame_5=wave_g=0.5*sin(time*4);
per_frame_6=wave_b=0.5*sin(time*5);
