[preset00] 
fRating=1.000000 
fGammaAdj=2.000000 
fDecay=1.000000 
fVideoEchoZoom=0.000000 
fVideoEchoAlpha=0.000000 
nVideoEchoOrientation=0 
nWaveMode=0 
bAdditiveWaves=1 
bWaveDots=0 
bModWaveAlphaByVolume=0 
bMaximizeWaveColor=1 
bTexWrap=1 
bDarkenCenter=0 
bMotionVectorsOn=0 
bRedBlueStereo=0 
nMotionVectorsX=12 
nMotionVectorsY=9 
bBrighten=0 
bDarken=0 
bSolarize=0 
bInvert=0 
fWaveAlpha=0.800000 
fWaveScale=0.300000 
fWaveSmoothing=1.000000 
fWaveParam=1.000000 
fModWaveAlphaStart=0.750000 
fModWaveAlphaEnd=0.950000 
fWarpAnimSpeed=1.000000 
fWarpScale=1.000000 
fZoomExponent=1.000000 
fShader=0.200000 
zoom=1.000000 
rot=0.000000 
cx=0.500000 
cy=0.500000 
dx=0.000000 
dy=0.000000 
warp=1.000000 
sx=1.000000 
sy=1.000000 
wave_r=1.000000 
wave_g=1.000000 
wave_b=0.000000 
wave_x=1.000000 
wave_y=0.500000 
per_frame_1=warp=0.5*warp+bass_att*0.25; 
per_frame_2=sx=.9; 
per_frame_3=sy=1.2; 
per_frame_4=wave_r=0.75+0.25*(cos(time*7)); 
per_frame_5=wave_g=0.75+0.25*(cos(time*5)); 
per_frame_6=wave_b=0.75+0.25*(sin(time*3)); 
per_pixel_1=sy = .9; 
per_pixel_2=sx = 1.03; 
per_pixel_3=rot = rot + .618; 
per_pixel_4=zoom=zoom-0.4*rad; 
