[preset00] 
fRating=3.000000 
fGammaAdj=1.990000 
fDecay=0.980000 
fVideoEchoZoom=1.000000 
fVideoEchoAlpha=1.000000 
nVideoEchoOrientation=0 
nWaveMode=1 
bAdditiveWaves=0 
bWaveDots=0 
bModWaveAlphaByVolume=0 
bMaximizeWaveColor=11 
bTexWrap=0 
bDarkenCenter=2 
bMotionVectorsOn=0 
bRedBlueStereo=0 
nMotionVectorsX=12 
nMotionVectorsY=9 
bBrighten=1 
bDarken=1 
bSolarize=0 
bInvert=0 
fWaveAlpha=0.600000 
fWaveScale=1.605000 
fWaveSmoothing=0.500000 
fWaveParam=0.000000 
fModWaveAlphaStart=0.750000 
fModWaveAlphaEnd=0.950000 
fWarpAnimSpeed=1.500000 
fWarpScale=1.053000 
fZoomExponent=1.500000 
fShader=0.000000 
zoom=12.000000 
rot=0.000000 
cx=0.500000 
cy=0.500000 
dx=0.000000 
dy=0.000000 
warp=0.000000 
sx=1.500000 
sy=1.500000 
wave_r=0.500000 
wave_g=0.500000 
wave_b=0.500000 
wave_x=0.500000 
wave_y=0.500000 
ob_size=0.010000 
ob_r=0.000000 
ob_g=0.000000 
ob_b=0.000000 
ob_a=0.000000 
ib_size=1.020000 
ib_r=0.250000 
ib_g=0.250000 
ib_b=0.250000 
ib_a=0.000000 
per_frame_1=wave_r = wave_r + 0.500*( 0.60*sin(0.933*time) + 0.40*sin(1.045*time) ); 
per_frame_2=wave_g = wave_g + 0.500*( 0.60*sin(0.900*time) + 0.40*sin(0.956*time) ); 
per_frame_3=wave_b = wave_b + 0.500*( 0.60*sin(0.910*time) + 0.40*sin(0.920*time) ); 
per_frame_4=zoom = zoom + 0.013*( 0.60*sin(0.339*time) + 0.40*sin(0.276*time) ); 
per_frame_5=rot = rot + 0.040*( 0.60*sin(0.381*time) + 0.40*sin(0.579*time) ); 
per_frame_6=zoom = zoom + max(0,(bass_att+treb_att+mid_att-3)*0.0333); 
per_frame_7=decay = decay - 0.01*equal(frame%10,0);
