[preset00]
fRating=3.000000
fGammaAdj=1.000000
fDecay=1.000000
fVideoEchoZoom=1.006596
fVideoEchoAlpha=0.000000
nVideoEchoOrientation=3
nWaveMode=5
bAdditiveWaves=0
bWaveDots=0
bModWaveAlphaByVolume=0
bMaximizeWaveColor=0
bTexWrap=1
bDarkenCenter=0
bMotionVectorsOn=0
bRedBlueStereo=0
nMotionVectorsX=12
nMotionVectorsY=9
bBrighten=0
bDarken=1
bSolarize=0
bInvert=0
fWaveAlpha=100.000000
fWaveScale=4.574817
fWaveSmoothing=0.000000
fWaveParam=0.000000
fModWaveAlphaStart=0.710000
fModWaveAlphaEnd=1.300000
fWarpAnimSpeed=1.000000
fWarpScale=1.331000
fZoomExponent=1.000000
fShader=1.000000
zoom=0.999500
rot=0.000000
cx=0.500000
cy=0.500000
dx=0.005000
dy=0.000000
warp=0.010000
sx=1.000000
sy=1.000000
wave_r=1.000000
wave_g=1.000000
wave_b=1.000000
wave_x=0.500000
wave_y=0.500000
ob_size=0.001500
ob_r=0.000000
ob_g=0.000000
ob_b=0.000000
ob_a=1.000000
ib_size=0.005500
ib_r=0.300000
ib_g=0.300000
ib_b=0.300000
ib_a=1.000000
per_frame_1=wave_b=(treb-1);
per_frame_2=wave_g=(mid-1);
per_frame_3=wave_r=(bass-1);
per_frame_4=q1 = 0.5*(time*0.125);
per_frame_5=q2 = 1*(time*0.1);
per_frame_6=rot=0.1*sin( (tan(time)*0.8 )+(treb_att-1) );
per_frame_7=
per_pixel_1=newx = x - 0.5+((bass_att-1)*0.1);
per_pixel_2=newy = y - (0.15*cos(bass*5));
per_pixel_3=newrad = sqrt( newx*newx + 0.5625*newy*newy )*2;
per_pixel_4=newang = newx*(atan2( -newy, newx ));
per_pixel_5=newzoom=1 + (((1*(sin(x*y))+bass)*0.1)*sin(bass_att*( newrad + ( 3.1*cos( newang ) ) ) ));
per_pixel_6=dx = -0.0005 + newx*newzoom - newx;
per_pixel_7=dy = -0.0005 + newy*newzoom - newy;
