[preset00]
fRating=3.000000
fGammaAdj=2.000000
fDecay=0.970000
fVideoEchoZoom=1.000000
fVideoEchoAlpha=0.000000
nVideoEchoOrientation=0
nWaveMode=0
bAdditiveWaves=0
bWaveDots=1
bWaveThick=1
bModWaveAlphaByVolume=0
bMaximizeWaveColor=1
bTexWrap=0
bDarkenCenter=0
bRedBlueStereo=0
bBrighten=0
bDarken=0
bSolarize=0
bInvert=0
fWaveAlpha=1.000000
fWaveScale=0.796898
fWaveSmoothing=0.000000
fWaveParam=-0.500000
fModWaveAlphaStart=0.750000
fModWaveAlphaEnd=0.950000
fWarpAnimSpeed=1.000000
fWarpScale=1.000000
fZoomExponent=0.351767
fShader=0.000000
zoom=0.980296
rot=0.000000
cx=0.500000
cy=0.500000
dx=0.000000
dy=0.000000
warp=1.000000
sx=1.000000
sy=1.000000
wave_r=1.000000
wave_g=0.700000
wave_b=0.500000
wave_x=0.500000
wave_y=0.500000
ob_size=0.005000
ob_r=0.000000
ob_g=0.000000
ob_b=0.000000
ob_a=1.000000
ib_size=0.000000
ib_r=0.000000
ib_g=0.000000
ib_b=0.000000
ib_a=0.000000
nMotionVectorsX=64.000000
nMotionVectorsY=48.000000
mv_dx=0.000000
mv_dy=0.000000
mv_l=0.000000
mv_r=0.000000
mv_g=0.700000
mv_b=1.000000
mv_a=0.000000
per_frame_1=warp=0;
per_frame_2=framehalf = frame%2;
per_frame_3=
per_frame_4=x1 = 0.5 + 0.15*sin(0.416*time) + 0.15*sin(0.832*time) + 0.1*sin(1.324*time);
per_frame_5=x2 = 0.5 + 0.15*sin(0.341*time) + 0.15*sin(0.768*time) + 0.1*sin(1.523*time);
per_frame_6=y1 = 0.5 + 0.15*sin(0.287*time) + 0.15*sin(0.913*time) + 0.1*sin(1.142*time);
per_frame_7=y2 = 0.5 + 0.15*sin(0.531*time) + 0.15*sin(0.671*time) + 0.1*sin(1.442*time);
per_frame_8=r1 = 0.5 + 0.15*sin(0.512*time) + 0.15*sin(0.943*time) + 0.1*sin(1.024*time);
per_frame_9=r2 = 0.5 + 0.15*sin(0.483*time) + 0.15*sin(0.879*time) + 0.1*sin(1.423*time);
per_frame_10=g1 = 0.5 + 0.15*sin(0.248*time) + 0.15*sin(0.829*time) + 0.1*sin(1.623*time);
per_frame_11=g2 = 0.5 + 0.15*sin(0.461*time) + 0.15*sin(0.699*time) + 0.1*sin(1.254*time);
per_frame_12=b1 = 0.5 + 0.15*sin(0.211*time) + 0.15*sin(0.652*time) + 0.1*sin(1.865*time);
per_frame_13=b2 = 0.5 + 0.15*sin(0.333*time) + 0.15*sin(0.978*time) + 0.1*sin(1.359*time);
per_frame_14=
per_frame_15=volume = 0.3*(bass+mid);
per_frame_16=beatrate = equal(beatrate,0) + (1-equal(beatrate,0))*(below(volume,0.01) + (1-below(volume,0.01))*beatrate);
per_frame_17=lastbeat = lastbeat + equal(lastbeat,0)*time;
per_frame_18=meanbass_att = 0.1*(meanbass_att*9 + bass_att);
per_frame_19=peakbass_att = max(bass_att,peakbass_att);
per_frame_20=beat = above(volume,0.8)*below(peakbass_att - bass_att, 0.05*peakbass_att)*above(time - lastbeat, 0.1 + 0.5*(beatrate - 0.1));
per_frame_21=beatrate = max(if(beat,if(below(time-lastbeat,2*beatrate),0.1*(beatrate*9 + time - lastbeat),beatrate),beatrate),0.1);
per_frame_22=peakbass_att = beat*bass_att + (1-beat)*peakbass_att*(above(time - lastbeat, 2*beatrate)*0.99 + (1-above(time - lastbeat, 2*beatrate))*0.998);
per_frame_23=lastbeat = beat*time + (1-beat)*lastbeat;
per_frame_24=peakbass_att = max(peakbass_att,1.1*meanbass_att);
per_frame_25=mode = if(beat,abs(mode-1),mode);
per_frame_26=
per_frame_27=q1 = if(framehalf,x1,x2);
per_frame_28=q2 = if(framehalf,y1,y2);
per_frame_29=q3 = equal(mode,framehalf)*(0.5*sin(0.814*time) + 0.5*(0.654*time));
per_frame_30=
per_frame_31=q4 = equal(mode,framehalf)*(5 + 0.2*sin(time*0.385) + 0.2*sin(time*0.641) + 0.2*sin(time*0.846));
per_frame_32=q5 = 8 - 6*equal(mode,framehalf);
per_frame_33=
per_frame_34=wave_x = q1;
per_frame_35=wave_y = 1-q2;
per_frame_36=wave_r = if(framehalf,r1,r2);
per_frame_37=wave_g = if(framehalf,g1,g2);
per_frame_38=wave_b = if(framehalf,b1,b2);
per_pixel_1=newx = x - q1;
per_pixel_2=newy = y - q2;
per_pixel_3=newrad = sqrt((newx)*(newx)+0.5625*(newy)*(newy))*2;
per_pixel_4=newang = atan2(newx,newy);
per_pixel_5=newzoom = pow(1.04 + 0.05*sin(q4*(newang+q3)), pow((0.01-0.2*newrad)+sin(newrad*newrad), newrad*q5-1));
per_pixel_6=dx = (newx)*newzoom - newx;
per_pixel_7=dy = (newy)*newzoom - newy;
