[preset00]
fRating=3.000000
fGammaAdj=2.000000
fDecay=0.970000
fVideoEchoZoom=3.012137
fVideoEchoAlpha=0.500000
nVideoEchoOrientation=3
nWaveMode=7
bAdditiveWaves=1
bWaveDots=0
bModWaveAlphaByVolume=0
bMaximizeWaveColor=0
bTexWrap=1
bDarkenCenter=0
bMotionVectorsOn=0
bRedBlueStereo=0
nMotionVectorsX=12
nMotionVectorsY=9
bBrighten=0
bDarken=1
bSolarize=0
bInvert=0
fWaveAlpha=100.000000
fWaveScale=100.000000
fWaveSmoothing=0.630000
fWaveParam=1.000000
fModWaveAlphaStart=0.750000
fModWaveAlphaEnd=0.950000
fWarpAnimSpeed=1.000000
fWarpScale=2.853000
fZoomExponent=1.000000
fShader=1.000000
zoom=1.005185
rot=0.040000
cx=0.500000
cy=0.500000
dx=0.000000
dy=0.000000
warp=1.805540
sx=1.000000
sy=1.000000
wave_r=0.500000
wave_g=0.500000
wave_b=0.500000
wave_x=0.500000
wave_y=0.500000
ob_size=0.010000
ob_r=0.000000
ob_g=0.000000
ob_b=0.000000
ob_a=0.000000
ib_size=0.010000
ib_r=0.250000
ib_g=0.250000
ib_b=0.250000
ib_a=0.000000
per_frame_1=wave_r = wave_r + 0.400*( 0.60*cos(0.900*time) + 0.40*cos(1.1*time) );
per_frame_2=wave_g = wave_g + 0.400*( 0.60*cos(0.910*time) + 0.40*cos(1.5*time) );
per_frame_3=wave_b = wave_b + 0.400*( 0.60*cos(0.920*time) + 0.40*cos(2.0*time) );
per_frame_4=zoom = zoom + 0.1*( 0.60*cos(0.339*time) + 0.40*sin(0.276*time) );
per_frame_5=warp=0;
per_pixel_1=zoom=zoom-abs(rad-.5)*cos(max(mid_att-1.2,rad*2*cos(time*.791))*10*sin(time*.2))*.2;
per_pixel_2=warp = abs(1-zoom)*30;
