[preset00]
fGammaAdj=1.500000
fDecay=0.990000
fVideoEchoZoom=2.000000
fVideoEchoAlpha=0.000000
nVideoEchoOrientation=0
nWaveMode=6
bAdditiveWaves=0
bWaveDots=1
bModWaveAlphaByVolume=1
bMaximizeWaveColor=0
bTexWrap=1
bDarkenCenter=1
bRedBlueStereo=0
bBrighten=0
bDarken=0
bSolarize=0
bInvert=0
fWaveAlpha=0.398652
fWaveScale=1.511983
fWaveSmoothing=0.340000
fWaveParam=0.400000
fModWaveAlphaStart=1.750000
fModWaveAlphaEnd=1.550000
fWarpAnimSpeed=1.000000
fWarpScale=1.734735
fZoomExponent=0.100000
fShader=0.000000
zoom=1.064000
rot=0.000000
cx=0.500000
cy=0.500000
dx=0.000000
dy=0.000000
warp=0.022167
sx=1.000000
sy=1.000000
wave_r=0.500000
wave_g=0.500000
wave_b=0.500000
wave_x=0.500000
wave_y=0.500000
ob_size=0.010000
ob_r=0.000000
ob_g=0.000000
ob_b=0.000000
ob_a=0.000000
ib_size=0.010000
ib_r=0.250000
ib_g=0.250000
ib_b=0.250000
ib_a=0.000000
nMotionVectorsX=6.000000
nMotionVectorsY=6.000000
mv_l=0.900000
mv_r=0.199900
mv_g=0.200000
mv_b=0.200000
mv_a=1.000000
per_frame_1=wave_r = wave_r + 0.500*( 0.60*sin(0.933*time) + 0.40*sin(1.045*time) );
per_frame_2=wave_g = wave_g + 0.500*( 0.60*sin(0.900*time) + 0.40*sin(0.956*time) );
per_frame_3=wave_b = wave_b + 0.500*( 0.60*sin(0.910*time) + 0.40*sin(0.920*time) );
per_frame_4=zoom = zoom + 0.013*( 0.60*sin(0.339*time) + 0.40*sin(0.276*time) );
per_frame_5=rot = rot + 0.040*( 0.60*sin(0.381*time) + 0.40*sin(0.579*time) );
per_frame_6=wave_mystery = bass_att;
per_frame_7=mv_r = mv_r + bass*.5;
per_frame_8=mv_g = mv_g + treb*.5;
per_frame_9=mv_b = mv_b + mid_att*.5;
per_frame_10=range = (bass_att*.3)*sin(time*.888);
per_frame_11=mv_x = mv_x + range*sin(time*2.33);
per_frame_12=mv_y = mv_y + range*cos(time*2);
per_pixel_1=zoom=zoom+0.07*sin(rad*20+time*2.5);
