[preset00]
fRating=3.000000
fGammaAdj=1.000000
fDecay=0.963999
fVideoEchoZoom=1.902700
fVideoEchoAlpha=0.000000
nVideoEchoOrientation=0
nWaveMode=0
bAdditiveWaves=1
bWaveDots=0
bModWaveAlphaByVolume=1
bMaximizeWaveColor=0
bTexWrap=1
bDarkenCenter=0
bRedBlueStereo=0
bBrighten=0
bDarken=0
bSolarize=0
bInvert=0
fWaveAlpha=4.099998
fWaveScale=81.000000
fWaveSmoothing=0.000000
fWaveParam=0.000000
fModWaveAlphaStart=0.240000
fModWaveAlphaEnd=1.199999
fWarpAnimSpeed=1.000000
fWarpScale=1.331000
fZoomExponent=1.000000
fShader=0.742800
zoom=1.009514
rot=0.000000
cx=0.500000
cy=0.500000
dx=0.000000
dy=0.000000
warp=0.010000
sx=1.000000
sy=1.000000
wave_r=0.650000
wave_g=0.650000
wave_b=0.650000
wave_x=0.500000
wave_y=0.500000
ob_size=0.500000
ob_r=0.290000
ob_g=0.000000
ob_b=0.000000
ob_a=0.000000
ib_size=0.260000
ib_r=0.250000
ib_g=0.250000
ib_b=0.250000
ib_a=0.000000
nMotionVectorsX=28.000000
nMotionVectorsY=9.000000
mv_l=0.900000
mv_r=1.000000
mv_g=1.000000
mv_b=1.000000
mv_a=0.000000
per_frame_1=wave_r = wave_r + 0.400*( 0.60*sin(0.933*time) + 0.40*sin(1.045*time) );
per_frame_2=wave_g = wave_g + 0.400*( 0.60*sin(0.900*time) + 0.40*sin(0.956*time) );
per_frame_3=wave_b = wave_b + 0.400*( 0.60*sin(0.910*time) + 0.40*sin(0.920*time) );
per_frame_4=zoom = zoom + 0.023*( 0.60*sin(0.339*time) + 0.40*sin(0.276*time) );
per_frame_4=rot = rot + 0.030*( 0.60*sin(0.381*time) + 0.40*sin(0.479*time) );
per_frame_6=cx = cx + 0.070*( 0.60*sin(0.374*time) + 0.40*sin(0.294*time) );
per_frame_7=cy = cy + 0.070*( 0.60*sin(0.393*time) + 0.40*sin(0.223*time) );
per_pixel_1=zoom=zoom-max(0,(bass-1.2))*sin(time*1.4+rad*6);
