[preset00] 
fRating=3.000000 
fGammaAdj=2.000000 
fDecay=0.990000 
fVideoEchoZoom=2.781671 
fVideoEchoAlpha=0.000000 
nVideoEchoOrientation=0 
nWaveMode=0 
bAdditiveWaves=0 
bWaveDots=0 
bModWaveAlphaByVolume=0 
bMaximizeWaveColor=1 
bTexWrap=1 
bDarkenCenter=0 
bMotionVectorsOn=0 
bRedBlueStereo=0 
nMotionVectorsX=12 
nMotionVectorsY=9 
bBrighten=0 
bDarken=0 
bSolarize=0 
bInvert=0 
fWaveAlpha=7.740000 
fWaveScale=0.098609 
fWaveSmoothing=0.800000 
fWaveParam=-0.380000 
fModWaveAlphaStart=0.750000 
fModWaveAlphaEnd=0.950000 
fWarpAnimSpeed=1.000000 
fWarpScale=1.077444 
fZoomExponent=1.006290 
fShader=0.190000 
zoom=1.040200 
rot=0.000000 
cx=0.500000 
cy=0.500000 
dx=0.000000 
dy=0.000000 
warp=0.010000 
sx=1.000000 
sy=1.000000 
wave_r=0.500000 
wave_g=0.500000 
wave_b=0.500000 
wave_x=0.500000 
wave_y=0.500000 
ob_size=0.010000 
ob_r=0.000000 
ob_g=0.000000 
ob_b=0.000000 
ob_a=0.000000 
ib_size=0.015000 
ib_r=0.550000 
ib_g=1.000000 
ib_b=0.499900 
ib_a=0.000000 
per_frame_1=wave_r = wave_r + 0.500*( 0.60*sin(0.823*time) + 0.40*sin(0.916*time) ); 
per_frame_2=wave_g = wave_g + 0.500*( 0.60*sin(0.900*time) + 0.40*sin(1.023*time) ); 
per_frame_3=wave_b = wave_b + 0.500*( 0.60*sin(0.808*time) + 0.40*sin(0.949*time) ); 
per_frame_4=zoom = zoom + 0.020*( 0.60*sin(0.239*time) + 0.20*sin(0.296*time) ); 
per_pixel_1=dx=rad*sin(ang*10)*.2*pow(rad,3); 