[preset00]
fRating=3.000000
fGammaAdj=1.000000
fDecay=1.000000
fVideoEchoZoom=1.000000
fVideoEchoAlpha=1.000000
nVideoEchoOrientation=0
nWaveMode=6
bAdditiveWaves=0
bWaveDots=0
bModWaveAlphaByVolume=0
bMaximizeWaveColor=0
bTexWrap=0
bDarkenCenter=0
bMotionVectorsOn=0
bRedBlueStereo=0
nMotionVectorsX=0
nMotionVectorsY=0
bBrighten=0
bDarken=0
bSolarize=0
bInvert=0
fWaveAlpha=1.000000
fWaveScale=3.000000
fWaveSmoothing=0.000000
fWaveParam=0.000000
fModWaveAlphaStart=0.000000
fModWaveAlphaEnd=1.000000
fWarpAnimSpeed=1.000000
fWarpScale=1.000000
fZoomExponent=1.000000
fShader=0.000000
zoom=1.0
rot=0.000000
cx=0.500000
cy=0.500000
dx=0.000000
dy=0.000000
warp=0.000000
sx=1.000000
sy=1.000000
wave_r=0.50000
wave_g=0.50000
wave_b=0.50000
wave_x=0.500000
wave_y=0.500000
ob_size=0.500000
ob_r=0.010000
ob_g=0.000000
ob_b=0.000000
ob_a=0.000000
ib_size=0.000000
per_frame_1=wave_r=bass_att-0.5;
per_frame_2=wave_b=mid_att-0.5;
per_frame_3=wave_g=treb_att-0.5;
per_frame_4=cx=(((sin(time/1.9)+1)/2)*0.8)+0.1;
per_frame_5=cy=(((sin(time/3.1)+1)/2)*0.8)+0.1;
per_pixel_1=rot=1-rad;
