[preset00]
fRating=3.000000
fGammaAdj=2.400000
fDecay=1.000000
fVideoEchoZoom=0.999603
fVideoEchoAlpha=0.500000
nVideoEchoOrientation=2
nWaveMode=2
bAdditiveWaves=1
bWaveDots=0
bWaveThick=0
bModWaveAlphaByVolume=0
bMaximizeWaveColor=1
bTexWrap=1
bDarkenCenter=0
bRedBlueStereo=0
bBrighten=0
bDarken=0
bSolarize=0
bInvert=0
fWaveAlpha=100.000000
fWaveScale=0.389574
fWaveSmoothing=0.630000
fWaveParam=0.000000
fModWaveAlphaStart=0.710000
fModWaveAlphaEnd=1.300000
fWarpAnimSpeed=1.000000
fWarpScale=1.331000
fZoomExponent=1.000000
fShader=0.000000
zoom=0.997527
rot=0.000000
cx=0.500000
cy=0.500000
dx=0.000000
dy=0.000000
warp=0.010000
sx=1.000000
sy=1.000000
wave_r=0.650000
wave_g=0.650000
wave_b=0.650000
wave_x=0.670000
wave_y=0.500000
ob_size=0.000000
ob_r=1.000000
ob_g=0.000000
ob_b=0.000000
ob_a=0.000000
ib_size=0.500000
ib_r=1.000000
ib_g=0.250000
ib_b=0.250000
ib_a=0.000000
nMotionVectorsX=30.079998
nMotionVectorsY=0.000000
mv_dx=0.320000
mv_dy=0.420000
mv_l=3.199998
mv_r=1.000000
mv_g=1.000000
mv_b=1.000000
mv_a=0.400000
per_frame_1=wave_R = .3+.6*sin(time*2);
per_frame_2=wave_G = .3+.55*sin(time*1.8);
per_frame_3=wave_B = (wave_r-.3)+.4*sin(time*5);
per_frame_4=wave_mystery = 2*sin(time/10);
per_frame_5=wave_x = abs(sin(time/2)+max(bass_att-1.3,0));
per_frame_6=wave_y = abs(sin(time));
per_frame_7=ib_r = wave_color*sin(time*.9);
per_frame_8=ib_g = wave_color*sin(Time*.85);
per_frame_9=ib_b = wave_color*sin(time*.78);
per_frame_10=wave_color = max(q1,q2);
per_frame_11=q1 = .7+.3*sin(time*2);
per_frame_12=q2 = .6+.4*sin(time*1.5);
per_frame_13=dx = -sin(0.2*time+max(bass_att-1.3,0)*10)*.02;
per_frame_14=dy = dx;
per_frame_15=decay = if(above(frame%30,4),1.00,.900);
per_frame_16=monitor = decay;
per_pixel_1=rot = antirot&rad/-ang;
