[preset00]
fRating=3.000000
fGammaAdj=1.000000
fDecay=1.000000
fVideoEchoZoom=1.010159
fVideoEchoAlpha=0.000000
nVideoEchoOrientation=0
nWaveMode=6
bAdditiveWaves=1
bWaveDots=0
bModWaveAlphaByVolume=0
bMaximizeWaveColor=0
bTexWrap=0
bDarkenCenter=0
bMotionVectorsOn=0
bRedBlueStereo=0
nMotionVectorsX=12
nMotionVectorsY=9
bBrighten=0
bDarken=0
bSolarize=0
bInvert=1
fWaveAlpha=4.099998
fWaveScale=3.209179
fWaveSmoothing=0.630000
fWaveParam=0.000000
fModWaveAlphaStart=0.710000
fModWaveAlphaEnd=1.300000
fWarpAnimSpeed=1.000000
fWarpScale=1.331000
fZoomExponent=1.000000
fShader=1.000000
zoom=0.999514
rot=0.000000
cx=0.500000
cy=0.500000
dx=-1.000000
dy=0.000000
warp=0.010000
sx=1.000000
sy=1.000000
wave_r=1.000000
wave_g=1.000000
wave_b=0.000000
wave_x=1.000000
wave_y=0.500000
ob_size=0.500000
ob_r=0.010000
ob_g=0.000000
ob_b=0.000000
ob_a=0.000000
ib_size=0.260000
ib_r=0.250000
ib_g=0.250000
ib_b=0.250000
ib_a=0.000000
per_frame_1=dy=0.03*(bass_att);
per_frame_2=wave_r=0.9*bass_att;
per_frame_3=wave_g=0.7*mid_att;
per_frame_4=wave_b=0.1*treb_att;
per_frame_5=decay=1-0.001*sin(0.1*(time));
per_frame_6=wave_x=1.050000199999999;
per_pixel_1=dx=(bass_att*(0.0155*cos(time)))*sin(((bass_att*0.5+(sin(time)))*(10))*y);
per_pixel_2=zoom=1.0019+((0.2*bass_att)*(y));
