[preset00]
fRating=3.000000
fGammaAdj=1.000000
fDecay=0.999000
fVideoEchoZoom=1.006596
fVideoEchoAlpha=0.000000
nVideoEchoOrientation=3
nWaveMode=0
bAdditiveWaves=0
bWaveDots=0
bModWaveAlphaByVolume=0
bMaximizeWaveColor=0
bTexWrap=0
bDarkenCenter=0
bMotionVectorsOn=0
bRedBlueStereo=0
nMotionVectorsX=12
nMotionVectorsY=9
bBrighten=0
bDarken=0
bSolarize=0
bInvert=0
fWaveAlpha=4.099998
fWaveScale=1.043297
fWaveSmoothing=0.630000
fWaveParam=-0.500000
fModWaveAlphaStart=0.710000
fModWaveAlphaEnd=1.300000
fWarpAnimSpeed=1.000000
fWarpScale=1.331000
fZoomExponent=1.000000
fShader=0.000000
zoom=0.999514
rot=0.000000
cx=0.500000
cy=0.500000
dx=0.000000
dy=0.000000
warp=0.010000
sx=1.000000
sy=1.000000
wave_r=0.700000
wave_g=0.000000
wave_b=0.700000
wave_x=0.500000
wave_y=0.500000
ob_size=0.500000
ob_r=0.010000
ob_g=0.000000
ob_b=0.000000
ob_a=0.000000
ib_size=0.260000
ib_r=0.250000
ib_g=0.250000
ib_b=0.250000
ib_a=0.000000
per_frame_1=wave_mystery=max(0.5*bass_att-1,-0.5);
per_frame_2=wave_size=bass_att-1;
per_frame_3=zoom=1+max((bass_att)-1,-0.999999999999999);
per_frame_4=wave_g=wave_g+(bass_att-(1+0.5*sin(time)));
per_frame_5=wave_r=wave_r-(bass_att-1)
per_pixel_1=dx=max(1-(bass_att*bass_att),0)*(0-(0.1*sin(y*time+rad)) )
