[preset00]
fRating=3.000000
fGammaAdj=1.000000
fDecay=0.991000
fVideoEchoZoom=0.999998
fVideoEchoAlpha=0.260000
nVideoEchoOrientation=2
nWaveMode=7
bAdditiveWaves=1
bWaveDots=0
bWaveThick=0
bModWaveAlphaByVolume=1
bMaximizeWaveColor=0
bTexWrap=0
bDarkenCenter=0
bRedBlueStereo=0
bBrighten=0
bDarken=0
bSolarize=0
bInvert=0
fWaveAlpha=4.099998
fWaveScale=1.378444
fWaveSmoothing=0.900000
fWaveParam=0.000000
fModWaveAlphaStart=0.350000
fModWaveAlphaEnd=1.020000
fWarpAnimSpeed=1.000000
fWarpScale=1.331000
fZoomExponent=1.000000
fShader=0.000000
zoom=1.000000
rot=0.000000
cx=0.500000
cy=0.500000
dx=0.000000
dy=0.000000
warp=0.010000
sx=1.000000
sy=1.000000
wave_r=0.750000
wave_g=0.750000
wave_b=0.750000
wave_x=0.500000
wave_y=0.500000
ob_size=0.500000
ob_r=0.010000
ob_g=0.000000
ob_b=0.000000
ob_a=0.000000
ib_size=0.260000
ib_r=0.250000
ib_g=0.250000
ib_b=0.250000
ib_a=0.000000
nMotionVectorsX=20.479998
nMotionVectorsY=22.559986
mv_dx=0.000000
mv_dy=0.000000
mv_l=0.900000
mv_r=1.000000
mv_g=1.000000
mv_b=1.000000
mv_a=0.000000
per_frame_1=sx=1+sin(time*1.52)*.025;
per_frame_2=sy=1+cos(time*1.22)*.025;
per_frame_3=cx=sin(time)*.05;
per_frame_4=cy=cos(time*1.12)*.04;
per_pixel_1=rot=sin(rad*.01);
per_pixel_2=zoom=zoom+sin(ang)*.05;
per_pixel_3=warp=cos(x*3.14);
