[preset00]
fRating=3.000000
fGammaAdj=1.070000
fDecay=0.951001
fVideoEchoZoom=1.000000
fVideoEchoAlpha=0.000000
nVideoEchoOrientation=3
nWaveMode=0
bAdditiveWaves=1
bWaveDots=0
bWaveThick=1
bModWaveAlphaByVolume=1
bMaximizeWaveColor=0
bTexWrap=1
bDarkenCenter=0
bRedBlueStereo=0
bBrighten=1
bDarken=0
bSolarize=0
bInvert=0
fWaveAlpha=4.099998
fWaveScale=1.074906
fWaveSmoothing=0.089900
fWaveParam=0.000000
fModWaveAlphaStart=0.230000
fModWaveAlphaEnd=1.000000
fWarpAnimSpeed=1.000000
fWarpScale=1.331000
fZoomExponent=4.722000
fShader=0.100000
zoom=1.000000
rot=0.000000
cx=0.500000
cy=0.500000
dx=0.000000
dy=0.000000
warp=0.010000
sx=1.010000
sy=1.000000
wave_r=0.650000
wave_g=0.000000
wave_b=0.000000
wave_x=0.500000
wave_y=0.380000
ob_size=0.500000
ob_r=0.010000
ob_g=0.000000
ob_b=0.000000
ob_a=0.000000
ib_size=0.260000
ib_r=0.250000
ib_g=0.250000
ib_b=0.250000
ib_a=0.000000
nMotionVectorsX=12.000000
nMotionVectorsY=9.000000
mv_dx=0.000000
mv_dy=0.000000
mv_l=0.900000
mv_r=1.000000
mv_g=1.000000
mv_b=1.000000
mv_a=0.000000
per_frame_1=wave_x=sin(time*2)*.2+.5;
per_frame_2=wave_y=cos(time*2)*.15+.5;
per_frame_3=wave_r=sin(bass*.3);
per_frame_4=wave_g=sin(mid*.3);
per_frame_5=wave_b=sin(treb*.3);
per_frame_6=zoomexp=bass*5;
per_pixel_1=zoom=zoom+sin(-y*3)*(-abs(sin(time*.1)*.04));
per_pixel_2=rot=rot+sin(rad)*.02*bass_att;
per_pixel_3=warp=sin(y*3.14)*.25;
