[preset00]
fRating=0.000000
fGammaAdj=2.000965
fDecay=0.976000
fVideoEchoZoom=0.996822
fVideoEchoAlpha=0.009709
nVideoEchoOrientation=3
nWaveMode=6
bAdditiveWaves=1
bWaveDots=0
bWaveThick=0
bModWaveAlphaByVolume=0
bMaximizeWaveColor=1
bTexWrap=1
bDarkenCenter=0
bRedBlueStereo=0
bBrighten=0
bDarken=0
bSolarize=0
bInvert=0
fWaveAlpha=4.085387
fWaveScale=4.096824
fWaveSmoothing=0.884258
fWaveParam=-0.658428
fModWaveAlphaStart=0.707566
fModWaveAlphaEnd=1.305818
fWarpAnimSpeed=1.007194
fWarpScale=1.333175
fZoomExponent=0.987406
fShader=0.019345
zoom=1.061946
rot=0.011099
cx=0.506034
cy=0.516606
dx=0.006254
dy=0.010716
warp=0.202669
sx=1.018570
sy=1.017247
wave_r=0.927073
wave_g=0.436901
wave_b=0.852426
wave_x=0.458328
wave_y=0.020688
ob_size=0.000000
ob_r=0.595838
ob_g=0.751773
ob_b=0.819309
ob_a=0.000000
ib_size=0.000000
ib_r=0.693659
ib_g=0.989011
ib_b=0.952991
ib_a=0.000000
nMotionVectorsX=12.019497
nMotionVectorsY=9.009280
mv_dx=-0.797591
mv_dy=0.244420
mv_l=3.304451
mv_r=0.677260
mv_g=0.818422
mv_b=0.061621
mv_a=0.019463
per_frame_1=wave_r = min(1,max(0,0.4*bass));
per_frame_2=wave_g = min(1,max(0,0.4*mid));
per_frame_3=wave_b = min(1,max(0,0.4*treb));
per_frame_4=rot = rot + 0.030*( 0.60*sin(0.381*time) + 0.40*sin(0.479*time) );
per_frame_5=cx = cx + 0.110*( 0.60*sin(0.374*time) + 0.40*sin(0.294*time) );
per_frame_6=cy = cy + 0.110*( 0.60*sin(0.393*time) + 0.40*sin(0.223*time) );
per_frame_7=zoom=zoom+0.05+0.05*sin(time*0.133);
per_frame_8=decay=decay-0.03*pow(0.5+0.5*sin(time*1.5),3.8);
per_frame_9=dy = above(65.32088518*sin(mv_l - treb_att) , ob_g - mv_b);
per_pixel_1=zoom=(zoom-1.0)*rad+1.0;
per_pixel_2=
