[preset00]
fRating=3.000000
fGammaAdj=1.000000
fDecay=0.985000
fVideoEchoZoom=1.000000
fVideoEchoAlpha=0.000000
nVideoEchoOrientation=3
nWaveMode=7
bAdditiveWaves=0
bWaveDots=0
bWaveThick=0
bModWaveAlphaByVolume=1
bMaximizeWaveColor=0
bTexWrap=0
bDarkenCenter=0
bRedBlueStereo=0
bBrighten=0
bDarken=0
bSolarize=0
bInvert=0
fWaveAlpha=4.099998
fWaveScale=1.064267
fWaveSmoothing=0.630000
fWaveParam=0.000000
fModWaveAlphaStart=0.410000
fModWaveAlphaEnd=1.140000
fWarpAnimSpeed=1.488855
fWarpScale=0.809298
fZoomExponent=1.000000
fShader=0.000000
zoom=1.010000
rot=-0.004000
cx=0.500000
cy=0.500000
dx=0.000000
dy=0.000000
warp=0.010000
sx=1.010000
sy=1.000000
wave_r=0.650000
wave_g=0.650000
wave_b=0.650000
wave_x=0.500000
wave_y=0.500000
ob_size=0.500000
ob_r=0.010000
ob_g=0.000000
ob_b=0.000000
ob_a=0.000000
ib_size=0.260000
ib_r=0.250000
ib_g=0.250000
ib_b=0.250000
ib_a=0.000000
nMotionVectorsX=63.983360
nMotionVectorsY=2.425892
mv_dx=0.613713
mv_dy=0.376964
mv_l=4.989496
mv_r=0.946802
mv_g=0.937650
mv_b=0.045368
mv_a=0.000000
per_frame_1=wave_r=abs(sin(bass_att+sin(time*.973)))+.2;
per_frame_2=wave_g=abs(sin(treb_att+sin(time*.677)))+.2;
per_frame_3=wave_b=abs(sin(mid_att+sin(time*.751)))+.2;
per_frame_4=wave_mystery=sin(time*1.13)+cos(bass_att+time*sin(time));
per_frame_5=rot=rot+sin(bass*time)*.01;
per_pixel_1=warp=1/(sin(ang/rad)+bass_att)*.5;
