[preset00]
fRating=3.000000
fGammaAdj=1.000000
fDecay=0.989000
fVideoEchoZoom=1.321289
fVideoEchoAlpha=0.500000
nVideoEchoOrientation=3
nWaveMode=7
bAdditiveWaves=1
bWaveDots=1
bWaveThick=0
bModWaveAlphaByVolume=1
bMaximizeWaveColor=0
bTexWrap=1
bDarkenCenter=0
bRedBlueStereo=0
bBrighten=1
bDarken=0
bSolarize=0
bInvert=0
fWaveAlpha=58.423721
fWaveScale=4.687422
fWaveSmoothing=0.000000
fWaveParam=0.000000
fModWaveAlphaStart=0.270000
fModWaveAlphaEnd=0.840000
fWarpAnimSpeed=1.000000
fWarpScale=1.331000
fZoomExponent=0.224798
fShader=1.000000
zoom=1.000000
rot=0.000000
cx=0.500000
cy=0.500000
dx=-0.000000
dy=0.000000
warp=0.010000
sx=1.000000
sy=0.999998
wave_r=0.650000
wave_g=0.650000
wave_b=0.650000
wave_x=0.500000
wave_y=0.500000
ob_size=0.390000
ob_r=0.150000
ob_g=0.000000
ob_b=0.000000
ob_a=0.000000
ib_size=0.000000
ib_r=0.250000
ib_g=0.250000
ib_b=0.250000
ib_a=0.000000
nMotionVectorsX=12.000000
nMotionVectorsY=9.000000
mv_dx=0.000000
mv_dy=0.000000
mv_l=0.900000
mv_r=1.000000
mv_g=1.000000
mv_b=1.000000
mv_a=0.000000
per_frame_1=q1=sin(time*1.432)*.012;
per_frame_2=q2=sin(time+bass*2)*12;
per_frame_3=dx=q1;
per_frame_4=q3=frame%2;
per_frame_5=wave_r=if(q3,.75,sin(time+bass_att));
per_frame_6=wave_g=if(q3,.75,sin(time+mid_att));
per_frame_7=wave_b=if(q3,.75,sin(time+treb_att));
per_frame_8=wave_mystery=bass_att;
per_pixel_1=zoom=zoom+y/q2;
per_pixel_2=rot=rot+bass_att*sin(rad*2+treb_att)*.02;
per_pixel_3=
