[preset00]
fRating=3.000000
fGammaAdj=1.000000
fDecay=0.947999
fVideoEchoZoom=1.000000
fVideoEchoAlpha=0.000000
nVideoEchoOrientation=3
nWaveMode=7
bAdditiveWaves=0
bWaveDots=0
bWaveThick=1
bModWaveAlphaByVolume=1
bMaximizeWaveColor=0
bTexWrap=1
bDarkenCenter=0
bRedBlueStereo=0
bBrighten=0
bDarken=0
bSolarize=0
bInvert=0
fWaveAlpha=100.000000
fWaveScale=1.498838
fWaveSmoothing=0.630000
fWaveParam=0.140000
fModWaveAlphaStart=0.610000
fModWaveAlphaEnd=1.480000
fWarpAnimSpeed=1.000000
fWarpScale=1.331000
fZoomExponent=0.359494
fShader=0.000000
zoom=0.905287
rot=0.040000
cx=0.500000
cy=0.500000
dx=0.000000
dy=0.000000
warp=0.010000
sx=1.030301
sy=1.030301
wave_r=0.000000
wave_g=0.710000
wave_b=0.970000
wave_x=0.500000
wave_y=0.500000
ob_size=0.250000
ob_r=0.010000
ob_g=0.000000
ob_b=0.000000
ob_a=0.000000
ib_size=0.020000
ib_r=0.250000
ib_g=0.250000
ib_b=0.250000
ib_a=0.260000
nMotionVectorsX=25.439993
nMotionVectorsY=16.679993
mv_dx=0.000000
mv_dy=0.000000
mv_l=0.250000
mv_r=1.000000
mv_g=1.000000
mv_b=1.000000
mv_a=0.300000
per_frame_1=ib_r=bass_att;
per_frame_2=ib_g=mid_att;
per_frame_3=ib_b=treb_att;
per_frame_4=zoomexp=abs(sin(bass_att+time))*.2;
per_frame_5=wave_mystery=sin(treb);
per_frame_6=rot=sin(bass_att+time)*.05;
