[preset00]
fRating=3.000000
fGammaAdj=1.000000
fDecay=0.976100
fVideoEchoZoom=1.000000
fVideoEchoAlpha=0.000000
nVideoEchoOrientation=3
nWaveMode=2
bAdditiveWaves=1
bWaveDots=0
bWaveThick=0
bModWaveAlphaByVolume=0
bMaximizeWaveColor=0
bTexWrap=1
bDarkenCenter=0
bRedBlueStereo=0
bBrighten=1
bDarken=0
bSolarize=0
bInvert=0
fWaveAlpha=100.000000
fWaveScale=0.413538
fWaveSmoothing=0.000000
fWaveParam=1.000000
fModWaveAlphaStart=0.710000
fModWaveAlphaEnd=1.300000
fWarpAnimSpeed=0.022700
fWarpScale=0.809200
fZoomExponent=0.999900
fShader=0.000000
zoom=1.030300
rot=0.000000
cx=0.500000
cy=0.500000
dx=0.000000
dy=-0.010000
warp=0.101596
sx=0.939237
sy=0.951400
wave_r=1.000000
wave_g=0.000000
wave_b=0.000000
wave_x=0.500000
wave_y=0.020000
ob_size=0.500000
ob_r=0.000000
ob_g=0.000000
ob_b=0.000000
ob_a=0.000000
ib_size=0.260000
ib_r=0.250000
ib_g=0.250000
ib_b=0.250000
ib_a=0.000000
nMotionVectorsX=12.000000
nMotionVectorsY=9.000000
mv_dx=0.000000
mv_dy=0.000000
mv_l=0.900000
mv_r=1.000000
mv_g=1.000000
mv_b=1.000000
mv_a=0.000000
per_frame_1=q2=(mid+q1)*.5;
per_frame_2=q1=mid;
per_frame_3=wave_x=sin(q2)*.5+.2;
per_frame_4=q3=frame%2;
per_frame_5=wave_g=if(q3,.1,.4);
per_frame_6=rot=sin(time*.453)*sin(time*.672)*.018;
