[preset00]
fGammaAdj=2.000000
fDecay=0.980000
fVideoEchoZoom=2.000000
fVideoEchoAlpha=0.000000
nVideoEchoOrientation=0
nWaveMode=3
bAdditiveWaves=0
bWaveDots=0
bModWaveAlphaByVolume=1
bMaximizeWaveColor=0
bTexWrap=1
bDarkenCenter=0
bMotionVectorsOn=0
bRedBlueStereo=0
nMotionVectorsX=12
nMotionVectorsY=9
bBrighten=0
bDarken=0
bSolarize=0
bInvert=0
fWaveAlpha=4.868656
fWaveScale=1.420825
fWaveSmoothing=0.900000
fWaveParam=0.000000
fModWaveAlphaStart=0.750000
fModWaveAlphaEnd=0.950000
fWarpAnimSpeed=1.000000
fWarpScale=1.000000
fZoomExponent=1.000000
fShader=0.000000
zoom=1.010000
rot=0.000000
cx=0.500000
cy=0.500000
dx=0.000000
dy=0.000000
warp=0.076000
sx=1.000000
sy=1.000000
wave_r=0.950000
wave_g=0.350000
wave_b=0.450000
wave_x=0.500000
wave_y=0.500000
per_frame_1=wave_r = wave_r + 0.000*( 0.60*sin(1.517*time) + 0.40*sin(1.580*time) );
per_frame_2=wave_g = wave_g + 0.300*( 0.60*sin(1.088*time) + 0.40*sin(1.076*time) );
per_frame_3=wave_b = wave_b + 0.300*( 0.60*sin(1.037*time) + 0.40*sin(0.922*time) );
per_frame_4=rot = rot + 0.040*( 0.60*sin(0.381*time) + 0.40*sin(0.579*time) );
per_frame_5=cx = cx + 0.110*( 0.60*sin(0.374*time) + 0.40*sin(0.294*time) );
per_frame_6=cy = cy + 0.110*( 0.60*sin(0.393*time) + 0.40*sin(0.223*time) );
per_pixel_1=q1=cos(1.41*time);
per_pixel_2=q2=time + 0.3*sin(time*1.47);
per_pixel_3=rot=rot+0.05*sin(rad*(13.5 + 5.5*sin(time*0.1623)) + q2*1.3 + q*1.31);
per_pixel_4=zoom=zoom+0.05*sin(ang*10.0 + rad*(7.5 + 1.5*sin(time*0.13)) + q2*1.63 + q);
per_pixel_5=cx=cx+0.2*sin(q1*0.5);
per_pixel_6=cy=cy+0.2*sin(q2*0.4);
per_pixel_7=zoom=zoom+0.05-0.05*rad;
fRating=1.000000
