[preset00]
fRating=1.000000
fGammaAdj=1.000000
fDecay=0.970000
fVideoEchoZoom=4.053647
fVideoEchoAlpha=0.000000
nVideoEchoOrientation=3
nWaveMode=0
bAdditiveWaves=0
bWaveDots=0
bWaveThick=0
bModWaveAlphaByVolume=0
bMaximizeWaveColor=0
bTexWrap=0
bDarkenCenter=0
bRedBlueStereo=0
bBrighten=0
bDarken=0
bSolarize=0
bInvert=0
fWaveAlpha=100.000000
fWaveScale=0.080814
fWaveSmoothing=0.000000
fWaveParam=0.000000
fModWaveAlphaStart=0.710000
fModWaveAlphaEnd=1.300000
fWarpAnimSpeed=1.000000
fWarpScale=1.331000
fZoomExponent=0.900000
fShader=0.000000
zoom=0.999514
rot=0.000000
cx=0.500000
cy=0.500000
dx=0.000000
dy=0.000000
warp=0.010000
sx=1.000000
sy=1.000000
wave_r=1.000000
wave_g=1.000000
wave_b=0.000000
wave_x=0.500000
wave_y=0.500000
ob_size=0.500000
ob_r=0.010000
ob_g=0.000000
ob_b=0.000000
ob_a=0.000000
ib_size=0.260000
ib_r=0.250000
ib_g=0.250000
ib_b=0.250000
ib_a=0.000000
nMotionVectorsX=64.000000
nMotionVectorsY=48.000000
mv_dx=0.000000
mv_dy=0.000000
mv_l=5.000000
mv_r=1.000000
mv_g=1.000000
mv_b=0.000000
mv_a=0.000000
per_frame_1=wave_g=0.9+0.1*sin(time);
per_frame_2=
per_frame_3=nahoda=int(rand(20));
per_frame_4=n_uhel=int(rand(628))/100-3.141;
per_frame_5=spoustime=above(bass_att,1.3);
per_frame_6=
per_frame_7=jedeme=spoustime*10+jedeme*(1-spoustime)*0.9;
per_frame_8=uhel=spoustime*n_uhel+uhel*(1-spoustime);
per_frame_9=
per_frame_10=q1=above(jedeme,1);
per_frame_11=q2=uhel;
per_pixel_1=r=rad;
per_pixel_2=r = if(below(abs(r-0.3),0.2+int(rand(3))*0.1*bass_att),1,0);
per_pixel_3=
per_pixel_4=uhel=if(below(abs(q2-ang),0.1),1,0);
per_pixel_5=
per_pixel_6=zoom=1+if(q1*r*uhel,0.2,0)+if(below(rad,0.34),-0.2,0);
per_pixel_7=
per_pixel_8=dx=if(q1*r*uhel,(x-0.5)*0.1,0);
per_pixel_9=dy=if(q1*r*uhel,(y-0.5)*0.1,0);
