[preset00]
fRating=3.000000
fGammaAdj=1.000000
fDecay=1.000000
fVideoEchoZoom=0.999609
fVideoEchoAlpha=0.000000
nVideoEchoOrientation=3
nWaveMode=7
bAdditiveWaves=1
bWaveDots=0
bModWaveAlphaByVolume=1
bMaximizeWaveColor=0
bTexWrap=1
bDarkenCenter=0
bRedBlueStereo=0
bBrighten=0
bDarken=0
bSolarize=0
bInvert=0
fWaveAlpha=0.003172
fWaveScale=1.285751
fWaveSmoothing=0.630000
fWaveParam=0.000000
fModWaveAlphaStart=0.710000
fModWaveAlphaEnd=1.300000
fWarpAnimSpeed=1.000000
fWarpScale=1.331000
fZoomExponent=0.900000
fShader=0.000000
zoom=0.999500
rot=0.000000
cx=0.500000
cy=0.500000
dx=0.000000
dy=0.000000
warp=0.010000
sx=1.000000
sy=1.000000
wave_r=0.650000
wave_g=0.650000
wave_b=0.650000
wave_x=0.500000
wave_y=0.500000
ob_size=0.020000
ob_r=1.000000
ob_g=0.800000
ob_b=0.900000
ob_a=1.000000
ib_size=0.020000
ib_r=0.000000
ib_g=0.000000
ib_b=0.000000
ib_a=1.000000
nMotionVectorsX=12.000000
nMotionVectorsY=9.000000
mv_l=0.900000
mv_r=1.000000
mv_g=1.000000
mv_b=1.000000
mv_a=0.000000
per_frame_1=ob_a=(sin(time)+1)*0.5;
per_frame_2=ib_a=(cos(time)+1)*0.5;
per_frame_3=dx = dx+0.1*cos(time)*sin(time*0.5);
per_frame_4=dy = dy+0.1*sin(time)*sin(time*0.5);
per_frame_5=zoom = zoom - 0.04*bass_att;
per_frame_6=ob_r=0.5+0.5*sin(time*0.5);
per_frame_7=ob_g=0.5+0.5*sin(time*0.6);
per_frame_8=ob_b=0.5+0.5*sin(time*0.7);
per_frame_9=ib_r=(1-ob_r)*0.5;
per_frame_10=ib_g=(1-ob_g)*0.5;
per_frame_11=ib_b=(1-ob_b)*0.5;
per_pixel_1=rot=-ang;
