[preset00]
fRating=3.000000
fGammaAdj=2.050000
fDecay=1.000000
fVideoEchoZoom=0.682841
fVideoEchoAlpha=0.350001
nVideoEchoOrientation=0
nWaveMode=2
bAdditiveWaves=1
bWaveDots=1
bWaveThick=1
bModWaveAlphaByVolume=0
bMaximizeWaveColor=1
bTexWrap=1
bDarkenCenter=0
bRedBlueStereo=0
bBrighten=0
bDarken=0
bSolarize=0
bInvert=0
fWaveAlpha=33.807667
fWaveScale=62.025867
fWaveSmoothing=0.900000
fWaveParam=0.000000
fModWaveAlphaStart=0.750000
fModWaveAlphaEnd=1.400000
fWarpAnimSpeed=1.001828
fWarpScale=1.008151
fZoomExponent=1.001828
fShader=0.000000
zoom=1.002331
rot=0.000000
cx=0.500000
cy=0.500000
dx=0.000000
dy=0.000000
warp=0.010000
sx=1.147367
sy=1.163092
wave_r=0.500000
wave_g=0.500000
wave_b=0.500000
wave_x=0.500000
wave_y=0.500000
ob_size=0.185000
ob_r=1.000000
ob_g=0.030000
ob_b=0.000000
ob_a=0.500000
ib_size=0.120000
ib_r=0.000000
ib_g=0.000000
ib_b=0.000000
ib_a=1.000000
nMotionVectorsX=6.400000
nMotionVectorsY=4.800000
mv_dx=0.000000
mv_dy=0.000000
mv_l=0.000000
mv_r=1.000000
mv_g=1.000000
mv_b=1.000000
mv_a=0.000000
per_frame_1=cx = bass_att*0.7;
per_frame_2=cy = treb_att*0.7;
per_frame_3=ob_size=above(bass,1)*0.04;
per_frame_4=ib_size=above(treb,1)*0.04;
per_frame_5=ob_r=max(mid_att,0.8);
per_frame_6=ob_g=max(treb_att,0.8);
per_frame_7=ob_b=max(bass_att,0.8);
