[preset00]
fRating=3.000000
fGammaAdj=1.000000
fDecay=1.000000
fVideoEchoZoom=1.006500
fVideoEchoAlpha=0.000000
nVideoEchoOrientation=1
nWaveMode=7
bAdditiveWaves=1
bWaveDots=0
bWaveThick=0
bModWaveAlphaByVolume=0
bMaximizeWaveColor=0
bTexWrap=0
bDarkenCenter=1
bRedBlueStereo=0
bBrighten=0
bDarken=1
bSolarize=0
bInvert=0
fWaveAlpha=100.000000
fWaveScale=0.010000
fWaveSmoothing=0.630000
fWaveParam=0.000000
fModWaveAlphaStart=0.710000
fModWaveAlphaEnd=1.300000
fWarpAnimSpeed=0.010000
fWarpScale=0.010000
fZoomExponent=100.000000
fShader=0.000000
zoom=1.000000
rot=0.002000
cx=0.500000
cy=0.500000
dx=0.000000
dy=0.000000
warp=0.591236
sx=1.000000
sy=1.000000
wave_r=0.650000
wave_g=0.650000
wave_b=0.650000
wave_x=0.500000
wave_y=0.120000
ob_size=0.050000
ob_r=0.010000
ob_g=0.000000
ob_b=0.000000
ob_a=0.000000
ib_size=0.260000
ib_r=0.250000
ib_g=0.250000
ib_b=0.250000
ib_a=0.000000
nMotionVectorsX=6.399900
nMotionVectorsY=18.599899
mv_dx=0.000000
mv_dy=0.000000
mv_l=2.000000
mv_r=0.600000
mv_g=0.590000
mv_b=0.500000
mv_a=0.000000
per_frame_1=wave_g = 0.35 + 0.3*sin(time*0.325);
per_frame_2=wave_b = 0.5 + 0.48*sin(time*0.984);
per_frame_3=mv_x = 64;
per_frame_4=mv_y = 48;
per_frame_5=mv_g = 0.35 - 0.3*sin(time*0.325);
per_frame_6=mv_b = 0.5 - 0.48*sin(time*0.984);
per_frame_7=wave_mystery = time/8;
per_frame_8=monitor = wave_mystery;
per_frame_9=bass_effect = max(max(bass,bass_att)-1.3,0);
per_frame_10=rot = 0.003 + if(above(bass_effect,0),0.8+bass_effect,0);
per_frame_11=zoom = 1.16+bass_effect;
per_pixel_1=sy = 1.0 + 0.05*(1-rad);
per_pixel_2=sx = 1.0 + 0.05*(1-rad);
per_frame_init_1=decay = 1.1;
