[preset00]
fRating=5.000000
fGammaAdj=2.000000
fDecay=0.990000
fVideoEchoZoom=0.999600
fVideoEchoAlpha=0.000000
nVideoEchoOrientation=0
nWaveMode=1
bAdditiveWaves=0
bWaveDots=0
bWaveThick=0
bModWaveAlphaByVolume=0
bMaximizeWaveColor=1
bTexWrap=0
bDarkenCenter=0
bRedBlueStereo=0
bBrighten=0
bDarken=0
bSolarize=0
bInvert=0
fWaveAlpha=0.800000
fWaveScale=0.040942
fWaveSmoothing=0.900000
fWaveParam=-0.280000
fModWaveAlphaStart=0.030000
fModWaveAlphaEnd=0.950000
fWarpAnimSpeed=0.396300
fWarpScale=0.720100
fZoomExponent=1.000000
fShader=0.000000
zoom=0.859600
rot=1.000000
cx=0.500000
cy=0.500000
dx=-0.002000
dy=-0.002000
warp=1.628300
sx=1.000000
sy=0.999999
wave_r=0.500000
wave_g=0.500000
wave_b=0.500000
wave_x=0.500000
wave_y=0.500000
ob_size=0.010000
ob_r=0.000000
ob_g=0.000000
ob_b=0.000000
ob_a=0.499900
ib_size=0.010000
ib_r=0.230000
ib_g=0.230000
ib_b=0.230000
ib_a=0.499900
nMotionVectorsX=1.000000
nMotionVectorsY=1.000000
mv_dx=0.000000
mv_dy=0.000000
mv_l=0.900000
mv_r=1.000000
mv_g=1.000000
mv_b=1.000000
mv_a=0.000000
per_frame_1=warp = 0;
per_frame_2=wave_r = 0.225*mid_att;
per_frame_3=wave_g = 0.213*treb_att;
per_frame_4=wave_b = 0.235*bass_att;
per_frame_5=wave_mystery = wave_mystery + 0.15*sin(0.5*time);
per_frame_6=cx = cx + 0.1*sin(0.2*time);
per_frame_7=cy = cy + 0.1*sin(0.4*time);
per_frame_8=decay = decay + 0.01*sin(time);
per_pixel_1=rot = rot + 0.3*sin(0.0009*time);
per_pixel_2=zoom = zoom +0.2*sin(0.25*time);
