[preset00]
fRating=1.000000
fGammaAdj=1.000000
fDecay=1.000000
fVideoEchoZoom=1.000000
fVideoEchoAlpha=0.000000
nVideoEchoOrientation=1
nWaveMode=0
bAdditiveWaves=0
bWaveDots=0
bWaveThick=1
bModWaveAlphaByVolume=0
bMaximizeWaveColor=0
bTexWrap=0
bDarkenCenter=0
bRedBlueStereo=0
bBrighten=0
bDarken=0
bSolarize=0
bInvert=0
fWaveAlpha=100.000000
fWaveScale=0.010000
fWaveSmoothing=0.900000
fWaveParam=1.000000
fModWaveAlphaStart=0.500000
fModWaveAlphaEnd=1.000000
fWarpAnimSpeed=1.000000
fWarpScale=1.000000
fZoomExponent=1.000000
fShader=0.000000
zoom=0.905287
rot=1.000000
cx=0.500000
cy=0.500000
dx=0.000010
dy=0.000010
warp=0.010000
sx=0.990099
sy=1.000000
wave_r=1.000000
wave_g=1.000000
wave_b=1.000000
wave_x=0.500000
wave_y=0.500000
ob_size=0.205000
ob_r=0.000000
ob_g=0.000000
ob_b=0.000000
ob_a=1.000000
ib_size=0.020000
ib_r=1.000000
ib_g=1.000000
ib_b=1.000000
ib_a=1.000000
nMotionVectorsX=64.000000
nMotionVectorsY=48.000000
mv_dx=0.000000
mv_dy=0.000000
mv_l=1.000000
mv_r=0.000000
mv_g=0.000000
mv_b=0.800000
mv_a=0.000000
per_frame_1=wave_y = wave_y + 0.2*sin(1.85*time);
per_frame_2=wave_b = -2;
per_frame_3=wave_r = +5;
per_frame_4=wave_g = -2;
per_frame_5=warp = 0;
per_pixel_1=dx = dx + if (below(x,0.5), if (above(bass,1.1),+ 0.05*(0.5-x), 0), 0);
per_pixel_2=dx = dx + if (above(x,0.5), if (above(treb,1.1), +0.05*(0.5-x), 0), 0);
per_pixel_3=rot = rot - 0.05*(0.5-x)*sin(3*bass);
