[preset00]
fRating=3.000000
fGammaAdj=1.000000
fDecay=1.000000
fVideoEchoZoom=0.999600
fVideoEchoAlpha=0.220000
nVideoEchoOrientation=1
nWaveMode=6
bAdditiveWaves=1
bWaveDots=0
bWaveThick=0
bModWaveAlphaByVolume=0
bMaximizeWaveColor=0
bTexWrap=1
bDarkenCenter=1
bRedBlueStereo=0
bBrighten=0
bDarken=0
bSolarize=0
bInvert=0
fWaveAlpha=0.011566
fWaveScale=100.000000
fWaveSmoothing=0.630000
fWaveParam=0.000000
fModWaveAlphaStart=0.710000
fModWaveAlphaEnd=1.300000
fWarpAnimSpeed=1.000000
fWarpScale=1.331000
fZoomExponent=0.905200
fShader=0.000000
zoom=1.045092
rot=0.006000
cx=0.500000
cy=0.500000
dx=0.000000
dy=0.000000
warp=0.010000
sx=0.905196
sy=0.905287
wave_r=1.000000
wave_g=1.000000
wave_b=1.000000
wave_x=0.500000
wave_y=0.500000
ob_size=0.050000
ob_r=1.000000
ob_g=0.000000
ob_b=0.000000
ob_a=1.000000
ib_size=0.010000
ib_r=0.250000
ib_g=0.250000
ib_b=0.250000
ib_a=1.000000
nMotionVectorsX=14.799999
nMotionVectorsY=16.400000
mv_dx=0.000000
mv_dy=0.000000
mv_l=0.400000
mv_r=1.000000
mv_g=1.000000
mv_b=1.000000
mv_a=0.000000
per_frame_1=ob_r=obr-.2*sin(time*.35);
per_frame_2=ob_g=obg+.2*sin(time*15);
per_frame_3=ob_b=obg-.1*sin(time*.25);
per_frame_4=echo_alpha=.3+.3*sin(time*.54);
per_frame_5=ib_r = 0&bass*.7;
per_frame_6=ib_g = 0&treb*.7;
per_frame_7=ib_b = 0&mid*.7;
per_pixel_1=rot = rot + rad*.1;
per_pixel_2=zoom = zoom + (bass*.03)*(abs((rad-1)*2)-.1);
per_frame_init_1=obr=rand(10);
per_frame_init_2=obg=rand(10);
per_frame_init_3=obb=rand(10);
