[preset00]
fRating=3.000000
fGammaAdj=1.000000
fDecay=1.000000
fVideoEchoZoom=1.000000
fVideoEchoAlpha=0.000000
nVideoEchoOrientation=0
nWaveMode=7
bAdditiveWaves=0
bWaveDots=0
bWaveThick=1
bModWaveAlphaByVolume=0
bMaximizeWaveColor=1
bTexWrap=0
bDarkenCenter=0
bRedBlueStereo=0
bBrighten=0
bDarken=1
bSolarize=0
bInvert=0
fWaveAlpha=100.000000
fWaveScale=1.310598
fWaveSmoothing=0.000000
fWaveParam=0.000000
fModWaveAlphaStart=0.500000
fModWaveAlphaEnd=1.000000
fWarpAnimSpeed=100.000000
fWarpScale=0.451118
fZoomExponent=1.000000
fShader=1.000000
zoom=0.970509
rot=0.080000
cx=0.500001
cy=0.500000
dx=0.000010
dy=0.000010
warp=0.010000
sx=1.000000
sy=1.000000
wave_r=1.000000
wave_g=1.000000
wave_b=1.000000
wave_x=0.500000
wave_y=0.963000
ob_size=0.005000
ob_r=0.500000
ob_g=0.000000
ob_b=0.000000
ob_a=1.000000
ib_size=0.015000
ib_r=1.000000
ib_g=0.600000
ib_b=0.000000
ib_a=1.000000
nMotionVectorsX=64.000000
nMotionVectorsY=48.000000
mv_dx=0.000000
mv_dy=0.000000
mv_l=2.449998
mv_r=1.000000
mv_g=1.000000
mv_b=1.000000
mv_a=0.000000
per_frame_1=warp = 0;
per_frame_2=wave_r = 0.5 + 0.3*sin(time*0.894);
per_frame_3=wave_g = 0.53 + 0.33*sin(time*1.14);
per_frame_4=wave_b = 0.2 + 0.1*(1-bass);
per_frame_5=cx = cx + 0.1*sin(time*3.4);
per_frame_6=cy = cy + 0.1*sin(time*3.1);
