[preset00]
fRating=3.000000
fGammaAdj=1.000000
fDecay=0.995000
fVideoEchoZoom=0.999601
fVideoEchoAlpha=0.499900
nVideoEchoOrientation=3
nWaveMode=6
bAdditiveWaves=0
bWaveDots=0
bWaveThick=0
bModWaveAlphaByVolume=0
bMaximizeWaveColor=0
bTexWrap=0
bDarkenCenter=0
bRedBlueStereo=0
bBrighten=1
bDarken=1
bSolarize=0
bInvert=0
fWaveAlpha=100.000000
fWaveScale=0.294622
fWaveSmoothing=0.000000
fWaveParam=0.000000
fModWaveAlphaStart=2.000000
fModWaveAlphaEnd=2.000000
fWarpAnimSpeed=7.523899
fWarpScale=10.141075
fZoomExponent=1.000157
fShader=0.000000
zoom=0.999511
rot=0.000000
cx=0.500001
cy=0.050000
dx=0.000000
dy=0.000000
warp=0.010000
sx=1.000158
sy=1.000000
wave_r=0.000000
wave_g=0.000000
wave_b=0.000000
wave_x=0.999000
wave_y=0.000000
ob_size=0.000000
ob_r=0.010000
ob_g=0.000000
ob_b=0.000000
ob_a=0.000000
ib_size=0.000000
ib_r=0.250000
ib_g=0.250000
ib_b=0.250000
ib_a=0.000000
nMotionVectorsX=12.000000
nMotionVectorsY=9.000000
mv_dx=0.000000
mv_dy=0.000000
mv_l=0.900000
mv_r=1.000000
mv_g=1.000000
mv_b=1.000000
mv_a=0.000000
per_frame_1=wave_r=treb;
per_frame_2=wave_g=mid;
per_frame_3=wave_b=bass;
per_frame_4=dy=bass/100;
per_frame_5=warp = warp +bass;
