[preset00]
fRating=3.000000
fGammaAdj=1.994000
fDecay=0.967000
fVideoEchoZoom=2.000000
fVideoEchoAlpha=0.000000
nVideoEchoOrientation=0
nWaveMode=0
bAdditiveWaves=0
bWaveDots=0
bWaveThick=0
bModWaveAlphaByVolume=0
bMaximizeWaveColor=1
bTexWrap=1
bDarkenCenter=0
bRedBlueStereo=0
bBrighten=0
bDarken=0
bSolarize=1
bInvert=0
fWaveAlpha=0.001000
fWaveScale=0.010000
fWaveSmoothing=0.000000
fWaveParam=-0.500000
fModWaveAlphaStart=0.750000
fModWaveAlphaEnd=0.950000
fWarpAnimSpeed=0.010000
fWarpScale=0.010000
fZoomExponent=1.001830
fShader=1.000000
zoom=3.406609
rot=0.000000
cx=0.500000
cy=0.500000
dx=-0.000000
dy=0.000000
warp=0.010000
sx=1.000000
sy=1.000000
wave_r=1.000000
wave_g=0.000000
wave_b=0.000000
wave_x=0.500000
wave_y=0.500000
ob_size=0.000000
ob_r=0.000000
ob_g=0.000000
ob_b=0.000000
ob_a=1.000000
ib_size=0.001500
ib_r=1.000000
ib_g=0.250000
ib_b=0.250000
ib_a=0.000000
nMotionVectorsX=64.000000
nMotionVectorsY=48.000000
mv_dx=0.000000
mv_dy=0.000000
mv_l=0.000000
mv_r=0.000000
mv_g=1.000000
mv_b=0.000000
mv_a=1.000000
per_frame_1=dx = dx + 0.02*sin(time*0.8);
per_frame_2=dy = dy +0.02*sin(0.5*time);
per_frame_3=rot = rot +0.15*sin(0.1*time ) -0.15*sin(time*0.15) ;
per_frame_4=zoom = zoom -2.5*sin(0.25*time);
per_frame_5=warp =warp +0.5*sin(bass+mid+trb);
