[preset00]
fRating=3.000000
fGammaAdj=1.000000
fDecay=0.925000
fVideoEchoZoom=1.006596
fVideoEchoAlpha=0.000000
nVideoEchoOrientation=3
nWaveMode=3
bAdditiveWaves=0
bWaveDots=0
bWaveThick=1
bModWaveAlphaByVolume=0
bMaximizeWaveColor=1
bTexWrap=0
bDarkenCenter=1
bRedBlueStereo=0
bBrighten=0
bDarken=0
bSolarize=0
bInvert=0
fWaveAlpha=4.099998
fWaveScale=0.621728
fWaveSmoothing=0.630000
fWaveParam=0.520000
fModWaveAlphaStart=0.710000
fModWaveAlphaEnd=1.300000
fWarpAnimSpeed=1.000000
fWarpScale=1.331000
fZoomExponent=1.000000
fShader=0.000000
zoom=0.999514
rot=0.000000
cx=0.500000
cy=0.500000
dx=0.000000
dy=0.000000
warp=0.010000
sx=1.000000
sy=1.000000
wave_r=0.650000
wave_g=0.650000
wave_b=0.650000
wave_x=0.500000
wave_y=0.500000
ob_size=0.500000
ob_r=0.010000
ob_g=0.000000
ob_b=0.000000
ob_a=0.000000
ib_size=0.260000
ib_r=0.250000
ib_g=0.250000
ib_b=0.250000
ib_a=0.000000
nMotionVectorsX=57.599998
nMotionVectorsY=44.160000
mv_dx=0.002000
mv_dy=0.002000
mv_l=5.000000
mv_r=0.700000
mv_g=0.400000
mv_b=0.500000
mv_a=0.000000
per_frame_1=wave_r=wave_r+0.9*tan(bass);
per_frame_2=wave_b=wave_b+0.9*tan(mid*1.33);
per_frame_3=wave_g=wave_g+0.9*tan(treb*1.11);
per_frame_4=ob_size=ib_size+0.2*(my_volume-1.1);
per_frame_5=ob_a=.34;
per_frame_6=ob_g=ib_g+0.5*(time*1.1);
per_frame_7=ob_r=ib_r+0.5*(bass);
per_frame_8=ob_b=ib_b+0.5*(time*1.33);
per_frame_9=my_volume=(bass+mid+treb)/3;
per_frame_10=sy=1.01;
per_frame_11=sx=1.01;
per_frame_12=cy=0.5;
per_frame_13=cx=0.5;
per_frame_14=rot=rot+0.1*sin(time-1.1);
per_frame_15=zoom=zoom+0.2*sin(bass-1.1);
