[preset00] 
fRating=3.000000 
fGammaAdj=2.000000 
fDecay=0.980000 
fVideoEchoZoom=2.000000 
fVideoEchoAlpha=0.000000 
nVideoEchoOrientation=0 
nWaveMode=4 
bAdditiveWaves=0 
bWaveDots=0 
bModWaveAlphaByVolume=0 
bMaximizeWaveColor=1 
bTexWrap=0 
bDarkenCenter=1 
bMotionVectorsOn=0 
bRedBlueStereo=0 
nMotionVectorsX=12 
nMotionVectorsY=9 
bBrighten=0 
bDarken=0 
bSolarize=0 
bInvert=0 
fWaveAlpha=0.800000 
fWaveScale=0.224799 
fWaveSmoothing=0.750000 
fWaveParam=-0.280000 
fModWaveAlphaStart=0.750000 
fModWaveAlphaEnd=0.950000 
fWarpAnimSpeed=1.000000 
fWarpScale=1.000000 
fZoomExponent=1.000000 
fShader=0.000000 
zoom=1.000000 
rot=0.000000 
cx=0.500000 
cy=0.500000 
dx=0.000000 
dy=0.000000 
warp=1.000000 
sx=1.000000 
sy=1.000000 
wave_r=0.500000 
wave_g=0.500000 
wave_b=0.500000 
wave_x=0.500000 
wave_y=0.500000 
ob_size=0.010000 
ob_r=0.000000 
ob_g=0.000000 
ob_b=0.000000 
ob_a=1.000000 
ib_size=0.010000 
ib_r=0.250000 
ib_g=0.250000 
ib_b=0.250000 
ib_a=0.000000 
per_frame_1=warp = 0; 
per_frame_2=dx = dx - .001; 
per_frame_3=dy = dy - .001; 
per_frame_4=wave_r = wave_r + .49*sin(time*2); 
per_frame_5=wave_g = wave_g + .49*sin(time*3); 
per_frame_6=wave_b = wave_b + .49*sin(time); 
per_pixel_1=centerx = .5; 
per_pixel_2=centery = .5; 
per_pixel_3=crad = -pow(y-.5,1); 
per_pixel_4=dx = if(above(x,centerx),(dx - (crad - centerx))*.1,(dx + (crad - centerx))*.1); 
per_pixel_5=dy = if(above(y,centery),(dy - (crad - centery))*.1,(dy + (crad - centery))*.1); 
