================================
Quantum Foam

John Scoville
================================
[preset00] 
fGammaAdj=2.000000 
fDecay=1.000000 
fVideoEchoZoom=0.000000 
fVideoEchoAlpha=0.000000 
nVideoEchoOrientation=0 
nWaveMode=6 
bAdditiveWaves=1 
bWaveDots=0 
bModWaveAlphaByVolume=0 
bMaximizeWaveColor=0 
bTexWrap=1 
bDarkenCenter=0 
bMotionVectorsOn=0 
bRedBlueStereo=0 
nMotionVectorsX=12 
nMotionVectorsY=9 
bBrighten=0 
bDarken=0 
bSolarize=0 
bInvert=0 
fWaveAlpha=0.800000 
fWaveScale=0.100000 
fWaveSmoothing=1.000000 
fWaveParam=1.000000 
fModWaveAlphaStart=0.750000 
fModWaveAlphaEnd=0.950000 
fWarpAnimSpeed=1.000000 
fWarpScale=1.000000 
fZoomExponent=2.300000 
fShader=0.000000 
zoom=1.000000 
rot=0.000000 
cx=0.500000 
cy=0.500000 
dx=0.000000 
dy=0.000000 
warp=1.000000 
sx=1.000000 
sy=1.000000 
wave_r=0.000000 
wave_g=0.000000 
wave_b=1.000000 
wave_x=1.000000 
wave_y=0.500000 
ib_size=0.100000
ib_r=0.000000
ib_g=0.000000
ib_b=1.000000
ib_a=0.250000
per_frame_1=warp = warp*0.5 + bass_att*0.25; 
per_frame_2=sx=0.99;
per_frame_3=sy=1.5;
per_frame_4=ib_b=0.5+0.5*sin(time*7);
per_frame_5=zoom=1.35+0.2*sin(time);
per_pixel_1=sy = .99; 
per_pixel_2=sx = .98;
per_pixel_3=rot = rot + 1.2566; 
per_pixel_4=zoom=zoom-0.5*rad;

fRating=5.000000
