[preset00]
fRating=4.000000
fGammaAdj=1.000000
fDecay=0.990000
fVideoEchoZoom=1.216076
fVideoEchoAlpha=0.500000
nVideoEchoOrientation=1
nWaveMode=5
bAdditiveWaves=1
bWaveDots=0
bModWaveAlphaByVolume=0
bMaximizeWaveColor=0
bTexWrap=0
bDarkenCenter=0
bMotionVectorsOn=0
bRedBlueStereo=0
nMotionVectorsX=12
nMotionVectorsY=9
bBrighten=0
bDarken=1
bSolarize=0
bInvert=0
fWaveAlpha=5.053452
fWaveScale=1.474084
fWaveSmoothing=0.270000
fWaveParam=-0.380000
fModWaveAlphaStart=0.000000
fModWaveAlphaEnd=0.950000
fWarpAnimSpeed=0.608037
fWarpScale=1.220618
fZoomExponent=1.000000
fShader=0.000000
zoom=1.009520
rot=0.000000
cx=0.500000
cy=0.500000
dx=0.000000
dy=0.000000
warp=0.591235
sx=0.970590
sy=1.000000
wave_r=0.700000
wave_g=0.200000
wave_b=0.000000
wave_x=0.470000
wave_y=0.260000
ob_size=0.000000
ob_r=0.000000
ob_g=0.000000
ob_b=0.000000
ob_a=0.000000
ib_size=0.000000
ib_r=0.250000
ib_g=0.250000
ib_b=0.250000
ib_a=0.000000
per_frame_1=vol = (bass_att*5 + mid_att * 3 + treb_att*2)/20;
per_frame_2=wave_g = wave_g + vol/10 + 0.1*sin(3.21*time);
per_frame_3=wave_r = wave_r + vol/10;
per_frame_4=wave_b = vol/10;
per_frame_5=dy = dy - vol/30 + 0.0015*sin(0.56*time);
per_frame_6=sx = sx - vol/50;
per_frame_7=wave_x = wave_x + vol/30;
per_frame_8=cx = cx + 0.03*( 0.60*sin(0.374*time) + 0.40*sin(0.294*time) );
per_frame_9=cy = cy + 0.03*( 0.60*sin(0.393*time) + 0.40*sin(0.223*time) );
per_frame_10=dy = dy + 0.002*( 0.60*sin(0.234*time) + 0.40*sin(0.277*time) );
per_frame_11=decay=decay-0.02*pow(0.5+0.5*sin(time*1.5),3.8);
