[preset00]
fRating=5.000000
fGammaAdj=1.000000
fDecay=0.940000
fVideoEchoZoom=2.000000
fVideoEchoAlpha=0.000000
nVideoEchoOrientation=0
nWaveMode=3
bAdditiveWaves=1
bWaveDots=0
bWaveThick=1
bModWaveAlphaByVolume=0
bMaximizeWaveColor=0
bTexWrap=1
bDarkenCenter=0
bRedBlueStereo=0
bBrighten=0
bDarken=0
bSolarize=0
bInvert=0
fWaveAlpha=4.717470
fWaveScale=0.738700
fWaveSmoothing=0.450000
fWaveParam=-0.200000
fModWaveAlphaStart=0.750000
fModWaveAlphaEnd=0.950000
fWarpAnimSpeed=1.000000
fWarpScale=2.853000
fZoomExponent=0.498315
fShader=0.000000
zoom=1.015237
rot=0.000000
cx=0.500000
cy=0.500000
dx=0.000000
dy=0.000000
warp=0.035759
sx=1.000000
sy=1.000000
wave_r=0.000000
wave_g=0.000000
wave_b=0.000000
wave_x=0.500000
wave_y=0.470000
ob_size=0.010000
ob_r=0.000000
ob_g=0.000000
ob_b=0.000000
ob_a=0.000000
ib_size=0.010000
ib_r=0.250000
ib_g=0.250000
ib_b=0.250000
ib_a=0.000000
nMotionVectorsX=12.000000
nMotionVectorsY=9.000000
mv_dx=0.000000
mv_dy=0.000000
mv_l=0.900000
mv_r=1.000000
mv_g=1.000000
mv_b=1.000000
mv_a=0.000000
per_frame_1=//traded a gamma 2 for the draw thick
per_frame_2=wave_r = abs(0.1*( 0.60*sin(0.933*time) + 0.40*sin(1.045*time) ));
per_frame_3=wave_g = abs(0.1*( 0.60*sin(0.900*time) + 0.40*sin(1.956*time) ));
per_frame_4=wave_b = abs(0.1*( 0.60*sin(0.910*time) + 0.40*sin(1.920*time) ));
per_frame_5=zoom = zoom + 0.063*( 0.60*sin(0.839*time) + 0.40*sin(0.276*time) );
per_frame_6=rot = rot + 0.030*( 0.60*sin(0.381*time) + 0.40*sin(0.579*time) );
per_frame_7=cx = cx + 0.070*( 0.60*sin(0.374*time) + 0.40*sin(0.294*time) );
per_frame_8=cy = cy + 0.170*( 0.60*sin(0.393*time) + 0.40*sin(0.223*time) );
per_frame_9=q2 = above(treb,1);
per_frame_10=q1 = above(bass,1);
per_frame_11=zoom = (1-q1)*zoom+ q1*zoom*zoom;
per_frame_12=monitor = zoom;
per_pixel_1=xa = (10 + 3*sin(0.431*time));
per_pixel_2=//*sign(sin(time));
per_pixel_3=ya = (9 + 5*sin(0.521*time));
per_pixel_4=//*sign(sin(time));
per_pixel_5=dx=dx-q1*mid*0.05*sin(time*2.35+(y*2-1)*xa)*sign(sin(time));
per_pixel_6=dy=dy-q2*bass*0.05*sin(time*1.79+(x*2-1)*ya);
