[preset00]
fRating=4.000000
fGammaAdj=1.000000
fDecay=0.900000
fVideoEchoZoom=0.999599
fVideoEchoAlpha=0.000000
nVideoEchoOrientation=0
nWaveMode=3
bAdditiveWaves=1
bWaveDots=0
bWaveThick=0
bModWaveAlphaByVolume=0
bMaximizeWaveColor=0
bTexWrap=0
bDarkenCenter=0
bRedBlueStereo=0
bBrighten=0
bDarken=1
bSolarize=0
bInvert=0
fWaveAlpha=0.004914
fWaveScale=0.498301
fWaveSmoothing=0.630000
fWaveParam=0.000000
fModWaveAlphaStart=0.100000
fModWaveAlphaEnd=1.090000
fWarpAnimSpeed=0.010000
fWarpScale=0.010000
fZoomExponent=0.999993
fShader=0.000000
zoom=1.071626
rot=0.000000
cx=0.500000
cy=0.500000
dx=0.000000
dy=0.000000
warp=0.010000
sx=1.000000
sy=1.000000
wave_r=0.700000
wave_g=0.200000
wave_b=0.000000
wave_x=0.500000
wave_y=0.500000
ob_size=0.000000
ob_r=0.000000
ob_g=0.000000
ob_b=0.000000
ob_a=0.000000
ib_size=0.000000
ib_r=0.250000
ib_g=0.250000
ib_b=0.250000
ib_a=0.000000
nMotionVectorsX=12.000000
nMotionVectorsY=9.000000
mv_dx=0.000000
mv_dy=0.000000
mv_l=0.900000
mv_r=1.000000
mv_g=1.000000
mv_b=1.000000
mv_a=0.000000
per_frame_1=vol = min(((4*bass + 4*mid_att + 2*treb)/9+0.15),2.13);
per_frame_2=vol2 = (bass_att*2 + bass*3 + mid_att * 3 + treb_att*2)/20;
per_frame_3=wave_g = wave_g + vol2/10 + 0.1*sin(3.21*time);
per_frame_4=wave_r = wave_r + vol2/10;
per_frame_5=wave_b = vol2/10;
per_frame_6=wave_x = wave_x + 0.03*vol*sin(0.727*time);
per_frame_7=wave_y = wave_y + 0.04*vol*sin(0.777*time);
per_frame_8=zoom = vol*0.3 + 0.06*sin(0.54*time) + 0.97;
per_frame_9=dx = dx + 0.0085*sin(1.23*time);
per_frame_10=dy = dy + 0.0085*sin(1.43*time);
per_frame_11=rot = rot + 0.05*sin(time);
per_pixel_1=zoom = zoom - rad*0.9;
