[preset00]
fRating=4.000000
fGammaAdj=1.000000
fDecay=0.970000
fVideoEchoZoom=0.999600
fVideoEchoAlpha=0.499900
nVideoEchoOrientation=3
nWaveMode=0
bAdditiveWaves=1
bWaveDots=0
bModWaveAlphaByVolume=1
bMaximizeWaveColor=0
bTexWrap=0
bDarkenCenter=0
bMotionVectorsOn=0
bRedBlueStereo=0
nMotionVectorsX=12
nMotionVectorsY=9
bBrighten=0
bDarken=0
bSolarize=0
bInvert=0
fWaveAlpha=1.503771
fWaveScale=0.899805
fWaveSmoothing=0.360000
fWaveParam=-0.440000
fModWaveAlphaStart=0.200000
fModWaveAlphaEnd=0.750000
fWarpAnimSpeed=8.081410
fWarpScale=1.000355
fZoomExponent=0.912660
fShader=0.000000
zoom=1.019609
rot=0.000000
cx=0.500000
cy=0.500001
dx=0.000000
dy=0.000000
warp=0.218587
sx=1.000000
sy=0.999999
wave_r=0.500000
wave_g=0.500000
wave_b=0.500000
wave_x=0.500000
wave_y=0.500000
ob_size=0.009500
ob_r=0.800000
ob_g=0.200000
ob_b=0.600000
ob_a=0.000000
ib_size=0.000000
ib_r=0.650000
ib_g=0.650000
ib_b=0.550000
ib_a=0.600000
per_frame_1=wave_r = wave_r + 0.5*sin(1.23*time);
per_frame_2=wave_g = wave_g + 0.5*sin(0.74*time);
per_frame_3=wave_b = wave_b + 0.5*sin(1.71*time);
per_frame_4=t1 = 0.13*sin(0.47*time);
per_frame_5=t2 = 0.13*sin(0.57*time);
per_frame_6=wave_x = wave_x + t1*sin(1.23*time);
per_frame_7=wave_y = wave_y + t2*sin(1.13*time);
per_frame_8=rot = rot + 0.05*(0.4*sin(1.11*time) + 0.6*sin(0.57*time));
per_frame_9=temp = above(bass,1);
per_frame_10=rot = rot + if(temp,if(above(rot,0),0.05,-0.05),0);
per_frame_11=sx = sx + if(temp,0.05,0);
per_frame_12=sy = sy + if(temp,0.05,0);
per_frame_13=wave_mystery = wave_mystery + max(bass-1,0)*0.05;
