[preset00]
fRating=2.000000
fGammaAdj=1.000000
fDecay=0.900000
fVideoEchoZoom=0.999696
fVideoEchoAlpha=0.000000
nVideoEchoOrientation=0
nWaveMode=3
bAdditiveWaves=0
bWaveDots=0
bWaveThick=0
bModWaveAlphaByVolume=0
bMaximizeWaveColor=1
bTexWrap=1
bDarkenCenter=0
bRedBlueStereo=0
bBrighten=0
bDarken=0
bSolarize=0
bInvert=0
fWaveAlpha=2.006243
fWaveScale=1.000183
fWaveSmoothing=0.090000
fWaveParam=0.400000
fModWaveAlphaStart=0.750000
fModWaveAlphaEnd=0.950000
fWarpAnimSpeed=1.000000
fWarpScale=1.000234
fZoomExponent=1.000000
fShader=0.000000
zoom=1.019777
rot=0.000000
cx=0.500000
cy=0.500000
dx=0.000000
dy=0.001000
warp=0.010000
sx=1.000000
sy=1.000000
wave_r=0.400000
wave_g=0.400000
wave_b=0.000000
wave_x=0.500000
wave_y=0.500000
ob_size=0.010000
ob_r=0.000000
ob_g=0.000000
ob_b=0.000000
ob_a=0.000000
ib_size=0.010000
ib_r=0.250000
ib_g=0.250000
ib_b=0.250000
ib_a=0.000000
nMotionVectorsX=0.000000
nMotionVectorsY=0.000000
mv_dx=0.084000
mv_dy=0.054000
mv_l=0.000000
mv_r=0.500000
mv_g=1.000000
mv_b=0.300000
mv_a=0.000000
per_frame_1=wave_r = abs(wave_r + 0.350*( 0.60*sin(0.980*time) + 0.40*sin(1.047*time) ));
per_frame_2=wave_g = abs(wave_g + 0.150*( 0.60*sin(0.835*time) + 0.40*sin(1.081*time) ));
per_frame_3=wave_b = (wave_b + 0.350*( 0.60*sin(0.814*time)+ 0.40*sin(1.011 * time)));
per_frame_4=
per_frame_5=vol = max((bass+mid+treb)/3,1);
per_frame_6=q1 = vol;
per_frame_7=q2 = min((bass+mid+treb)/3,1);
per_frame_8=
per_frame_9=mv_b = vol*(wave_r+0.350*(0.60*sin(0.980*time)+0.40*sin(1.047*time)));
per_frame_10=mv_r = vol*(wave_g+0.350*(0.60*sin(0.835*time)+0.40*sin(1.081*time) ));
per_frame_11=mv_g = vol*(wave_b+0.350*(0.60*sin(0.814*time)+0.40*sin(1.011*time)));
per_frame_12=//mv_a = q2;
per_frame_13=mv_x = mv_x + 5*sin(0.823*time);
per_frame_14=mv_y = mv_y + 5*sin(1.32*time);
per_frame_15=monitor = q2;
per_frame_16=
per_frame_17=//ob_b = vol*(wave_r+0.350*(0.60*sin(0.980*time)+0.40*sin(1.047*time)));
per_frame_18=//ob_r = vol*(wave_g+0.350*(0.60*sin(0.835*time)+0.40*sin(1.081*time) ));
per_frame_19=//ob_g = vol*(wave_b+0.350*(0.60*sin(0.814*time)+0.40*sin(1.011*time)));
per_frame_20=//ob_size = (q1-1)/20+0.01;
per_frame_21=//ob_a = min(q2/10+0.2,0.2);
per_frame_22=
per_frame_23=cx = 0.5 + 0.25*sin(0.87*time);
per_frame_24=cy = 0.5 + 0.2*sin(1.023*time);
per_frame_25=
per_pixel_1=rot = 0.2*sin(1.32*time)*(abs(q2*sin(3.2*time))-rad);
per_pixel_2=//zoom = 1 + (q1-1) * (abs(x-0.5+2*sin(time)) *abs(y-0.5+2*sin(time)) *sin(x*2.32*time) *sin(y*3.32*time))*2;
per_pixel_3=zoom = 1 + (q1-1) * ((abs(x-1+2*sin(time)) *abs(y-1+2*sin(time)) *sin(x*2.32*time) *sin(y*3.32*time))*3-2)*sin(3.14/(rad+0.0001));
