[preset00]
fRating=4.000000
fGammaAdj=2.909999
fDecay=0.985000
fVideoEchoZoom=1.691300
fVideoEchoAlpha=0.200000
nVideoEchoOrientation=0
nWaveMode=5
bAdditiveWaves=0
bWaveDots=0
bModWaveAlphaByVolume=0
bMaximizeWaveColor=0
bTexWrap=1
bDarkenCenter=0
bMotionVectorsOn=0
bRedBlueStereo=0
nMotionVectorsX=12
nMotionVectorsY=9
bBrighten=0
bDarken=1
bSolarize=0
bInvert=0
fWaveAlpha=10.596100
fWaveScale=0.885551
fWaveSmoothing=0.900000
fWaveParam=0.300000
fModWaveAlphaStart=0.750000
fModWaveAlphaEnd=1.130000
fWarpAnimSpeed=1.082857
fWarpScale=1.899823
fZoomExponent=0.801000
fShader=0.330000
zoom=1.027240
rot=0.000000
cx=0.500000
cy=0.890000
dx=0.000000
dy=-0.020000
warp=0.000000
sx=1.000000
sy=1.000000
wave_r=0.600000
wave_g=0.430000
wave_b=0.390000
wave_x=0.500000
wave_y=0.500000
ob_size=0.010000
ob_r=0.000000
ob_g=0.000000
ob_b=0.000000
ob_a=0.000000
ib_size=0.010000
ib_r=0.250000
ib_g=0.250000
ib_b=0.250000
ib_a=0.000000
per_frame_1=wave_x = wave_x + 0.150*( 0.60*sin(2.121*time) + 0.40*sin(1.621*time) );
per_frame_2=wave_y = wave_y + 0.150*( 0.60*sin(1.742*time) + 0.40*sin(2.322*time) );
per_frame_3=wave_r = wave_r + 0.200*( 0.60*sin(0.823*time) + 0.40*sin(0.916*time) );
per_frame_4=wave_g = wave_g + 0.500*( 0.60*sin(0.900*time) + 0.40*sin(1.023*time) );
per_frame_5=wave_b = wave_b + 0.500*( 0.60*sin(0.808*time) + 0.40*sin(0.949*time) );
per_frame_6=rot = rot + 0.002*sin(time+0.073);
per_frame_7=decay = decay - 0.03*equal(frame%30,0);
per_frame_8=warp = warp + 0.02*bass;
