[preset00]
fRating=3.000000
fGammaAdj=1.700000
fDecay=0.960000
fVideoEchoZoom=2.000000
fVideoEchoAlpha=0.000000
nVideoEchoOrientation=0
nWaveMode=7
bAdditiveWaves=0
bWaveDots=0
bModWaveAlphaByVolume=0
bMaximizeWaveColor=1
bTexWrap=0
bDarkenCenter=0
bMotionVectorsOn=1
bRedBlueStereo=0
nMotionVectorsX=64
nMotionVectorsY=48
bBrighten=0
bDarken=0
bSolarize=0
bInvert=0
fWaveAlpha=5.053452
fWaveScale=0.051038
fWaveSmoothing=0.900000
fWaveParam=-1.000000
fModWaveAlphaStart=0.750000
fModWaveAlphaEnd=0.950000
fWarpAnimSpeed=0.010000
fWarpScale=0.010000
fZoomExponent=1.000000
fShader=0.000000
zoom=1.000000
rot=0.000000
cx=0.500000
cy=0.500000
dx=0.000000
dy=0.000000
warp=0.010000
sx=1.000000
sy=1.000000
wave_r=0.500000
wave_g=0.500000
wave_b=0.500000
wave_x=0.750000
wave_y=0.710000
ob_size=0.010000
ob_r=0.000000
ob_g=0.000000
ob_b=0.000000
ob_a=0.000000
ib_size=0.010000
ib_r=0.250000
ib_g=0.250000
ib_b=0.250000
ib_a=0.000000
per_frame_1=wave_r = wave_r - 0.35*sin(time*.722);
per_frame_2=wave_g = wave_g + 0.35*sin(time*.123);
per_frame_3=wave_b = wave_b + 0.35*sin(time*.644);
per_pixel_1=dx = dx-0.005*log((sqrt(2)-rad)*47);
per_pixel_2=dy = .0001*log(-time*.22 + (y+.5));
