[preset00]
fRating=3.000000
fGammaAdj=1.000000
fDecay=0.925000
fVideoEchoZoom=1.006596
fVideoEchoAlpha=0.000000
nVideoEchoOrientation=3
nWaveMode=8
bAdditiveWaves=1
bWaveDots=0
bWaveThick=0
bModWaveAlphaByVolume=1
bMaximizeWaveColor=0
bTexWrap=0
bDarkenCenter=0
bRedBlueStereo=0
bBrighten=0
bDarken=0
bSolarize=0
bInvert=0
fWaveAlpha=4.099998
fWaveScale=1.285751
fWaveSmoothing=0.630000
fWaveParam=0.000000
fModWaveAlphaStart=0.710000
fModWaveAlphaEnd=1.300000
fWarpAnimSpeed=1.000000
fWarpScale=1.331000
fZoomExponent=1.000000
fShader=0.200000
zoom=0.999999
rot=0.000000
cx=0.500000
cy=0.500000
dx=0.000000
dy=0.000000
warp=0.010000
sx=1.000000
sy=1.000000
wave_r=0.000000
wave_g=0.000000
wave_b=0.000000
wave_x=0.500000
wave_y=0.500000
ob_size=0.010000
ob_r=0.010000
ob_g=0.000000
ob_b=0.000000
ob_a=1.000000
ib_size=0.260000
ib_r=0.250000
ib_g=0.250000
ib_b=0.250000
ib_a=0.000000
nMotionVectorsX=57.599998
nMotionVectorsY=47.952000
mv_dx=0.000000
mv_dy=0.000000
mv_l=1.155000
mv_r=1.000000
mv_g=1.000000
mv_b=1.000000
mv_a=1.000000
per_frame_1=bass_effect = max(max(bass,bass_att)-1.3,0);
per_frame_2=q1 = 2*min(bass_effect,20);
per_frame_3=mv_g= 1-0.2*bass_effect;
per_frame_4=mv_b = 1-0.2*bass_effect;
per_frame_5=mv_r = 1-0.2*bass_effect;
per_frame_6=rot = 0.02*sin(treb*5);
per_frame_7=cx =0.5+ sin(time*0.657)*0.1;
per_frame_8=cy = 0.5+0.1*sin(time*0.736);
per_pixel_1=dx = 0.01*sin((abs(cos(0.006*int(rand(100)))))+rad+q1) + 0.012*pow(sin(1-rad),rad);
per_pixel_2=dy = 0.01*sin(0.1*abs(sin(0.006*int(rand(100))))+rad+q1) + 0.02*cos(rad*rad);
