[preset00]
fRating=3.000000
fGammaAdj=2.400000
fDecay=0.961000
fVideoEchoZoom=1.006596
fVideoEchoAlpha=0.000000
nVideoEchoOrientation=3
nWaveMode=0
bAdditiveWaves=1
bWaveDots=0
bModWaveAlphaByVolume=0
bMaximizeWaveColor=0
bTexWrap=0
bDarkenCenter=0
bRedBlueStereo=0
bBrighten=0
bDarken=0
bSolarize=0
bInvert=0
fWaveAlpha=4.099998
fWaveScale=0.389575
fWaveSmoothing=0.630000
fWaveParam=-0.024000
fModWaveAlphaStart=0.710000
fModWaveAlphaEnd=1.300000
fWarpAnimSpeed=1.000000
fWarpScale=1.331000
fZoomExponent=1.000000
fShader=0.000000
zoom=1.104622
rot=0.000000
cx=0.500000
cy=0.500000
dx=0.000000
dy=0.000000
warp=0.010000
sx=1.000000
sy=1.000000
wave_r=0.650000
wave_g=0.650000
wave_b=0.650000
wave_x=0.500000
wave_y=0.500000
ob_size=0.500000
ob_r=0.010000
ob_g=0.000000
ob_b=0.000000
ob_a=0.000000
ib_size=0.260000
ib_r=0.250000
ib_g=0.250000
ib_b=0.250000
ib_a=0.000000
nMotionVectorsX=12.000000
nMotionVectorsY=9.000000
mv_l=0.900000
mv_r=1.000000
mv_g=1.000000
mv_b=1.000000
mv_a=0.000000
per_frame_1=dx = dx -0.0005;
per_frame_2=dy = dy -0.0005;
per_frame_3=warp = 0;
per_frame_4=bass_effect  = max(max(bass,bass_att)-1.3,0);
per_frame_5=mid_effect  = max(max(mid,mid_att)-1.2,0);
per_frame_6=treb_effect  = max(max(treb,treb_att)-1.2,0);
per_frame_7=wave_r = 0.25 + 0.25*sin(time*1.218) + 0.5*bass_effect;
per_frame_8=wave_g = 0.25 + 0.25*sin(time*1.018) + 0.45*treb_effect;
per_frame_9=wave_b = 0.25 + 0.25*sin(time*1.381) + 0.45*mid_effect;
per_frame_10=xxwave_mystery = wave_mystery + 0.05*bass_effect - 0.05*treb_effect;
per_frame_11=q1 = bass_effect;
per_frame_12=monitor = 5*treb_effect;
per_pixel_1=zoomexp =if(below(rad,0.31),0.2-min(q1*rad,0.1),4);
per_pixel_2=zoom = zoom + 0.1*log(sin(rad));
per_pixel_3=rot = if(below(rad,0.31),0.8 + 8*q1*rad,0);
