[preset00]
fRating=3.000000
fGammaAdj=1.000000
fDecay=0.955000
fVideoEchoZoom=1.006596
fVideoEchoAlpha=0.000000
nVideoEchoOrientation=3
nWaveMode=0
bAdditiveWaves=1
bWaveDots=0
bModWaveAlphaByVolume=0
bMaximizeWaveColor=0
bTexWrap=0
bDarkenCenter=0
bRedBlueStereo=0
bBrighten=0
bDarken=0
bSolarize=0
bInvert=0
fWaveAlpha=4.099998
fWaveScale=0.010000
fWaveSmoothing=0.630000
fWaveParam=-0.200000
fModWaveAlphaStart=0.710000
fModWaveAlphaEnd=1.300000
fWarpAnimSpeed=1.000000
fWarpScale=1.331000
fZoomExponent=1.000000
fShader=0.000000
zoom=1.000000
rot=0.000000
cx=0.500000
cy=0.500000
dx=0.000000
dy=0.000000
warp=0.010000
sx=1.000000
sy=1.000000
wave_r=0.400000
wave_g=0.000000
wave_b=0.000000
wave_x=0.500000
wave_y=0.500000
ob_size=0.500000
ob_r=0.010000
ob_g=0.000000
ob_b=0.000000
ob_a=0.000000
ib_size=0.260000
ib_r=0.250000
ib_g=0.250000
ib_b=0.250000
ib_a=0.000000
nMotionVectorsX=64.000000
nMotionVectorsY=2.016000
mv_l=5.000000
mv_r=0.500000
mv_g=0.700000
mv_b=1.000000
mv_a=1.000000
per_frame_1=dx = dx -0.0005;
per_frame_2=dy = dy-0.0005;
per_frame_3=wave_r =  0.8+ 0.2*sin(time*1.24);
per_frame_4=wave_g = 0.3+0.1*sin(time*0.54);
per_frame_5=wave_b = 0.25+0.1*sin(time*0.677);
per_frame_6=mv_r = 0.5 + 0.5*sin(time*2.71);
per_frame_7=mv_g = 0.6+0.3*sin(time*1.324);
per_frame_8=mv_b = 0.6+0.3*sin(time*0.879);
per_frame_9=mv_y= 2;
per_frame_10=ok_to_change = if(above(time,beat_time+5),1,0);
per_frame_11=bass_effect = max(bass, bass_att)-1;
per_frame_12=beat_time = if(above(bass_effect,0.5), if(ok_to_change,time,beat_time),beat_time);
per_frame_13=effect = if(equal(time,beat_time),abs(effect-1),effect);
per_frame_14=mv_y = if(above(effect,0), 48,2);
per_frame_15=mv_x = if(above(effect,0), 2,64);
per_pixel_1=avebass = 0.5*(bass+bass_att)+0.05;
per_pixel_2=bassbox = max((min(avebass,1.3)),0.7);
per_pixel_3=rot = if(above(rad,1),0,rot +(1-bassbox)*sin(1-rad));
