[preset00]
fRating=3.000000
fGammaAdj=2.000000
fDecay=0.970000
fVideoEchoZoom=2.000000
fVideoEchoAlpha=0.000000
nVideoEchoOrientation=0
nWaveMode=0
bAdditiveWaves=0
bWaveDots=0
bWaveThick=0
bModWaveAlphaByVolume=0
bMaximizeWaveColor=1
bTexWrap=0
bDarkenCenter=0
bRedBlueStereo=0
bBrighten=0
bDarken=0
bSolarize=0
bInvert=0
fWaveAlpha=1.958904
fWaveScale=0.010000
fWaveSmoothing=0.360000
fWaveParam=-0.112000
fModWaveAlphaStart=0.750000
fModWaveAlphaEnd=0.950000
fWarpAnimSpeed=1.000000
fWarpScale=1.000000
fZoomExponent=1.000000
fShader=0.000000
zoom=1.000000
rot=0.000000
cx=0.500000
cy=0.500000
dx=0.000000
dy=0.000000
warp=1.000000
sx=1.000000
sy=1.000000
wave_r=0.500000
wave_g=0.500000
wave_b=0.500000
wave_x=0.500000
wave_y=0.500000
ob_size=0.005000
ob_r=0.200000
ob_g=0.000000
ob_b=1.000000
ob_a=0.020000
ib_size=0.010000
ib_r=0.250000
ib_g=0.250000
ib_b=0.250000
ib_a=0.000000
nMotionVectorsX=64.000000
nMotionVectorsY=1.200000
mv_dx=0.000000
mv_dy=-0.060000
mv_l=5.000000
mv_r=1.000000
mv_g=0.000000
mv_b=1.000000
mv_a=0.000000
per_frame_1=warp = 0;
per_frame_2=wave_a = 0;
per_frame_3=ib_a = 1;
per_frame_4=ob_size = .5+(bass+bass_att)*.18;
per_frame_5=ib_r = .6+.3*sin(time*.8);
per_frame_6=ib_g = .6+.3*sin(time*7);
per_frame_7=ib_b = .6+.3*sin(time);
per_frame_8=ob_r = 0.5+0.5*sin(time*0.881);
per_frame_9=ob_b = 0.5+0.5*sin(time*0.887);
per_frame_10=ob_g = 0.5+0.5*sin(time*0.781);
per_pixel_1=zoom = if(above(x,.3+bass*.2),if(below(x,.7-bass*.2),if(below(y,.7-bass*.2),if(above(y,.3+bass*.2), .57,1),1),1),1);
per_pixel_2=zoom=if(above(rad,0.3),1.1,zoom);
per_pixel_3=dx = 0.1*x*(1-bass);
