[preset00]
fRating=3.000000
fGammaAdj=1.000000
fDecay=0.970000
fVideoEchoZoom=1.000000
fVideoEchoAlpha=0.000000
nVideoEchoOrientation=0
nWaveMode=0
bAdditiveWaves=1
bWaveDots=0
bWaveThick=1
bModWaveAlphaByVolume=0
bMaximizeWaveColor=0
bTexWrap=1
bDarkenCenter=0
bRedBlueStereo=0
bBrighten=0
bDarken=0
bSolarize=0
bInvert=0
fWaveAlpha=4.099998
fWaveScale=0.010000
fWaveSmoothing=0.630000
fWaveParam=0.040000
fModWaveAlphaStart=0.710000
fModWaveAlphaEnd=1.300000
fWarpAnimSpeed=1.000000
fWarpScale=1.331000
fZoomExponent=1.000000
fShader=0.000000
zoom=13.290894
rot=0.000000
cx=0.500000
cy=0.500000
dx=-0.280000
dy=-0.320000
warp=0.010000
sx=1.000000
sy=1.000000
wave_r=0.650000
wave_g=0.650000
wave_b=0.650000
wave_x=0.500000
wave_y=0.500000
ob_size=0.020000
ob_r=0.010000
ob_g=0.000000
ob_b=0.000000
ob_a=1.000000
ib_size=0.020000
ib_r=0.950000
ib_g=0.850000
ib_b=0.650000
ib_a=1.000000
nMotionVectorsX=64.000000
nMotionVectorsY=48.000000
mv_dx=0.000000
mv_dy=0.000000
mv_l=0.000000
mv_r=0.350000
mv_g=0.350000
mv_b=0.350000
mv_a=0.000000
per_frame_1=wave_r = wave_r + 0.3*sin(time*1.254);
per_frame_2=wave_g = wave_g +0.3*sin(time*0.952);
per_frame_3=wave_b = wave_b + 0.3*sin(time*0.824);
per_frame_4=ob_r = 0.3 + 0.3*sin(time*1.324);
per_frame_5=ob_g = 0.3 + 0.3*cos(time*1.371);
per_frame_6=ob_b = 0.3+0.3*sin(2.332*time);
per_frame_7=ib_r = 0.25 + 0.25*sin(time*1.424);
per_frame_8=ib_g = 0.25 + 0.25*cos(time*1.871);
per_frame_9=ib_b = 0.3+0.3*sin(2.273*time);
per_frame_10=q8 =oldq8+ 0.005*(pow(1.2*bass+0.4*bass_att+0.1*treb+0.1*treb_att+0.1*mid+0.1*mid_att,6)/fps);
per_frame_11=oldq8 = q8;
per_frame_12=dx = 0.2*sin(q8*1.021);
per_frame_13=dy = 0.2*sin(q8*0.939);
per_pixel_1=zoom = if(above(rad,0.4),log(sqrt(2)-rad) -0.2,(0.5*sqrt(2)-rad));
