[preset00]
fRating=4.000000
fGammaAdj=2.000000
fDecay=0.980000
fVideoEchoZoom=2.000000
fVideoEchoAlpha=0.000000
nVideoEchoOrientation=0
nWaveMode=7
bAdditiveWaves=0
bWaveDots=0
bWaveThick=0
bModWaveAlphaByVolume=0
bMaximizeWaveColor=1
bTexWrap=0
bDarkenCenter=0
bRedBlueStereo=0
bBrighten=0
bDarken=0
bSolarize=0
bInvert=0
fWaveAlpha=1.005729
fWaveScale=1.323706
fWaveSmoothing=0.900000
fWaveParam=0.000000
fModWaveAlphaStart=0.750000
fModWaveAlphaEnd=0.950000
fWarpAnimSpeed=1.000000
fWarpScale=1.000000
fZoomExponent=1.000000
fShader=1.000000
zoom=1.000000
rot=0.080000
cx=0.500000
cy=0.500000
dx=0.000000
dy=0.000000
warp=1.000000
sx=1.000000
sy=1.000000
wave_r=0.000000
wave_g=0.000000
wave_b=0.000000
wave_x=0.500000
wave_y=0.700000
ob_size=0.005000
ob_r=0.000000
ob_g=0.000000
ob_b=0.000000
ob_a=1.000000
ib_size=0.500000
ib_r=0.500000
ib_g=0.500000
ib_b=0.500000
ib_a=0.100000
nMotionVectorsX=64.000000
nMotionVectorsY=1.008000
mv_dx=0.000000
mv_dy=0.000000
mv_l=0.900000
mv_r=1.000000
mv_g=1.000000
mv_b=1.000000
mv_a=1.000000
per_frame_1=warp = 0;
per_frame_2=zoom = .98;
per_frame_3=wave_r = wave_r + bass*.5;
per_frame_4=wave_g = wave_g + treb*.5;
per_frame_5=wave_b = wave_b + mid*.5;
per_frame_6=ib_r = ib_r + .3*sin(time*.292);
per_frame_7=ib_g = ib_g + .3*sin(time*.173);
per_frame_8=ib_b = ib_b + .3*sin(time*.211);
per_frame_9=dx = dx - .0005;
per_frame_10=dy = dy - .0005;
per_frame_11=ib_a = 0.1;
per_frame_12=ob_a = 0.1;
per_frame_13=ob_r = -ib_r;
per_frame_14=ob_b = -ib_b;
per_frame_15=ob_g= -ib_g;
per_frame_16=mv_y = 1.25;
per_frame_17=mv_r = 1- wave_g;
per_frame_18=mv_b = 1- wave_b;
per_frame_19=mv_g = 1-wave_r;
per_frame_20=mv_l = max(-9*bass,-15);
per_pixel_1=rot = 0.05*sin(sin(x-y+rad+ang)+sin(1.1*time+rad)-cos(ang-time*0.34)+pow(x/y,1-rad))
