[preset00]
fRating=4.000000
fGammaAdj=2.000000
fDecay=1.000000
fVideoEchoZoom=0.333566
fVideoEchoAlpha=0.000000
nVideoEchoOrientation=0
nWaveMode=0
bAdditiveWaves=0
bWaveDots=0
bWaveThick=1
bModWaveAlphaByVolume=0
bMaximizeWaveColor=1
bTexWrap=0
bDarkenCenter=1
bRedBlueStereo=0
bBrighten=1
bDarken=0
bSolarize=0
bInvert=0
fWaveAlpha=0.532001
fWaveScale=0.010000
fWaveSmoothing=0.000000
fWaveParam=-0.399900
fModWaveAlphaStart=0.750000
fModWaveAlphaEnd=0.950000
fWarpAnimSpeed=1.000000
fWarpScale=1.000000
fZoomExponent=1.000000
fShader=0.000000
zoom=1.000000
rot=0.000000
cx=0.500000
cy=0.500000
dx=0.000000
dy=0.000000
warp=1.000000
sx=1.000000
sy=1.000000
wave_r=0.500000
wave_g=0.500000
wave_b=0.500000
wave_x=0.500000
wave_y=0.500000
ob_size=0.500000
ob_r=0.000000
ob_g=0.000000
ob_b=0.000000
ob_a=0.000000
ib_size=0.000000
ib_r=0.250000
ib_g=0.250000
ib_b=0.250000
ib_a=1.000000
nMotionVectorsX=1.216000
nMotionVectorsY=1.248000
mv_dx=0.000000
mv_dy=0.000000
mv_l=0.900000
mv_r=1.000000
mv_g=1.000000
mv_b=1.000000
mv_a=0.300000
per_frame_1=warp = 0;
per_frame_2=wave_r = bass*.5;
per_frame_3=wave_g = treb*.5;
per_frame_4=wave_b = mid*.5;
per_frame_5=q1 = if(above(bass+bass_att,2),bass +bass_att,0);
per_frame_6=mv_x = 1.25;
per_frame_7=mv_y = 1.25;
per_frame_8=mv_r = 0.5+0.5*sin(time*0.924);
per_frame_9=mv_dx = 0.05*sin(1-bass);
per_frame_10=mv_dy = 0.05*sin(5*(1-treb));
per_frame_11=monitor = q1;
per_pixel_1=zoom = 1+rad*rad*.1+0.01*q1;
per_pixel_2=zoomexp =1 - 1*sin(rad*q1*5);
per_pixel_3=rot = q1;
per_frame_init_1=decay = 0.1;
