[preset00]
fRating=3.000000
fGammaAdj=2.610000
fDecay=0.988999
fVideoEchoZoom=1.280085
fVideoEchoAlpha=0.000000
nVideoEchoOrientation=1
nWaveMode=6
bAdditiveWaves=0
bWaveDots=1
bWaveThick=0
bModWaveAlphaByVolume=0
bMaximizeWaveColor=1
bTexWrap=0
bDarkenCenter=1
bRedBlueStereo=0
bBrighten=0
bDarken=1
bSolarize=0
bInvert=0
fWaveAlpha=4.717395
fWaveScale=0.995766
fWaveSmoothing=0.360000
fWaveParam=-1.000000
fModWaveAlphaStart=0.750000
fModWaveAlphaEnd=0.950000
fWarpAnimSpeed=1.000000
fWarpScale=2.853000
fZoomExponent=1.000000
fShader=0.320000
zoom=1.000000
rot=0.006000
cx=0.500000
cy=0.500000
dx=0.000000
dy=0.000000
warp=0.000000
sx=1.000000
sy=1.000000
wave_r=0.530000
wave_g=0.570000
wave_b=1.000000
wave_x=0.500000
wave_y=0.500000
ob_size=0.190000
ob_r=0.190000
ob_g=0.059900
ob_b=0.000000
ob_a=0.000000
ib_size=0.370000
ib_r=0.190000
ib_g=0.000000
ib_b=0.130000
ib_a=0.050000
nMotionVectorsX=64.000000
nMotionVectorsY=1.000000
mv_dx=0.000000
mv_dy=0.000000
mv_l=0.900000
mv_r=1.000000
mv_g=1.000000
mv_b=1.000000
mv_a=1.000000
per_frame_1=xwave_x = wave_x + 0.250*( 0.60*sin(2.112*time) + 0.40*sin(1.589*time) );
per_frame_2=xwave_y = wave_y + 0.250*( 0.60*sin(1.752*time) + 0.40*sin(2.298*time) );
per_frame_3=wave_r = wave_r + 0.100*( 0.60*sin(0.933*time) + 0.40*sin(1.045*time) );
per_frame_4=wave_g = wave_g + 0.050*( 0.60*sin(0.900*time) + 0.40*sin(0.956*time) );
per_frame_5=ib_r = ib_r + (sin(treb)/10)*( 0.60*sin(0.922*time) + 0.40*sin(1.345*treb) );
per_frame_6=decay = decay + 0.01*equal(frame%25,0);
per_frame_7=bass_effect = max(0,max(bass_att,bass)-1)*0.75;
per_frame_8=q1 = if(above(sin(time/2),0),0,1);
per_frame_9=sx = if(equal(q1,0),sx + bass_effect,sx);
per_frame_10=sy = if(equal(q1,1),sy + bass_effect,sy);
per_frame_11=mv_y = 1.25;
per_pixel_1=rot=if(equal(q1,1),rad*(sin(mid+treb)/7),rad*(sin(-mid-treb)/7));
