[preset00]
fRating=3.000000
fGammaAdj=2.000000
fDecay=0.900000
fVideoEchoZoom=1.006596
fVideoEchoAlpha=0.000000
nVideoEchoOrientation=3
nWaveMode=2
bAdditiveWaves=1
bWaveDots=0
bModWaveAlphaByVolume=1
bMaximizeWaveColor=1
bTexWrap=1
bDarkenCenter=0
bRedBlueStereo=0
bBrighten=0
bDarken=0
bSolarize=0
bInvert=0
fWaveAlpha=0.903511
fWaveScale=0.269588
fWaveSmoothing=0.360000
fWaveParam=-1.000000
fModWaveAlphaStart=0.710000
fModWaveAlphaEnd=1.300000
fWarpAnimSpeed=1.000000
fWarpScale=1.331000
fZoomExponent=1.000000
fShader=0.000000
zoom=1.070549
rot=0.020000
cx=0.500000
cy=0.500000
dx=0.000000
dy=0.000000
warp=0.198054
sx=1.220188
sy=1.220190
wave_r=0.650000
wave_g=0.650000
wave_b=0.650000
wave_x=0.500000
wave_y=0.500000
ob_size=0.010000
ob_r=0.000000
ob_g=0.000000
ob_b=0.000000
ob_a=0.000000
ib_size=0.010000
ib_r=0.250000
ib_g=0.250000
ib_b=0.250000
ib_a=0.000000
nMotionVectorsX=64.000000
nMotionVectorsY=2.016000
mv_l=0.010000
mv_r=0.000000
mv_g=1.000000
mv_b=1.000000
mv_a=0.720000
per_frame_1=wave_r = sin(15*time/200)/2+0.5;
per_frame_2=wave_g = cos(time/300)/2+0.5;
per_frame_3=wave_b = cos(23*time/200)/2+0.5;
per_frame_4=bass_effect = max(max(bass,bass_att)-1.2,0);
per_frame_5=mv_x = 64;
per_frame_6=mv_y =2;
per_frame_7=mv_l = 0.05 + 0.3*bass_effect;
per_frame_8=mv_g = 0.4*treb;
per_frame_9=mv_r = 0.2*mid;
per_pixel_1=rot=pow(-ang,3)/10-1.19*sin(ang);
per_pixel_2=zoom=sin(pow(-rad,3))+1.4+0.0*sin(time);
per_pixel_3=dx = 0.1;
