[preset00]
fRating=3.000000
fGammaAdj=1.000000
fDecay=0.900000
fVideoEchoZoom=300.000000
fVideoEchoAlpha=0.300000
nVideoEchoOrientation=0
nWaveMode=6
bAdditiveWaves=1
bWaveDots=0
bWaveThick=0
bModWaveAlphaByVolume=1
bMaximizeWaveColor=0
bTexWrap=0
bDarkenCenter=0
bRedBlueStereo=0
bBrighten=1
bDarken=0
bSolarize=0
bInvert=0
fWaveAlpha=2.518211
fWaveScale=0.041080
fWaveSmoothing=0.000000
fWaveParam=0.000000
fModWaveAlphaStart=0.550000
fModWaveAlphaEnd=2.000000
fWarpAnimSpeed=1.530000
fWarpScale=1.731000
fZoomExponent=0.998170
fShader=0.000000
zoom=1.000223
rot=0.000000
cx=0.500000
cy=0.500000
dx=0.000000
dy=0.000000
warp=0.140100
sx=1.006000
sy=0.999900
wave_r=1.000000
wave_g=0.500000
wave_b=0.500000
wave_x=0.500000
wave_y=0.500000
ob_size=0.010000
ob_r=0.000000
ob_g=0.000000
ob_b=0.000000
ob_a=0.000000
ib_size=0.010000
ib_r=0.250000
ib_g=0.250000
ib_b=0.250000
ib_a=0.000000
nMotionVectorsX=64.000000
nMotionVectorsY=48.000000
mv_dx=0.000000
mv_dy=0.000000
mv_l=0.900000
mv_r=0.500000
mv_g=0.600000
mv_b=0.600000
mv_a=0.000000
per_frame_1=warp=0;
per_frame_2=wave_r = sin((bass+bass_att)*35)*0.5+0.5;
per_frame_3=wave_b = cos((treb_att+treb)*72)*0.5+0.5;
per_frame_4=wave_g = cos((mid_att+mid)*84)*0.5+0.5;
per_frame_5=decay = 0.6;
per_pixel_1=sy = sy +if(above(3.14-ang,0),0.1,-0.1);
per_pixel_2=zoom = 1.2+rad;
