[preset00]
fRating=3.000000
fGammaAdj=2.988001
fDecay=0.980000
fVideoEchoZoom=2.000000
fVideoEchoAlpha=0.000000
nVideoEchoOrientation=0
nWaveMode=2
bAdditiveWaves=0
bWaveDots=0
bWaveThick=1
bModWaveAlphaByVolume=0
bMaximizeWaveColor=0
bTexWrap=0
bDarkenCenter=1
bRedBlueStereo=0
bBrighten=0
bDarken=0
bSolarize=0
bInvert=0
fWaveAlpha=0.800000
fWaveScale=1.190786
fWaveSmoothing=0.700000
fWaveParam=0.000000
fModWaveAlphaStart=0.750000
fModWaveAlphaEnd=0.950000
fWarpAnimSpeed=1.000000
fWarpScale=2.853000
fZoomExponent=1.000000
fShader=0.000000
zoom=0.999972
rot=0.000000
cx=0.500000
cy=0.500000
dx=0.000000
dy=0.000000
warp=0.000000
sx=1.000000
sy=1.000000
wave_r=0.400000
wave_g=0.400000
wave_b=0.400000
wave_x=0.500000
wave_y=0.500000
ob_size=0.010000
ob_r=0.000000
ob_g=0.000000
ob_b=0.000000
ob_a=0.000000
ib_size=0.010000
ib_r=1.000000
ib_g=1.000000
ib_b=1.000000
ib_a=1.000000
nMotionVectorsX=64.000000
nMotionVectorsY=48.000000
mv_dx=0.000000
mv_dy=0.000000
mv_l=0.000000
mv_r=1.000000
mv_g=1.000000
mv_b=1.000000
mv_a=0.000000
per_frame_1=warp=0;
per_frame_2=q8 = oldq8+if(above(bass+bass_att,2.8),q8+0.0005*pow((bass+bass_att-1),8),0);
per_frame_3=oldq8 = q8;
per_frame_4=monitor = q8;
per_frame_5=zoom = zoom + 0.023*( 0.60*sin(0.339*q8) + 0.40*sin(0.276*q8) );
per_frame_6=rot = rot + 0.030*( 0.60*sin(0.381*q8) + 0.40*sin(0.579*q8) );
per_frame_7=wave_r = wave_r + 0.400*( 0.60*sin(5.533*time) + 0.40*sin(1.045*time) );
per_frame_8=wave_g = wave_g + 0.400*( 0.60*sin(5.900*time) + 0.40*sin(0.956*time) );
per_frame_9=wave_b = wave_b + 0.400*( 0.60*sin(4.910*time) + 0.40*sin(0.920*time) );
per_frame_10=ib_r = wave_r;
per_frame_11=ib_b = wave_b;
per_frame_12=ib_g = wave_g;
per_pixel_1=rot=0.06+0.06*tan(ang*4+sin(q8));
per_pixel_2=rot = rot + zoom*0.1;
