[preset00]
fRating=4.000000
fGammaAdj=1.000000
fDecay=0.989000
fVideoEchoZoom=0.999510
fVideoEchoAlpha=0.500000
nVideoEchoOrientation=1
nWaveMode=2
bAdditiveWaves=1
bWaveDots=0
bWaveThick=0
bModWaveAlphaByVolume=0
bMaximizeWaveColor=1
bTexWrap=1
bDarkenCenter=0
bRedBlueStereo=0
bBrighten=0
bDarken=0
bSolarize=0
bInvert=0
fWaveAlpha=2.781664
fWaveScale=0.620217
fWaveSmoothing=0.360000
fWaveParam=0.000000
fModWaveAlphaStart=0.750000
fModWaveAlphaEnd=0.950000
fWarpAnimSpeed=1.000000
fWarpScale=1.000000
fZoomExponent=6.811273
fShader=0.800000
zoom=1.009898
rot=0.000000
cx=0.470000
cy=0.500000
dx=0.000000
dy=0.000000
warp=1.000000
sx=0.990000
sy=0.446651
wave_r=0.500000
wave_g=0.500000
wave_b=0.500000
wave_x=0.500000
wave_y=0.500000
ob_size=0.010000
ob_r=0.000000
ob_g=0.000000
ob_b=0.000000
ob_a=0.000000
ib_size=0.000000
ib_r=0.500000
ib_g=0.500000
ib_b=0.500000
ib_a=0.000000
nMotionVectorsX=12.000000
nMotionVectorsY=9.000000
mv_dx=0.000000
mv_dy=0.000000
mv_l=0.900000
mv_r=1.000000
mv_g=1.000000
mv_b=1.000000
mv_a=0.000000
per_frame_1=wave_r = wave_r + 0.350*( 0.60*sin(0.980*time) + 0.40*sin(1.047*time) );
per_frame_2=wave_g = wave_g + 0.350*( 0.60*sin(0.835*time) + 0.40*sin(1.081*time) );
per_frame_3=wave_b = wave_b + 0.350*( 0.60*sin(0.814*time) + 0.40*sin(1.011*time) );
per_frame_4=rot = rot + 0.030*( 0.60*sin(0.381*time) + 0.40*sin(0.479*time) );
per_frame_5=cx = cx + 0.110*( 0.60*sin(0.374*time) + 0.40*sin(0.294*time) );
per_frame_6=cy = cy + 0.110*( 0.60*sin(0.393*time) + 0.40*sin(0.223*time) );
per_frame_7=zoom=zoom+0.05+0.05*sin(time*0.133);
per_pixel_1=sx= max(0.9+abs(0.1*cos(x*rad)),1);
per_pixel_2=sy= 1+0.1*abs(sin(rad));
