[preset00]
fRating=3.000000
fGammaAdj=1.000000
fDecay=0.999000
fVideoEchoZoom=0.999609
fVideoEchoAlpha=0.500000
nVideoEchoOrientation=1
nWaveMode=5
bAdditiveWaves=1
bWaveDots=0
bModWaveAlphaByVolume=1
bMaximizeWaveColor=0
bTexWrap=0
bDarkenCenter=0
bRedBlueStereo=0
bBrighten=0
bDarken=0
bSolarize=0
bInvert=0
fWaveAlpha=4.099998
fWaveScale=0.842828
fWaveSmoothing=0.630000
fWaveParam=0.000000
fModWaveAlphaStart=0.710000
fModWaveAlphaEnd=1.300000
fWarpAnimSpeed=1.000000
fWarpScale=1.331000
fZoomExponent=1.000000
fShader=1.000000
zoom=1.000000
rot=0.000000
cx=0.500000
cy=0.500000
dx=0.000000
dy=0.000000
warp=0.010100
sx=1.000000
sy=1.000000
wave_r=0.650000
wave_g=0.650000
wave_b=0.650000
wave_x=0.500000
wave_y=0.500000
ob_size=0.500000
ob_r=0.010000
ob_g=0.000000
ob_b=0.000000
ob_a=0.000000
ib_size=0.260000
ib_r=0.250000
ib_g=0.250000
ib_b=0.250000
ib_a=0.000000
nMotionVectorsX=2.240001
nMotionVectorsY=48.000000
mv_l=0.000000
mv_r=1.000000
mv_g=1.000000
mv_b=1.000000
mv_a=1.000000
per_frame_1=xdx =dx -0.0005;
per_frame_2=xdy = dy-0.0005;
per_frame_3=mv_l = 3000-bass;
per_frame_4=mv_r=treb;
per_frame_5=mv_g=bass;
per_frame_6=mv_b=mid;
per_frame_7=mv_a=bass_att-treb_att/3;
per_frame_8=mult=0.008/(dist+0.5);
per_frame_9=bass_effect = max(max(bass,bass_att)-1.3,0);
per_frame_10=decay = if(above(bass_effect,0),0.97-0.15*(bass_effect),0.9995);
per_frame_11=q1 = bass_effect;
per_frame_12=warp =0;
per_frame_13=wave_b = 0.499+0.5*sin(0.987*time);
per_frame_14=wave_r = 0.799+0.2*sin(0.645*time);
per_frame_15=wave_g = 0.499+0.1*sin(0.567*time);
per_frame_16=monitor = decay;
per_pixel_1=rot = 0.02*sin(1-rad)+ 0.05*q1;
per_pixel_2=warp = 0.012*sin(ang);
per_pixel_3=zoom=zoom-(bass_att-1)*0.08;
