[preset00]
fRating=3.000000
fGammaAdj=2.000000
fDecay=0.970000
fVideoEchoZoom=2.000000
fVideoEchoAlpha=0.000000
nVideoEchoOrientation=0
nWaveMode=7
bAdditiveWaves=0
bWaveDots=0
bWaveThick=0
bModWaveAlphaByVolume=0
bMaximizeWaveColor=1
bTexWrap=1
bDarkenCenter=0
bRedBlueStereo=0
bBrighten=0
bDarken=0
bSolarize=0
bInvert=0
fWaveAlpha=1.958904
fWaveScale=0.010000
fWaveSmoothing=0.360000
fWaveParam=0.000000
fModWaveAlphaStart=0.750000
fModWaveAlphaEnd=0.950000
fWarpAnimSpeed=1.000000
fWarpScale=1.000000
fZoomExponent=1.000000
fShader=0.000000
zoom=1.000000
rot=0.000000
cx=0.500000
cy=0.500000
dx=0.000000
dy=0.000000
warp=1.000000
sx=1.000000
sy=1.000000
wave_r=0.500000
wave_g=0.500000
wave_b=0.500000
wave_x=0.000000
wave_y=0.100000
ob_size=0.030000
ob_r=0.200000
ob_g=0.000000
ob_b=0.000000
ob_a=0.000000
ib_size=0.010000
ib_r=0.250000
ib_g=0.250000
ib_b=0.250000
ib_a=0.000000
nMotionVectorsX=64.000000
nMotionVectorsY=48.000000
mv_dx=-0.000000
mv_dy=0.000000
mv_l=0.000000
mv_r=0.000000
mv_g=0.700000
mv_b=1.000000
mv_a=1.000000
per_frame_1=warp = 0;
per_frame_2=wave_a = 1;
per_frame_3=ib_a = 1;
per_frame_4=ob_size = .6+bass*.2;
per_frame_5=ib_r = .6+.3*sin(time*.8);
per_frame_6=ib_g = .6+.3*sin(time*7);
per_frame_7=ib_b = .6+.3*sin(time);
per_frame_8=wave_r = 0.7 + 0.3*sin(time*0.873);
per_frame_9=wave_b = 0.4+0.3*sin(time*1.063);
per_frame_10=wave_g = 0.4+0.3*sin(time*1.142);
per_frame_11=basscheck =above(bass+bass_att,2.5);
per_frame_12=mv_r = 0.2*treb_att;
per_frame_13=mv_g = mv_g - 0.2*treb_att;
per_frame_14=mv_l = 0.5;
per_frame_15=mv_a = if(basscheck,0.8*treb_att,0);
per_frame_16=wave_a = if(basscheck,1,0);
per_pixel_1=zoom = if(above(x,.3+bass*.2),if(below(x,.7-bass*.2),if(below(y,.7-bass*.2),if(above(y,.3+bass*.2), .57,x),x),y),y);
