[preset00]
fRating=3.000000
fGammaAdj=1.000000
fDecay=0.980000
fVideoEchoZoom=0.999838
fVideoEchoAlpha=0.500000
nVideoEchoOrientation=1
nWaveMode=7
bAdditiveWaves=0
bWaveDots=0
bModWaveAlphaByVolume=0
bMaximizeWaveColor=1
bTexWrap=0
bDarkenCenter=0
bMotionVectorsOn=1
bRedBlueStereo=0
nMotionVectorsX=64
nMotionVectorsY=3
bBrighten=0
bDarken=0
bSolarize=0
bInvert=0
fWaveAlpha=35.318443
fWaveScale=0.721421
fWaveSmoothing=0.792000
fWaveParam=-0.800000
fModWaveAlphaStart=0.750000
fModWaveAlphaEnd=0.970000
fWarpAnimSpeed=0.010000
fWarpScale=0.010000
fZoomExponent=1.030300
fShader=0.500000
zoom=0.992400
rot=0.000000
cx=1.069900
cy=1.069999
dx=0.000000
dy=0.000000
warp=0.010000
sx=1.000000
sy=1.000000
wave_r=0.250000
wave_g=0.260000
wave_b=0.270000
wave_x=0.500000
wave_y=0.510000
ob_size=0.005000
ob_r=0.000000
ob_g=0.000000
ob_b=0.000000
ob_a=0.500000
ib_size=0.055000
ib_r=0.250000
ib_g=0.250000
ib_b=0.250000
ib_a=0.500000
per_frame_1=bass_effect = max(0,max(bass_att,bass)-1.15);
per_frame_2=wave_r =  0.8+ 0.2*sin(1.045*time);
per_frame_3=wave_r = if(above(bass_effect,0), 1, wave_r);
per_frame_4=wave_g = 0.8 + 0.20*sin(0.956*time);
per_frame_5=wave_g = if(above(bass_effect,0), 0, wave_g);
per_frame_6=wave_b = 0.65 + 0.35*sin(0.920*time);
per_frame_7=wave_b = if(above(bass_effect,0), 0, wave_b);
per_frame_8=cx = cx + 0.02*( 0.60*sin(0.374*time) + 0.40*sin(0.294*time) );
per_frame_9=cy = cy + 0.02*( 0.60*sin(0.393*time) + 0.40*sin(0.223*time) );
per_frame_10=ib_r = ib_r + 0.2*sin(time*0.713);
per_frame_11=ib_g = ib_g + 0.2*sin(time*0.6459);
per_frame_12=ib_b = ib_b + 0.2*sin(time*0.4354);
per_frame_13=ob_r = 0.5 - 0.2*sin(time*0.513);
per_frame_14=ob_g = 0.5 - 0.3*sin(time*0.459);
per_frame_15=ob_b = 0.5 - 0.2*sin(time*0.754);
per_frame_16=wave_x = 0.5 + sin(time/6.2)/20;
per_frame_17=wave_y = 0.5 -sin(time/4.3)/20;
per_frame_18=wave_mystery = -time/11
per_pixel_1=rot =   ( 0.60*sin(0.381*time) + 0.40*sin(0.579*time) )/30+ sin(rad+ang)/60-sin(x/y)/60;
per_pixel_2=zoom = 1 + ( 0.60*sin(0.339*time) + 0.20*sin(0.276*time) )/50 + pow(sin(ang-rad),3)/60;
per_pixel_3=cy = if(below(rad,0.5), 1+sin(1-rad*ang)/40,1-sin(1-rad/ang)/50);
per_pixel_4=dy =0.008 +0.005*sin(time/8.3);
