[preset00]
fRating=2.000000
fGammaAdj=2.000000
fDecay=0.980000
fVideoEchoZoom=2.000000
fVideoEchoAlpha=0.000000
nVideoEchoOrientation=0
nWaveMode=0
bAdditiveWaves=0
bWaveDots=0
bWaveThick=0
bModWaveAlphaByVolume=0
bMaximizeWaveColor=1
bTexWrap=0
bDarkenCenter=0
bRedBlueStereo=0
bBrighten=0
bDarken=0
bSolarize=0
bInvert=0
fWaveAlpha=0.800000
fWaveScale=0.170448
fWaveSmoothing=0.750000
fWaveParam=0.000000
fModWaveAlphaStart=0.750000
fModWaveAlphaEnd=0.950000
fWarpAnimSpeed=1.000000
fWarpScale=1.000000
fZoomExponent=1.000000
fShader=0.000000
zoom=1.000000
rot=0.000000
cx=0.500000
cy=0.500000
dx=0.000000
dy=0.000000
warp=1.000000
sx=1.000000
sy=1.000000
wave_r=0.100000
wave_g=0.500000
wave_b=0.500000
wave_x=0.500000
wave_y=0.500000
ob_size=0.010000
ob_r=0.000000
ob_g=0.000000
ob_b=0.000000
ob_a=0.000000
ib_size=0.010000
ib_r=0.600000
ib_g=0.000000
ib_b=0.000000
ib_a=0.000000
nMotionVectorsX=12.000000
nMotionVectorsY=12.000000
mv_dx=0.000000
mv_dy=0.000000
mv_l=0.900000
mv_r=1.000000
mv_g=1.000000
mv_b=1.000000
mv_a=0.000000
per_frame_1=warp = 0;
per_frame_2=red_value = if(above(bass,1.15),3*(1-bass)+abs(sin(time/3)/10),if(above(treb,1.0),0, sin(time/2.5)/10+0.65));
per_frame_3=blue_value = if(above(bass,1.15),0.5+abs(sin(time/3)/10),if(above(treb,1.0),0.7, 0.3-treb-sin(time/2.5)/10));
per_frame_4=green_value = if(above(bass,1.15),1-abs(sin(time/3)/10),if(above(treb,1.0),0.6, sin(time/2.5)/10+0.3));
per_frame_5=wave_r = red_value;
per_frame_6=wave_g = green_value;
per_frame_7=wave_b = blue_value;
per_frame_8=bass_effect = max(0,max(bass_att,bass)-1);
per_frame_9=treb_effect = max(0,max(treb_att,treb)-1);
per_frame_10=wave_mystery = 0.015 + 0.005*sin(mid*10)+0.2*bass_effect - 0.15*treb_effect;
per_pixel_1=dy = if(below(abs(x-0.5),0.15), if(below(y,0.35), -0.006, if(below(y,0.5), 0.00, if(below(y,0.65), -0.00, 0.006))), 0);
per_pixel_2=dy = dy - if(below(y, 0.65), if(above(y, 0.35), 0.1*(y-0.5) + 0.01*sin(x*30+sign(x-0.5)*time*4), 0), 0);
per_pixel_3=dx = if(below(abs(y-0.5),0.15), if(below(x,0.35), -0.006, if(below(x,0.5), 0.00, if(below(x,0.65), -0.00, 0.006))), 0);
per_pixel_4=dx = dx - if(below(x, 0.65), if(above(x, 0.35), 0.1*(x-0.5) + 0.01*sin(y*30+sign(y-0.5)*time*4), 0), 0);
per_pixel_5=zoom = if(below(abs(x-y), 0.05), 1.015, if(below(abs(1 - (x+y)), 0.05), 1.015, zoom));
per_pixel_6=zoom = zoom- 0.05*log(sqrt(2)-rad);
