[preset00]
fRating=3.500000
fGammaAdj=1.000000
fDecay=0.900000
fVideoEchoZoom=1.000494
fVideoEchoAlpha=0.000000
nVideoEchoOrientation=0
nWaveMode=5
bAdditiveWaves=1
bWaveDots=0
bModWaveAlphaByVolume=1
bMaximizeWaveColor=1
bTexWrap=1
bDarkenCenter=0
bRedBlueStereo=0
bBrighten=0
bDarken=0
bSolarize=0
bInvert=0
fWaveAlpha=1.005730
fWaveScale=0.535239
fWaveSmoothing=0.000000
fWaveParam=0.000000
fModWaveAlphaStart=1.489999
fModWaveAlphaEnd=0.750000
fWarpAnimSpeed=1.000000
fWarpScale=1.331000
fZoomExponent=1.000000
fShader=0.000000
zoom=0.999500
rot=0.000000
cx=0.500000
cy=0.500000
dx=0.000000
dy=0.000000
warp=0.010000
sx=0.779700
sy=1.000000
wave_r=0.500000
wave_g=0.500000
wave_b=0.500000
wave_x=0.500000
wave_y=0.500000
ob_size=0.005000
ob_r=0.000000
ob_g=0.000000
ob_b=0.000000
ob_a=1.000000
ib_size=0.005000
ib_r=0.000000
ib_g=0.000000
ib_b=0.000000
ib_a=1.000000
nMotionVectorsX=64.000000
nMotionVectorsY=1.008000
mv_l=0.000000
mv_r=1.000000
mv_g=0.000000
mv_b=0.000000
mv_a=1.000000
per_frame_1=wave_r = wave_r + 0.350*( 0.60*sin(0.825*time) + 0.40*sin(0.915*time) );
per_frame_2=wave_g = wave_g + 0.350*( 0.60*mid_att + 0.40*sin(1.025*time) );
per_frame_3=wave_b = wave_b + 0.350*( 0.60*treb_att + 0.40*sin(0.950*time) );
per_frame_4=ib_r=bass*2;
per_frame_5=ib_b=treb*2;
per_frame_6=ib_g=mid*2;
per_frame_7=ob_r=mid_att+0.5*time;
per_frame_8=ob_b=bass_att+0.514*time;
per_frame_9=ob_g=treb_att+0.56*time;
per_frame_10=dx =dx -0.0005;
per_frame_11=dy = dy -0.0005;
per_frame_12=bass_effect = max(max(bass,bass_att)-1.3,0);
per_frame_13=mv_l = bass_effect;
per_frame_14=mv_y = 3;
per_frame_15=mv_r = 1-wave_r;
per_frame_16=mv_b = 1-wave_b;
per_frame_17=mv_g = 1 - wave_g;
per_pixel_1=zoom = zoom-0.2-(0.10-bass_att)*0.15;
per_pixel_2=rot = -ang;
per_pixel_3=dx = dx -0.1*log10(sqrt(2)-rad)*bass;
per_pixel_4=xxxdy = dy -0.1*log10(sqrt(2)-rad);
