[preset00]
fRating=3.000000
fGammaAdj=1.994000
fDecay=0.970000
fVideoEchoZoom=0.999609
fVideoEchoAlpha=0.500000
nVideoEchoOrientation=1
nWaveMode=0
bAdditiveWaves=0
bWaveDots=0
bWaveThick=1
bModWaveAlphaByVolume=0
bMaximizeWaveColor=0
bTexWrap=1
bDarkenCenter=0
bRedBlueStereo=0
bBrighten=0
bDarken=0
bSolarize=0
bInvert=0
fWaveAlpha=4.099998
fWaveScale=0.826782
fWaveSmoothing=0.630000
fWaveParam=-0.520000
fModWaveAlphaStart=0.710000
fModWaveAlphaEnd=1.300000
fWarpAnimSpeed=1.000000
fWarpScale=1.331000
fZoomExponent=1.000000
fShader=0.000000
zoom=0.999514
rot=0.000000
cx=0.500000
cy=0.500000
dx=0.000000
dy=0.000000
warp=0.009091
sx=1.000000
sy=1.000000
wave_r=0.000000
wave_g=0.550000
wave_b=0.600000
wave_x=0.500000
wave_y=0.500000
ob_size=0.001000
ob_r=0.200000
ob_g=0.400000
ob_b=0.300000
ob_a=0.300000
ib_size=0.005000
ib_r=0.350000
ib_g=0.300000
ib_b=0.300000
ib_a=0.800000
nMotionVectorsX=19.199995
nMotionVectorsY=14.400000
mv_dx=0.000000
mv_dy=0.000000
mv_l=1.000000
mv_r=0.000000
mv_g=0.400000
mv_b=0.000000
mv_a=0.000000
per_frame_1=wave_b=wave_b + 0.5*sin(1.76*time);
per_frame_2=wave_g= 0.5+0.3*sin(1.45*time);
per_frame_3=rot =0.0231*(bass+bass_att);
per_frame_4=wave_r = 10*rot;
per_frame_5=ob_b = ob_b +0.2*sin(time*0.62);
per_frame_6=ob_r = ob_r + 0.2*sin(time*0.73);
per_frame_7=ob_g = ob_g + 0.15*sin(time*0.87);
per_frame_8=ib_a = if(above((treb+treb_att),3),0.2*(treb+treb_att),0);
per_frame_9=ib_r = ib_r +0.15*sin(time*0.81) + 0.5*ib_a;
per_frame_10=ib_b = ib_b +0.16*sin(time*0.678) + 0.5*ib_a;
per_frame_11=ib_g = ib_g +0.18*sin(time*0.761) +0.5*ib_a;
per_frame_12=dy = dy -0.01+0.2*rot ;
per_pixel_1=zoom=zoom+0.01*tan(sqrt(ang));
