[preset00]
fRating=3.000000
fGammaAdj=1.000000
fDecay=0.981000
fVideoEchoZoom=1.006596
fVideoEchoAlpha=0.000000
nVideoEchoOrientation=3
nWaveMode=7
bAdditiveWaves=1
bWaveDots=0
bModWaveAlphaByVolume=0
bMaximizeWaveColor=0
bTexWrap=0
bDarkenCenter=1
bRedBlueStereo=0
bBrighten=0
bDarken=0
bSolarize=0
bInvert=0
fWaveAlpha=100.000000
fWaveScale=0.047729
fWaveSmoothing=0.630000
fWaveParam=0.000000
fModWaveAlphaStart=0.710000
fModWaveAlphaEnd=1.300000
fWarpAnimSpeed=1.000000
fWarpScale=1.331000
fZoomExponent=1.000000
fShader=0.000000
zoom=1.000000
rot=0.002000
cx=0.500000
cy=0.500000
dx=0.000000
dy=0.000000
warp=0.010000
sx=1.000000
sy=1.000000
wave_r=0.650000
wave_g=0.650000
wave_b=0.650000
wave_x=0.500000
wave_y=0.120000
ob_size=0.500000
ob_r=0.010000
ob_g=0.000000
ob_b=0.000000
ob_a=0.000000
ib_size=0.260000
ib_r=0.250000
ib_g=0.250000
ib_b=0.250000
ib_a=0.000000
nMotionVectorsX=6.399999
nMotionVectorsY=18.599998
mv_l=0.900000
mv_r=0.600000
mv_g=0.590000
mv_b=0.500000
mv_a=0.048000
per_frame_1=dx = dx - 0.0005;
per_frame_2=dy = dy - 0.0005;
per_frame_3=wave_g = 0.35 + 0.3*sin(time*0.325);
per_frame_4=wave_b = 0.5 + 0.48*sin(time*0.984);
per_frame_5=wave_r = 0.2 + 0.2*sin(time*0.487);
per_frame_6=mv_x = 44 + 20*sin(time*0.946);
per_frame_7=mv_y = 28 + 20*sin(time*0.2551);
per_frame_8=mv_g = 0.35 - 0.3*sin(time*0.325);
per_frame_9=mv_b = 0.5 - 0.48*sin(time*0.984);
per_frame_10=mv_r = 0.8 - 0.2*sin(time*0.487);
per_frame_11=wave_mystery = time/8;
per_frame_12=monitor = wave_mystery;
per_frame_13=bass_effect = max(max(bass,bass_att)-1.3,0);
per_frame_14=q1 = bass_effect;
per_frame_15=rot = 0.0003;
per_pixel_1=zoom = 1.16+q1;
per_pixel_2=zoomexp = 1000-rad;
per_pixel_3=sy = 1.0 + 0.15*(1-rad);
per_pixel_4=sx = 1.0 + 0.15*(1-rad);
