[preset00]
fRating=3.000000
fGammaAdj=2.839900
fDecay=0.935000
fVideoEchoZoom=1.006500
fVideoEchoAlpha=0.000000
nVideoEchoOrientation=3
nWaveMode=0
bAdditiveWaves=1
bWaveDots=0
bWaveThick=0
bModWaveAlphaByVolume=1
bMaximizeWaveColor=0
bTexWrap=1
bDarkenCenter=0
bRedBlueStereo=0
bBrighten=1
bDarken=0
bSolarize=0
bInvert=1
fWaveAlpha=0.001208
fWaveScale=0.010000
fWaveSmoothing=0.540000
fWaveParam=-0.300000
fModWaveAlphaStart=0.389900
fModWaveAlphaEnd=0.660000
fWarpAnimSpeed=1.082857
fWarpScale=1.331000
fZoomExponent=1.000000
fShader=0.480000
zoom=1.180200
rot=0.320000
cx=0.500000
cy=0.500000
dx=0.005000
dy=0.000000
warp=0.010000
sx=1.000000
sy=1.000000
wave_r=0.100000
wave_g=0.100000
wave_b=0.100000
wave_x=0.490000
wave_y=0.510000
ob_size=0.005000
ob_r=0.800000
ob_g=0.000000
ob_b=0.300000
ob_a=0.060000
ib_size=0.015000
ib_r=0.500000
ib_g=0.300000
ib_b=0.210000
ib_a=0.060000
nMotionVectorsX=64.000000
nMotionVectorsY=48.000000
mv_dx=0.000000
mv_dy=0.000000
mv_l=5.000000
mv_r=0.329900
mv_g=0.200000
mv_b=0.590000
mv_a=0.030000
per_frame_1=ob_a=ob_a+0.01*(bass_att);
per_frame_2=aaa=bass_att-0.72;
per_frame_3=ib_size=ib_size+0.1*(bass_att);
per_frame_4=ob_g=ob_g+sin(treb_att*.2);
per_frame_5=ob_r=ob_r+0.2*sin(time*0.14);
per_frame_6=zoom=zoom-0.16*(treb_att+treb);
per_frame_7=ib_a=ib_a+0.01*(bass_att);
per_frame_8=mv_r=mv_r+0.2*sin(time*1.33);
per_frame_9=mv_b=mv_b+0.4*sin(time*1.12);
per_frame_10=mv_g=mv_g+0.2*sin(time*1.25);
per_frame_11=mv_a=mv_a+0.012*sin(time*1.3);
per_frame_12=wave_r=mv_r;
per_frame_13=wave_g=mv_g;
per_frame_14=wave_b=mv_b;
per_frame_15=ob_size=if(above(aaa,1.1),0.12,0.05);
per_frame_16=rot=1.55+0.5*sin(time) + 0.15*bass;
per_frame_17=warp =0;
per_frame_18=mv_l = 10;
