[preset00]
fRating=4.000000
fGammaAdj=1.700000
fDecay=0.965000
fVideoEchoZoom=0.999608
fVideoEchoAlpha=0.500000
nVideoEchoOrientation=1
nWaveMode=7
bAdditiveWaves=1
bWaveDots=0
bWaveThick=0
bModWaveAlphaByVolume=1
bMaximizeWaveColor=0
bTexWrap=1
bDarkenCenter=0
bRedBlueStereo=0
bBrighten=0
bDarken=0
bSolarize=0
bInvert=0
fWaveAlpha=4.099998
fWaveScale=1.285751
fWaveSmoothing=0.630000
fWaveParam=0.000000
fModWaveAlphaStart=0.710000
fModWaveAlphaEnd=1.200000
fWarpAnimSpeed=1.000000
fWarpScale=1.331000
fZoomExponent=0.896323
fShader=0.000000
zoom=0.904846
rot=0.000000
cx=0.500000
cy=0.500000
dx=0.000000
dy=0.000000
warp=0.199863
sx=1.000000
sy=1.000000
wave_r=0.650000
wave_g=0.650000
wave_b=0.650000
wave_x=0.500000
wave_y=0.500000
ob_size=0.500000
ob_r=0.010000
ob_g=0.000000
ob_b=0.000000
ob_a=0.000000
ib_size=0.260000
ib_r=0.250000
ib_g=0.250000
ib_b=0.250000
ib_a=0.000000
nMotionVectorsX=64.000000
nMotionVectorsY=1.000000
mv_dx=0.000000
mv_dy=0.000000
mv_l=0.900000
mv_r=1.000000
mv_g=1.000000
mv_b=1.000000
mv_a=1.000000
per_frame_1=wave_r = wave_r + 0.5*sin(time*1.44);
per_frame_2=wave_b = wave_b + 0.5*sin(time*1.33);
per_frame_3=wave_g = wave_g + 0.5*sin(time*1.23);
per_frame_4=mv_y = 1.25;
per_pixel_1=zoom=1+tan(rad) * sin(ang)/10;
per_pixel_2=rot=0.1*sin(ang+tan(rad)/3)/10;
per_pixel_3=cx = cx-sin(pow(rad-y,5))-sin((1-rad));
per_pixel_4=sy=sy-0.1*log10(y*2+0.2);
