[preset00]
fRating=3.000000
fGammaAdj=1.000000
fDecay=0.900000
fVideoEchoZoom=100.000000
fVideoEchoAlpha=1.000000
nVideoEchoOrientation=3
nWaveMode=5
bAdditiveWaves=1
bWaveDots=1
bModWaveAlphaByVolume=1
bMaximizeWaveColor=0
bTexWrap=0
bDarkenCenter=0
bRedBlueStereo=0
bBrighten=1
bDarken=0
bSolarize=0
bInvert=0
fWaveAlpha=2.518211
fWaveScale=0.088385
fWaveSmoothing=0.000000
fWaveParam=0.000000
fModWaveAlphaStart=0.550000
fModWaveAlphaEnd=2.000000
fWarpAnimSpeed=1.530000
fWarpScale=1.731000
fZoomExponent=0.998170
fShader=0.000000
zoom=1.000223
rot=0.000000
cx=0.500000
cy=0.500000
dx=0.000000
dy=0.000000
warp=0.140100
sx=1.006000
sy=0.999900
wave_r=1.000000
wave_g=0.500000
wave_b=0.500000
wave_x=0.498000
wave_y=0.500000
ob_size=0.010000
ob_r=0.000000
ob_g=0.000000
ob_b=0.000000
ob_a=0.000000
ib_size=0.010000
ib_r=0.250000
ib_g=0.250000
ib_b=0.250000
ib_a=0.000000
nMotionVectorsX=64.000000
nMotionVectorsY=48.000000
mv_l=0.900000
mv_r=0.500000
mv_g=0.600000
mv_b=0.600000
mv_a=0.000000
per_frame_1=warp=0;
per_frame_2=dx=+0.0005;
per_frame_3=dy=-0.0005;
per_frame_4=wave_r = sin(bass*35)*0.5+0.5;
per_frame_5=wave_b = cos(treb*72)*0.5+0.5;
per_frame_6=wave_g = cos(mid*84)*0.5+0.5;
per_frame_7=decay =0.7;
per_frame_8=bass_effect = max(max(bass,bass_att)-1.3,0);
per_frame_9=wave_y = wave_y + if(above(bass_effect,0),0.001, -0.001);
per_pixel_1=sx = sx + rad*0.01;
per_pixel_2=sy = sy +if(above(3.14-ang,0),0.1,-0.1);
