[preset00]
fRating=1.000000
fGammaAdj=1.000000
fDecay=0.900000
fVideoEchoZoom=25.839811
fVideoEchoAlpha=1.000000
nVideoEchoOrientation=0
nWaveMode=6
bAdditiveWaves=1
bWaveDots=1
bWaveThick=0
bModWaveAlphaByVolume=1
bMaximizeWaveColor=0
bTexWrap=0
bDarkenCenter=0
bRedBlueStereo=0
bBrighten=1
bDarken=0
bSolarize=0
bInvert=0
fWaveAlpha=2.518211
fWaveScale=0.120321
fWaveSmoothing=0.000000
fWaveParam=0.000000
fModWaveAlphaStart=0.550000
fModWaveAlphaEnd=2.000000
fWarpAnimSpeed=1.530000
fWarpScale=1.731000
fZoomExponent=0.998170
fShader=0.000000
zoom=1.000223
rot=0.000000
cx=0.500000
cy=0.500000
dx=0.000000
dy=0.000000
warp=0.140100
sx=1.006000
sy=0.999900
wave_r=1.000000
wave_g=0.500000
wave_b=0.500000
wave_x=0.500000
wave_y=0.500000
ob_size=0.010000
ob_r=0.000000
ob_g=0.000000
ob_b=0.000000
ob_a=0.000000
ib_size=0.010000
ib_r=0.250000
ib_g=0.250000
ib_b=0.250000
ib_a=0.000000
nMotionVectorsX=64.000000
nMotionVectorsY=48.000000
mv_dx=0.000000
mv_dy=0.000000
mv_l=0.900000
mv_r=0.500000
mv_g=0.600000
mv_b=0.600000
mv_a=1.000000
per_frame_1=warp=0;
per_frame_2=bass_effect = max(max(bass,bass_effect)-1.3,0);
per_frame_3=mv_a = bass_effect*10;
per_frame_4=mv_r =if(above(mid,treb),0,1);
per_frame_5=mv_x = sin(time*3)*4 + 60.25;
per_frame_6=mv_y = sin(time*5)*5 + 43.25;
per_frame_7=wave_r = sin(time*5)*0.5+0.5;
per_frame_8=wave_b = cos(time*12)*0.5+0.5;
per_frame_9=wave_g = cos(time*14)*0.5+0.5;
per_frame_10=decay = 1.1;
per_pixel_1=sx = sx + rad*0.01;
per_pixel_2=sy = sy +if(above(3.14-ang,0),0.1,-0.1);
