[preset00]
fRating=3.000000
fGammaAdj=1.000000
fDecay=0.980000
fVideoEchoZoom=0.999838
fVideoEchoAlpha=0.500000
nVideoEchoOrientation=2
nWaveMode=7
bAdditiveWaves=0
bWaveDots=0
bModWaveAlphaByVolume=0
bMaximizeWaveColor=1
bTexWrap=0
bDarkenCenter=0
bMotionVectorsOn=1
bRedBlueStereo=0
nMotionVectorsX=64
nMotionVectorsY=1
bBrighten=1
bDarken=0
bSolarize=0
bInvert=0
fWaveAlpha=35.318443
fWaveScale=0.010000
fWaveSmoothing=0.792000
fWaveParam=-1.000000
fModWaveAlphaStart=0.750000
fModWaveAlphaEnd=0.970000
fWarpAnimSpeed=1.444800
fWarpScale=86.134796
fZoomExponent=1.030300
fShader=0.500000
zoom=0.992400
rot=0.000000
cx=1.069900
cy=1.069999
dx=0.000000
dy=0.000000
warp=1.307431
sx=1.000000
sy=1.000000
wave_r=0.250000
wave_g=0.260000
wave_b=0.270000
wave_x=0.500000
wave_y=0.500000
ob_size=0.010000
ob_r=0.500000
ob_g=0.000000
ob_b=0.000000
ob_a=0.100000
ib_size=0.010000
ib_r=0.250000
ib_g=0.250000
ib_b=0.250000
ib_a=1.000000
per_frame_1=wave_r = 0.5 + 0.40*sin(1.45*time);
per_frame_2=wave_g = 0.5 + 0.3*sin(0.956*time);
per_frame_3=wave_b = 0.5 + 0.35*sin(0.820*time);
per_frame_4=cx = cx + 0.110*( 0.60*sin(0.374*time) + 0.40*sin(0.294*time) );
per_frame_5=cy = cy + 0.110*( 0.60*sin(0.393*time) + 0.40*sin(0.223*time) );
per_frame_6=ib_r = ib_r + 0.2*sin(time*0.713);
per_frame_7=ib_g = ib_g + 0.2*sin(time*0.6459);
per_frame_8=ib_b = ib_b + 0.2*sin(time*0.4354);
per_frame_9=wave_mystery = sin(time/6.5);
per_frame_10=wave_y = 0.3+sin(time/5)/5;
per_frame_11=wave_x = 0.5+sin(time/8)/4;
per_frame_12=ob_g= 0.5+ 0.2*sin(time*0.613);
per_frame_13=ob_r = 0.5 + 0.2*sin(time*0.8459);
per_frame_14=ob_b = 0.5 + 0.2*sin(time*0.4354);
per_pixel_1=rot = rot + 0.04*( 0.60*sin(0.381*time) + 0.40*sin(0.579*time) )+ if(above(sin(time/5),0),sin(rad)/30,sin(1-rad)/30);
per_pixel_2=zoom = zoom + 0.013*( 0.60*sin(0.339*time) + 0.40*sin(0.276*time) ) + if(above(sin(1.123*time/4),0),sin(1-rad)/40,-sin(rad)/40);
