[preset00]
fRating=2.000000
fGammaAdj=2.400000
fDecay=0.900000
fVideoEchoZoom=2.000000
fVideoEchoAlpha=0.000000
nVideoEchoOrientation=0
nWaveMode=7
bAdditiveWaves=0
bWaveDots=0
bWaveThick=0
bModWaveAlphaByVolume=0
bMaximizeWaveColor=1
bTexWrap=0
bDarkenCenter=0
bRedBlueStereo=0
bBrighten=0
bDarken=0
bSolarize=0
bInvert=0
fWaveAlpha=0.800000
fWaveScale=0.380046
fWaveSmoothing=0.750000
fWaveParam=0.000000
fModWaveAlphaStart=0.750000
fModWaveAlphaEnd=0.950000
fWarpAnimSpeed=1.000000
fWarpScale=1.000000
fZoomExponent=1.000000
fShader=0.000000
zoom=1.000000
rot=0.000000
cx=0.500000
cy=0.500000
dx=0.000000
dy=0.000000
warp=1.000000
sx=1.000000
sy=1.000000
wave_r=0.100000
wave_g=0.400000
wave_b=0.500000
wave_x=0.500000
wave_y=0.700000
ob_size=0.010000
ob_r=0.000000
ob_g=0.000000
ob_b=0.000000
ob_a=0.000000
ib_size=0.010000
ib_r=0.600000
ib_g=0.000000
ib_b=0.000000
ib_a=0.000000
nMotionVectorsX=64.000000
nMotionVectorsY=5.239999
mv_dx=0.000000
mv_dy=0.000000
mv_l=0.900000
mv_r=1.000000
mv_g=1.000000
mv_b=1.000000
mv_a=1.000000
per_frame_1=warp = 0;
per_frame_2=wave_r = abs(wave_r + 0.6*(sin(time*0.346) + sin(time*1.11)));
per_frame_3=wave_g = wave_g - 0.4* sin(time*1.231);
per_frame_4=wave_b = wave_b + 0.3*cos(time*0.695);
per_frame_5=q1 = max(max(bass,bass_att)-1,0);
per_frame_6=zoom = zoom - 0.02-0.05*q1;
per_frame_7=mv_y = 5.25;
per_pixel_1=dy = 0.001-if(below(y, 0.65), if(above(y, 0.35), (y-0.5) + if(above(q1,0),q1+1,0.5)*0.03*sin(-x*30+time*4), 0), 0);
