[preset00]
fRating=2.000000
fGammaAdj=1.000000
fDecay=0.999000
fVideoEchoZoom=0.999510
fVideoEchoAlpha=0.500000
nVideoEchoOrientation=1
nWaveMode=2
bAdditiveWaves=1
bWaveDots=0
bModWaveAlphaByVolume=0
bMaximizeWaveColor=1
bTexWrap=1
bDarkenCenter=0
bMotionVectorsOn=0
bRedBlueStereo=0
nMotionVectorsX=12
nMotionVectorsY=9
bBrighten=0
bDarken=0
bSolarize=0
bInvert=0
fWaveAlpha=2.781664
fWaveScale=0.620217
fWaveSmoothing=0.360000
fWaveParam=0.000000
fModWaveAlphaStart=0.750000
fModWaveAlphaEnd=0.950000
fWarpAnimSpeed=1.000000
fWarpScale=1.000000
fZoomExponent=6.811273
fShader=0.800000
zoom=1.009898
rot=0.000000
cx=0.470000
cy=0.500000
dx=0.000000
dy=0.000000
warp=1.000000
sx=0.990000
sy=0.446651
wave_r=0.500000
wave_g=0.500000
wave_b=0.500000
wave_x=0.500000
wave_y=0.500000
ob_size=0.010000
ob_r=0.000000
ob_g=0.000000
ob_b=0.000000
ob_a=0.000000
ib_size=0.000000
ib_r=0.500000
ib_g=0.500000
ib_b=0.500000
ib_a=0.000000
per_frame_1=wave_r = wave_r + 0.400*( 0.60*sin(0.933*time) + 0.40*sin(1.045*time) );
per_frame_2=wave_g = wave_g + 0.400*( 0.60*sin(0.900*time) + 0.40*sin(0.956*time) );
per_frame_3=wave_b = wave_b + 0.400*( 0.60*sin(0.910*time) + 0.40*sin(0.920*time) );
per_frame_4=zoom = zoom + 0.023*( 0.60*sin(0.339*time) + 0.40*sin(0.276*time) );
per_frame_5=rot = rot + 0.030*( 0.60*sin(0.381*time) + 0.40*sin(0.579*time) );
per_frame_6=cx = cx + 0.070*( 0.60*sin(0.374*time) + 0.40*sin(0.294*time) );
per_frame_7=cy = cy + 0.070*( 0.60*sin(0.393*time) + 0.40*sin(0.223*time) );
per_pixel_1=zoom=zoom-max(0,(bass-1.2))*sin(time*1.4+rad*6);
per_pixel_2=sx= max(0.9+abs(cos(x*rad)/10),1);
per_pixel_3=sy= 1+abs(sin(rad))/10;
