[preset00]
fRating=3.000000
fGammaAdj=2.000000
fDecay=0.931000
fVideoEchoZoom=1.006596
fVideoEchoAlpha=0.000000
nVideoEchoOrientation=3
nWaveMode=3
bAdditiveWaves=1
bWaveDots=0
bModWaveAlphaByVolume=1
bMaximizeWaveColor=0
bTexWrap=0
bDarkenCenter=0
bMotionVectorsOn=0
bRedBlueStereo=0
nMotionVectorsX=12
nMotionVectorsY=9
bBrighten=0
bDarken=0
bSolarize=0
bInvert=0
fWaveAlpha=4.099998
fWaveScale=0.627609
fWaveSmoothing=0.008000
fWaveParam=0.000000
fModWaveAlphaStart=0.710000
fModWaveAlphaEnd=1.300000
fWarpAnimSpeed=1.000000
fWarpScale=1.331000
fZoomExponent=0.900000
fShader=0.000000
zoom=1.070500
rot=0.000000
cx=0.500000
cy=0.500000
dx=0.005000
dy=0.000000
warp=0.198054
sx=1.000000
sy=1.000000
wave_r=0.650000
wave_g=0.650000
wave_b=0.650000
wave_x=0.760000
wave_y=0.300000
ob_size=0.000000
ob_r=0.010000
ob_g=0.000000
ob_b=0.000000
ob_a=0.059900
ib_size=0.000000
ib_r=0.250000
ib_g=0.250000
ib_b=0.250000
ib_a=0.000000
per_frame_1=wave_r = 0.4 + sin(time)/3;
per_frame_2=wave_b = 0.6 + sin(0.67*time)/3;
per_frame_3=wave_g = 0.3 - cos(1.1*time)/4;
per_frame_4=wave_y = bass/8+0.2;
per_frame_5=wave_x = min(mid/10+0.5,0.85);
per_pixel_1=dx = if(above(y,0.1),0.03*log(x*y)*-0.8,0.03*log(ang));

