[preset00]
fRating=3.000000
fGammaAdj=1.000000
fDecay=0.920000
fVideoEchoZoom=0.999609
fVideoEchoAlpha=0.500000
nVideoEchoOrientation=2
nWaveMode=5
bAdditiveWaves=1
bWaveDots=1
bModWaveAlphaByVolume=0
bMaximizeWaveColor=0
bTexWrap=0
bDarkenCenter=0
bRedBlueStereo=0
bBrighten=0
bDarken=0
bSolarize=0
bInvert=0
fWaveAlpha=4.099998
fWaveScale=0.397105
fWaveSmoothing=0.630000
fWaveParam=-0.550000
fModWaveAlphaStart=0.710000
fModWaveAlphaEnd=1.300000
fWarpAnimSpeed=1.000000
fWarpScale=1.331000
fZoomExponent=1.000000
fShader=0.000000
zoom=0.999514
rot=0.000000
cx=0.500000
cy=0.500000
dx=0.000000
dy=0.000000
warp=0.010000
sx=1.000000
sy=1.000000
wave_r=0.500000
wave_g=0.550000
wave_b=0.600000
wave_x=0.500000
wave_y=0.500000
ob_size=0.005000
ob_r=0.000000
ob_g=1.000000
ob_b=0.300000
ob_a=1.000000
ib_size=0.050000
ib_r=0.000000
ib_g=0.000000
ib_b=0.000000
ib_a=1.000000
nMotionVectorsX=64.000000
nMotionVectorsY=48.000000
mv_l=5.000000
mv_r=0.000000
mv_g=0.000000
mv_b=0.000000
mv_a=0.000000
per_frame_1=wave_r = wave_r+0.5*sin(time*0.983);
per_frame_2=wave_b=wave_b + 0.4*sin(1.16*time);
per_frame_3=wave_g= wave_g+0.4*sin(1.15*time);
per_frame_4=rot =0.015*(bass+bass_att);
per_frame_5=ob_b = 1-wave_g;
per_frame_6=ob_r = if(above(treb,1),1,0);
per_pixel_1=zoom=zoom+ 0.03*tan(ang+ang);
