[preset00]
fRating=3.000000
fGammaAdj=1.000000
fDecay=0.980000
fVideoEchoZoom=0.858342
fVideoEchoAlpha=0.000000
nVideoEchoOrientation=0
nWaveMode=0
bAdditiveWaves=1
bWaveDots=0
bModWaveAlphaByVolume=0
bMaximizeWaveColor=0
bTexWrap=1
bDarkenCenter=0
bRedBlueStereo=0
bBrighten=0
bDarken=0
bSolarize=0
bInvert=0
fWaveAlpha=4.099998
fWaveScale=0.034500
fWaveSmoothing=0.000000
fWaveParam=-0.860000
fModWaveAlphaStart=0.240000
fModWaveAlphaEnd=1.199999
fWarpAnimSpeed=1.000000
fWarpScale=1.331000
fZoomExponent=1.000000
fShader=0.742800
zoom=0.913899
rot=0.000000
cx=0.500000
cy=0.500000
dx=0.000000
dy=0.000000
warp=0.010000
sx=1.000000
sy=1.000000
wave_r=0.650000
wave_g=0.650000
wave_b=0.650000
wave_x=0.500000
wave_y=0.500000
ob_size=0.500000
ob_r=0.290000
ob_g=0.000000
ob_b=0.000000
ob_a=0.000000
ib_size=0.260000
ib_r=0.250000
ib_g=0.250000
ib_b=0.250000
ib_a=0.000000
nMotionVectorsX=25.599995
nMotionVectorsY=10.032009
mv_l=1.600000
mv_r=0.500000
mv_g=0.500000
mv_b=0.500000
mv_a=0.100000
per_frame_1=bass_effect = max(max(bass,bass_att)-1.2,0);
per_frame_2=treb_effect = max(max(treb,treb_att)-1.2,0);
per_frame_3=mid_effect = max(max(mid,mid_att)-1.2,0);
per_frame_4=mv_r = mv_r + 0.400*( 0.5*sin(0.933*time) + (0.5*bass_effect) );
per_frame_5=mv_g = mv_g + 0.400*( 0.5*sin(0.900*time) + (0.5*treb_effect) );
per_frame_6=mv_b = mv_b + 0.400*( 0.5*sin(0.910*time) + (0.5*mid_effect) );
per_frame_7=dx= -0.0005;
per_frame_8=dy=-0.0005;
per_frame_9=warp =0;
per_frame_10=wave_r = mv_r;
per_frame_11=wave_b = mv_b;
per_frame_12=wave_g = mv_g;
per_pixel_1=zoom=zoom-max(0,(bass-1.2))*-abs(sin(time*1.4+rad*6));
per_pixel_2=zoomexp = 200*(sqrt(2)-(0.5*rad));
