[preset00]
fRating=3.000000
fGammaAdj=1.900000
fDecay=0.970000
fVideoEchoZoom=0.999609
fVideoEchoAlpha=0.500000
nVideoEchoOrientation=2
nWaveMode=7
bAdditiveWaves=0
bWaveDots=0
bWaveThick=1
bModWaveAlphaByVolume=0
bMaximizeWaveColor=1
bTexWrap=1
bDarkenCenter=0
bRedBlueStereo=0
bBrighten=0
bDarken=0
bSolarize=0
bInvert=0
fWaveAlpha=0.800000
fWaveScale=1.981000
fWaveSmoothing=0.600000
fWaveParam=1.000000
fModWaveAlphaStart=0.750000
fModWaveAlphaEnd=0.950000
fWarpAnimSpeed=1.000000
fWarpScale=2.853000
fZoomExponent=1.000000
fShader=0.000000
zoom=0.995000
rot=-0.180000
cx=0.500000
cy=0.500000
dx=0.000000
dy=0.000000
warp=0.000000
sx=1.000000
sy=1.000000
wave_r=0.600000
wave_g=0.600000
wave_b=0.600000
wave_x=0.500000
wave_y=0.800000
ob_size=0.010000
ob_r=0.300000
ob_g=1.000000
ob_b=0.300000
ob_a=0.030000
ib_size=0.010000
ib_r=1.000000
ib_g=0.000000
ib_b=0.000000
ib_a=0.020000
nMotionVectorsX=1.536000
nMotionVectorsY=48.000000
mv_dx=2.020000
mv_dy=0.000000
mv_l=0.900000
mv_r=1.000000
mv_g=1.000000
mv_b=1.000000
mv_a=1.000000
per_frame_1=wave_r = wave_r + 0.200*( 0.60*sin(0.933*time) + 0.40*sin(1.045*time) );
per_frame_2=wave_g = wave_g + 0.200*( 0.60*sin(0.900*time) + 0.40*sin(0.956*time) );
per_frame_3=wave_b = wave_b + 0.200*( 0.60*sin(0.910*time) + 0.40*sin(0.920*time) );
per_frame_4=ob_r = ob_r + 0.3*sin(time*0.875);
per_frame_5=ob_b = ob_b +0.3*sin(time*0.432);
per_pixel_1=rot=rot*sin(ang);
per_pixel_2=sx=sx+0.09*Bass*sin(ang*8*x + time*9);
per_pixel_3=sy = sy + 0.1*(0.7-rad/2);
