[preset00]
fRating=3.000000
fGammaAdj=1.490000
fDecay=0.990000
fVideoEchoZoom=1.999996
fVideoEchoAlpha=0.000000
nVideoEchoOrientation=0
nWaveMode=0
bAdditiveWaves=0
bWaveDots=0
bModWaveAlphaByVolume=1
bMaximizeWaveColor=1
bTexWrap=1
bDarkenCenter=0
bMotionVectorsOn=0
bRedBlueStereo=0
nMotionVectorsX=2
nMotionVectorsY=2
bBrighten=0
bDarken=0
bSolarize=0
bInvert=0
fWaveAlpha=0.019600
fWaveScale=3.011203
fWaveSmoothing=0.900000
fWaveParam=-0.500000
fModWaveAlphaStart=0.000000
fModWaveAlphaEnd=0.020000
fWarpAnimSpeed=1.001830
fWarpScale=1.004950
fZoomExponent=29.999495
fShader=1.000000
zoom=0.991909
rot=0.020000
cx=0.500000
cy=0.500000
dx=0.000000
dy=0.000000
warp=0.499227
sx=1.000000
sy=1.000000
wave_r=1.000000
wave_g=1.000000
wave_b=1.000000
wave_x=0.500000
wave_y=0.500000
ob_size=0.010000
ob_r=0.000000
ob_g=0.000000
ob_b=0.000000
ob_a=0.000000
ib_size=0.010000
ib_r=0.250000
ib_g=0.250000
ib_b=0.250000
ib_a=0.000000
per_frame_1=wave_x = wave_x + 0.150*( 0.60*sin(2.121*time) + 0.40*sin(1.621*time) );
per_frame_2=wave_y = wave_y + 0.150*( 0.60*sin(1.742*time) + 0.40*sin(2.322*time) );
per_frame_3=wave_r = wave_r + 0.200*( 0.60*sin(0.823*time) + 0.40*sin(0.916*time) );
per_frame_4=wave_g = wave_g + 0.500*( 0.60*sin(0.900*time) + 0.40*sin(1.023*time) );
per_frame_5=wave_b = wave_b + 0.500*( 0.60*sin(0.808*time) + 0.40*sin(0.949*time) );
per_frame_6=decay = decay - 0.03*equal(frame%30,0);
per_frame_7=dx = sin(time*2.13)/200;
per_frame_8=dy = sin(time*3.15)/100;
per_frame_9=rot = .08*sin(time*2)+.04*sin(time)+.02*sin(time/2);
per_pixel_1=warp=warp*(1-rad);
