[preset00]
fRating=3.000000
fGammaAdj=1.000000
fDecay=1.000000
fVideoEchoZoom=4.946229
fVideoEchoAlpha=0.000000
nVideoEchoOrientation=1
nWaveMode=2
bAdditiveWaves=1
bWaveDots=0
bWaveThick=0
bModWaveAlphaByVolume=0
bMaximizeWaveColor=0
bTexWrap=0
bDarkenCenter=0
bRedBlueStereo=0
bBrighten=0
bDarken=0
bSolarize=0
bInvert=0
fWaveAlpha=4.099998
fWaveScale=1.583349
fWaveSmoothing=0.000000
fWaveParam=0.000000
fModWaveAlphaStart=0.710000
fModWaveAlphaEnd=1.300000
fWarpAnimSpeed=32.544487
fWarpScale=9.737553
fZoomExponent=1.000000
fShader=0.000000
zoom=1.000000
rot=0.000000
cx=0.500000
cy=0.500000
dx=0.000000
dy=0.000000
warp=0.010000
sx=1.000000
sy=1.000000
wave_r=0.950000
wave_g=0.250000
wave_b=0.000000
wave_x=0.500000
wave_y=0.300000
ob_size=0.005000
ob_r=0.010000
ob_g=0.000000
ob_b=0.000000
ob_a=0.600000
ib_size=0.260000
ib_r=0.250000
ib_g=0.250000
ib_b=0.250000
ib_a=0.000000
nMotionVectorsX=12.000000
nMotionVectorsY=9.000000
mv_dx=0.000000
mv_dy=0.000000
mv_l=0.900000
mv_r=1.000000
mv_g=1.000000
mv_b=1.000000
mv_a=0.000000
per_frame_1=dy = dy -0.01;
per_frame_2=bass_effect = max(max(bass,bass_effect)-1.4,0);
per_frame_3=warp = if(above(bass_effect,0),10,0);
per_frame_4=red_rand = int(rand(100));
per_frame_5=blue_rand = int(rand(100));
per_frame_6=wave_r = 0.01*red_rand + 0.2*sin(time*1.311);
per_frame_7=wave_b = 0.01*blue_rand - 0.2*sin(time*1.46);
per_frame_8=wave_g = 1-0.5*(wave_r+wave_b)+ 0.2*cos(time*0.789);
per_frame_init_1=decay = 0.94
