[preset00]
fRating=2.000000
fGammaAdj=2.000000
fDecay=0.980000
fVideoEchoZoom=2.000000
fVideoEchoAlpha=0.000000
nVideoEchoOrientation=0
nWaveMode=6
bAdditiveWaves=0
bWaveDots=0
bModWaveAlphaByVolume=0
bMaximizeWaveColor=1
bTexWrap=1
bDarkenCenter=0
bRedBlueStereo=0
bBrighten=0
bDarken=0
bSolarize=0
bInvert=0
fWaveAlpha=2.600000
fWaveScale=0.858212
fWaveSmoothing=0.500000
fWaveParam=0.500000
fModWaveAlphaStart=0.750000
fModWaveAlphaEnd=0.950000
fWarpAnimSpeed=1.000000
fWarpScale=2.853000
fZoomExponent=3.600000
fShader=0.000000
zoom=1.030112
rot=-0.180000
cx=0.500000
cy=0.500000
dx=0.000000
dy=0.000000
warp=1.420000
sx=1.000000
sy=1.000000
wave_r=0.500000
wave_g=0.500000
wave_b=0.500000
wave_x=0.500000
wave_y=0.550000
ob_size=0.010000
ob_r=0.000000
ob_g=0.000000
ob_b=0.000000
ob_a=0.000000
ib_size=0.010000
ib_r=0.250000
ib_g=0.250000
ib_b=0.250000
ib_a=0.000000
nMotionVectorsX=1.280000
nMotionVectorsY=48.000000
mv_r=1.000000
mv_g=1.000000
mv_b=1.000000
mv_a=0.400000
per_frame_1=wave_r = wave_r + 0.5*( 0.60*sin(0.933*time) + 0.40*sin(1.045*time) );
per_frame_2=wave_g = wave_g + 0.5*( 0.60*sin(0.900*time) + 0.40*sin(0.956*time) );
per_frame_3=wave_b = wave_b + 0.5*( 0.60*sin(0.910*time) + 0.40*sin(0.920*time) );
per_frame_4=zoom = zoom - 0.023*( 0.60*sin(0.339*time) + 0.40*sin(0.276*time) );
per_frame_5=rot = rot + 0.030*( 0.60*sin(0.381*time) + 0.40*sin(0.579*time) );
per_frame_6=decay=decay - 0.01*equal(frame%16,0);
per_frame_7=wave_mystery = 0.5 + 0.4*sin(time*0.207);
per_frame_8=wave_x = wave_x + 0.3*sin(time*0.177);
per_frame_9=cx= cx -0.1*sin(0.7*sin(time*1.11)+0.5*(0.71*time));
per_frame_10=cy= cy +0.1*sin(0.7*sin(time*0.71)+0.5*(0.88*time));
per_frame_11=bass_effect = max(max(bass,bass_effect)-1.4,0);
per_frame_12=treb_effect = max(max(treb,treb_effect)-1.2,0);
per_frame_13=mv_x = 3.99 - min(treb_effect,0.98);
per_frame_14=mv_a = if(above(bass_effect,0),0.7,0);
per_frame_15=mv_r = 1-wave_g;
per_frame_16=mv_b = 1-wave_r;
per_frame_17=mv_g = 1-wave_b;
per_frame_18=monitor = treb_effect;
per_pixel_1=rot=rot+0.1/(rad+0.1)- 0.05*log(sqrt(2)-rad);
per_pixel_2=zoom = zoom + 0.05*log(sqrt(2)-rad);
