[preset00]
fRating=4.000000
fGammaAdj=2.000000
fDecay=0.990000
fVideoEchoZoom=2.000000
fVideoEchoAlpha=0.000000
nVideoEchoOrientation=0
nWaveMode=6
bAdditiveWaves=0
bWaveDots=0
bWaveThick=0
bModWaveAlphaByVolume=0
bMaximizeWaveColor=1
bTexWrap=0
bDarkenCenter=0
bRedBlueStereo=0
bBrighten=0
bDarken=0
bSolarize=0
bInvert=0
fWaveAlpha=0.800000
fWaveScale=0.396379
fWaveSmoothing=0.669000
fWaveParam=0.000000
fModWaveAlphaStart=0.750000
fModWaveAlphaEnd=0.950000
fWarpAnimSpeed=1.000000
fWarpScale=1.000000
fZoomExponent=1.000000
fShader=0.000000
zoom=1.000000
rot=0.000000
cx=0.500000
cy=0.500000
dx=0.000000
dy=0.000000
warp=1.000000
sx=1.000000
sy=1.000000
wave_r=0.500000
wave_g=1.000000
wave_b=0.500000
wave_x=0.500000
wave_y=0.500000
ob_size=0.500000
ob_r=0.000000
ob_g=0.000000
ob_b=0.000000
ob_a=0.000000
ib_size=0.005000
ib_r=1.000000
ib_g=0.250000
ib_b=0.250000
ib_a=1.000000
nMotionVectorsX=12.000000
nMotionVectorsY=9.000000
mv_dx=0.000000
mv_dy=0.000000
mv_l=0.900000
mv_r=1.000000
mv_g=1.000000
mv_b=1.000000
mv_a=0.000000
per_frame_1=warp = 0;
per_frame_2=wave_mystery =0.5* time;
per_frame_3=wave_r = wave_r + 0.5*sin(time*3);
per_frame_4=wave_b = 0.5 + 0.5*sin(0.1*time);
per_frame_5=q1 = q1 + dx_residual;
per_frame_6=q2 = q2 + dy_residual;
per_frame_7=bass_thresh = above(bass_att,bass_thresh)*2 + (1-above(bass_att,bass_thresh))*((bass_thresh-1.3)*0.96+1.3);
per_frame_8=dx_residual = equal(bass_thresh,2)*0.016*sin(time*7) + (1-equal(bass_thresh,2))*dx_residual;
per_frame_9=dy_residual = equal(bass_thresh,2)*0.012*sin(time*9) + (1-equal(bass_thresh,2))*dy_residual;
per_frame_10=q3 = bass_thresh*5;
per_frame_11=ob_SIZE = 0.9;
per_frame_12=ib_b = bass;
per_pixel_1=rot = rot + 0.1*sin(ang*8-(q3));
per_pixel_2=zoom = zoom + pow(abs(rot),.8);
per_pixel_3=zoomexp = 8*zoom;
per_pixel_4=sx = 0.1*rot+1;
per_pixel_5=sy = rot/9 +1;
