[preset00]
fRating=4.000000
fGammaAdj=1.210000
fDecay=1.000000
fVideoEchoZoom=1.111904
fVideoEchoAlpha=1.000000
nVideoEchoOrientation=0
nWaveMode=1
bAdditiveWaves=1
bWaveDots=0
bWaveThick=0
bModWaveAlphaByVolume=1
bMaximizeWaveColor=0
bTexWrap=0
bDarkenCenter=0
bRedBlueStereo=0
bBrighten=0
bDarken=0
bSolarize=0
bInvert=0
fWaveAlpha=4.099998
fWaveScale=0.010000
fWaveSmoothing=0.630000
fWaveParam=0.000000
fModWaveAlphaStart=0.710000
fModWaveAlphaEnd=1.300000
fWarpAnimSpeed=1.000000
fWarpScale=1.331000
fZoomExponent=1.000000
fShader=0.000000
zoom=0.999514
rot=0.000000
cx=0.500000
cy=0.500000
dx=0.000000
dy=0.000000
warp=0.010000
sx=1.000000
sy=1.000000
wave_r=1.000000
wave_g=0.000000
wave_b=1.000000
wave_x=0.500000
wave_y=0.500000
ob_size=0.100000
ob_r=0.000000
ob_g=0.000000
ob_b=0.000000
ob_a=0.100000
ib_size=0.260000
ib_r=0.250000
ib_g=0.250000
ib_b=0.250000
ib_a=0.000000
nMotionVectorsX=9.439999
nMotionVectorsY=9.480000
mv_dx=0.000000
mv_dy=0.000000
mv_l=0.500000
mv_r=1.000000
mv_g=0.000000
mv_b=1.000000
mv_a=0.200000
per_frame_1=warp = 0;
per_frame_2=wave_g = 0;
per_frame_3=wave_r = wave_r +0.5* sin(time*1.23);
per_frame_4=wave_b = wave_b +0.5* sin(time*1.33);
per_frame_5=ob_r = wave_r;
per_frame_6=ob_b = wave_b;
per_frame_7=dx = .3* sin(time);
per_frame_8=dy = .3*cos(3*time);
per_pixel_1=rot = rot + 8*sin(rad);
per_pixel_2=zoom= zoom + .001 *rad;
