[preset00]
fRating=1.000000
fGammaAdj=1.140000
fDecay=0.910000
fVideoEchoZoom=0.237822
fVideoEchoAlpha=0.000000
nVideoEchoOrientation=3
nWaveMode=7
bAdditiveWaves=1
bWaveDots=1
bWaveThick=1
bModWaveAlphaByVolume=0
bMaximizeWaveColor=0
bTexWrap=1
bDarkenCenter=0
bRedBlueStereo=0
bBrighten=1
bDarken=0
bSolarize=0
bInvert=0
fWaveAlpha=2.063777
fWaveScale=0.041491
fWaveSmoothing=0.000000
fWaveParam=0.000000
fModWaveAlphaStart=0.710000
fModWaveAlphaEnd=1.300000
fWarpAnimSpeed=1.000000
fWarpScale=1.331000
fZoomExponent=1.000000
fShader=0.000000
zoom=1.001827
rot=0.000000
cx=0.500000
cy=0.500000
dx=0.000000
dy=0.000000
warp=0.010000
sx=0.905286
sy=0.932718
wave_r=0.035042
wave_g=0.070696
wave_b=0.765431
wave_x=0.503636
wave_y=1.000000
ob_size=0.000000
ob_r=1.000000
ob_g=0.467656
ob_b=1.000000
ob_a=0.177627
ib_size=0.005000
ib_r=0.087100
ib_g=0.722000
ib_b=0.450700
ib_a=0.051768
nMotionVectorsX=11.520000
nMotionVectorsY=10.559999
mv_dx=0.220634
mv_dy=-0.658032
mv_l=3.618678
mv_r=0.548720
mv_g=0.461548
mv_b=0.047223
mv_a=0.255224
per_frame_1=warp = 0;
per_frame_2=wave_r = wave_r + .25*sin(time);
per_frame_3=ib_r = abs(3.5*sqrt(sin(time) * sin(time)));
per_pixel_1=rot=if(above(bnot(1*bass),bnot(1*treb)),rot*sin(rad*sin(time)),-rot*sin(rad*cos(time)));
per_pixel_2=rot = rot + .1*sin((pow(x,2))*50+(time*5));
per_pixel_3=dy = rot;
per_pixel_4=sx = -1*log(y - y);
