[preset00] 
fRating=3.000000 
fGammaAdj=2.000000 
fDecay=1.000000 
fVideoEchoZoom=0.669379 
fVideoEchoAlpha=0.320000 
nVideoEchoOrientation=3 
nWaveMode=0 
bAdditiveWaves=0 
bWaveDots=0 
bModWaveAlphaByVolume=1 
bMaximizeWaveColor=1 
bTexWrap=0 
bDarkenCenter=0 
bMotionVectorsOn=0 
bRedBlueStereo=0 
nMotionVectorsX=12 
nMotionVectorsY=9 
bBrighten=0 
bDarken=0 
bSolarize=0 
bInvert=0 
fWaveAlpha=1.005729 
fWaveScale=0.489388 
fWaveSmoothing=0.900000 
fWaveParam=-0.260000 
fModWaveAlphaStart=0.750000 
fModWaveAlphaEnd=0.570000 
fWarpAnimSpeed=1.000000 
fWarpScale=1.000000 
fZoomExponent=100.000000 
fShader=0.000000 
zoom=0.980296 
rot=0.080000 
cx=0.500000 
cy=0.500000 
dx=0.000000 
dy=0.000000 
warp=1.000000 
sx=1.000000 
sy=1.000000 
wave_r=0.000000 
wave_g=0.000000 
wave_b=0.000000 
wave_x=0.500000 
wave_y=0.500000 
ob_size=0.005000 
ob_r=0.000000 
ob_g=0.000000 
ob_b=0.000000 
ob_a=1.000000 
ib_size=0.400000 
ib_r=0.500000 
ib_g=0.500000 
ib_b=0.500000 
ib_a=0.100000 
per_frame_1=warp = 0; 
per_frame_2=wave_r = wave_r + bass*.5; 
per_frame_3=wave_g = wave_g + treb*.5; 
per_frame_4=wave_b = wave_b + mid*.5; 
per_frame_5=ib_r = ib_r + .4*sin(time*.222); 
per_frame_6=ib_g = ib_g + .4*sin(time*.333); 
per_frame_7=ib_b = ib_b + .4*sin(time*.111); 
per_frame_8=dx = dx - .001; 
per_frame_9=dy = dy - .001; 
per_frame_10=rot=rot*.7*sin(time*2.16); 
per_frame_11=ib_a=if(above(bass,1),ib_a+.1*sin(time*4.08),.3); 
per_frame_12=zoom=zoom-.1*treb; 
per_pixel_1=zoom=if(below(rad,.2),2.6,zoom); 
per_pixel_2=dx=dx+.01*sin(time*1.03); 
per_pixel_3=dy=dy+.01*sin(time*1.23); 
