[preset00]
fRating=2.000000
fGammaAdj=1.000000
fDecay=1.000000
fVideoEchoZoom=0.999609
fVideoEchoAlpha=0.500000
nVideoEchoOrientation=1
nWaveMode=6
bAdditiveWaves=0
bWaveDots=0
bWaveThick=1
bModWaveAlphaByVolume=1
bMaximizeWaveColor=0
bTexWrap=0
bDarkenCenter=0
bRedBlueStereo=0
bBrighten=0
bDarken=1
bSolarize=0
bInvert=0
fWaveAlpha=4.099998
fWaveScale=0.972366
fWaveSmoothing=0.630000
fWaveParam=0.000000
fModWaveAlphaStart=0.710000
fModWaveAlphaEnd=1.300000
fWarpAnimSpeed=1.000000
fWarpScale=1.331000
fZoomExponent=1.000000
fShader=0.000000
zoom=0.999514
rot=0.000000
cx=0.500000
cy=0.500000
dx=0.000000
dy=0.040000
warp=0.010000
sx=1.000000
sy=1.000000
wave_r=1.000000
wave_g=1.000000
wave_b=1.000000
wave_x=1.000000
wave_y=0.500000
ob_size=0.010000
ob_r=1.000000
ob_g=1.000000
ob_b=1.000000
ob_a=0.100000
ib_size=0.260000
ib_r=0.250000
ib_g=0.250000
ib_b=0.250000
ib_a=0.000000
nMotionVectorsX=12.000000
nMotionVectorsY=9.000000
mv_dx=0.000000
mv_dy=0.000000
mv_l=0.900000
mv_r=1.000000
mv_g=1.000000
mv_b=1.000000
mv_a=0.000000
per_frame_1=vol = 0.3333*(bass_att + mid_att + treb_att);
per_frame_2=wave_r = 0.6 + 0.3*(sin(time*1.21)*ws + sin(time*1.65)*(1 - ws));
per_frame_3=wave_g = 0.6 + 0.3*(sin(time*1.78)*ws + sin(time*1.06)*(1 - ws));
per_frame_4=wave_b = 0.6 + 0.3*(sin(time*1.32)*ws + sin(time*1.54)*(1 - ws));
per_frame_5=ob_r = 1 - wave_r;
per_frame_6=ob_g = 1 - wave_g;
per_frame_7=ob_b = 1 - wave_b;
per_frame_8=rot = 0.2*(1 - bass_att)*above(bass_att,1);
per_frame_9=warp = 0.5 + 0.9*(1 - vol);
per_frame_init_1=wr1 = 1 + rand(0.404);
per_frame_init_2=wg1 = 1 + rand(0.446);
per_frame_init_3=wb1 = 1 + rand(0.465);
per_frame_init_4=wr2 = 1 + rand(0.454);
per_frame_init_5=wg2 = 1 + rand(0.489);
per_frame_init_6=wb2 = 1 + rand(0.432);
per_frame_init_7=ws = rand(1);
