[preset00]
fRating=4.000000
fGammaAdj=1.700000
fDecay=0.940000
fVideoEchoZoom=0.999992
fVideoEchoAlpha=0.500000
nVideoEchoOrientation=1
nWaveMode=1
bAdditiveWaves=0
bWaveDots=0
bWaveThick=0
bModWaveAlphaByVolume=1
bMaximizeWaveColor=0
bTexWrap=1
bDarkenCenter=0
bRedBlueStereo=0
bBrighten=0
bDarken=0
bSolarize=0
bInvert=1
fWaveAlpha=0.001000
fWaveScale=0.653093
fWaveSmoothing=0.000000
fWaveParam=0.000000
fModWaveAlphaStart=2.000000
fModWaveAlphaEnd=1.800000
fWarpAnimSpeed=0.999994
fWarpScale=3.300355
fZoomExponent=0.999997
fShader=0.000000
zoom=0.999826
rot=0.000000
cx=0.500000
cy=0.500000
dx=0.000000
dy=0.000000
warp=2.630066
sx=0.999830
sy=1.000158
wave_r=0.500000
wave_g=0.500000
wave_b=0.000000
wave_x=0.500000
wave_y=0.500000
ob_size=0.250000
ob_r=0.000000
ob_g=0.000000
ob_b=0.100000
ob_a=0.000000
ib_size=0.100000
ib_r=1.000000
ib_g=1.000000
ib_b=1.000000
ib_a=0.500000
nMotionVectorsX=31.999994
nMotionVectorsY=24.000004
mv_dx=0.000000
mv_dy=0.000000
mv_l=5.000000
mv_r=0.600000
mv_g=0.600000
mv_b=0.600000
mv_a=0.000000
per_frame_1=ob_size = 1.8 - bass;
per_frame_2=dx = sin(time*1.44)*0.015 + sin(time*0.732)*0.01;
per_frame_3=dy = cos(time*1.12)*0.015 + cos(time*0.833)*0.01;
per_frame_4=ob_r = sin(r1*(time + onethird))*0.25 + 0.75;
per_frame_5=ob_g = sin(g1*(time + twothird))*0.25 + 0.75;
per_frame_6=ob_b = sin(b1*time)*0.25 + 0.75;
per_frame_7=ib_r = cos(r2*(time + onethird))*0.25 + 0.5;
per_frame_8=ib_g = cos(g2*(time + twothird))*0.25 + 0.5;
per_frame_9=ib_b = cos(b2*time)*0.25 + 0.5;
per_frame_10=ib_size = 0.033*(treb + mid + bass);
per_frame_11=aib_size = 0.1*mid;
per_frame_12=warp = warp*0.5*(treb + mid + bass);
per_frame_13=aob_a = 0.2*equal(0,frame%10);
per_frame_init_1=onethird = 2.0943951023;
per_frame_init_2=twothird = 4.1887902048;
per_frame_init_3=r1 = 1 + int(rand(0.4));
per_frame_init_4=g1 = 1 + int(rand(0.4));
per_frame_init_5=b1 = 1 + int(rand(0.4));
per_frame_init_6=r2 = 1 + int(rand(0.4));
per_frame_init_7=g2 = 1 + int(rand(0.4));
per_frame_init_8=b2 = 1 + int(rand(0.4));
