[preset00]
fGammaAdj=2.400000
fDecay=0.900000
fVideoEchoZoom=0.605984
fVideoEchoAlpha=0.200000
nVideoEchoOrientation=0
nWaveMode=4
bAdditiveWaves=0
bWaveDots=0
bModWaveAlphaByVolume=0
bMaximizeWaveColor=0
bTexWrap=0
bDarkenCenter=1
bMotionVectorsOn=0
bRedBlueStereo=0
nMotionVectorsX=1
nMotionVectorsY=1
fWaveAlpha=100.000000
fWaveScale=1.207771
fWaveSmoothing=0.900000
fWaveParam=0.000000
fModWaveAlphaStart=1.000000
fModWaveAlphaEnd=1.000000
fWarpAnimSpeed=0.591237
fWarpScale=0.880270
fZoomExponent=21.082397
fShader=1.000000
zoom=2.380960
rot=0.400000
cx=1.100000
cy=0.500000
dx=0.400000
dy=-0.200000
warp=2.155453
sx=1.347847
sy=1.000000
wave_r=1.000000
wave_g=1.000000
wave_b=1.000000
wave_x=0.500000
wave_y=0.500000
per_frame_1=zoom=zoom +0.313*( 0.60*sin(bass) + 0.40*sin(bass) );
per_frame_2=wave_r = wave_r + bass;
per_frame_3=wave_g = wave_g + trebble;
per_frame_4=wave_b = wave_b + mid;
per_pixel_1=warp=2+sin(5-bass_att*3+trebble+midd)*3;
