[preset00]
fRating=3.000000
fGammaAdj=1.000000
fDecay=0.975000
fVideoEchoZoom=1.006596
fVideoEchoAlpha=0.000000
nVideoEchoOrientation=3
nWaveMode=6
bAdditiveWaves=0
bWaveDots=0
bModWaveAlphaByVolume=1
bMaximizeWaveColor=1
bTexWrap=0
bDarkenCenter=0
bMotionVectorsOn=0
bRedBlueStereo=0
nMotionVectorsX=12
nMotionVectorsY=9
bBrighten=1
bDarken=0
bSolarize=0
bInvert=0
fWaveAlpha=4.099998
fWaveSmoothing=0.630000
fWaveParam=0.000000
fModWaveAlphaStart=0.710000
fModWaveAlphaEnd=1.300000
fWarpAnimSpeed=1.000000
fWarpScale=1.331000
fZoomExponent=1.000000
fShader=0.000000
zoom=0.999514
rot=0.000000
cx=0.000000
cy=0.000000
dx=0.000000
dy=0.000000
warp=0.010000
sx=1.000000
sy=1.000000
wave_r=0.650000
wave_g=0.650000
wave_b=0.650000
wave_x=0.500000
wave_y=0.500000
ob_size=0.500000
ob_r=0.010000
ob_g=0.000000
ob_b=0.000000
ob_a=0.000000
ib_size=0.260000
ib_r=0.250000
ib_g=0.250000
ib_b=0.250000
ib_a=0.000000
shapecode_0_enabled=1
shapecode_0_sides=100
shapecode_0_additive=1
shapecode_0_thickOutline=1
shapecode_0_textured=0
shapecode_0_x=0.750000
shapecode_0_y=0.750000
shapecode_0_rad=0.12000
shapecode_0_ang=0.000000
shapecode_0_tex_ang=0.000000
shapecode_0_tex_zoom=1.000000
shapecode_0_r=1.000000
shapecode_0_g=0.000000
shapecode_0_b=0.000000
shapecode_0_a=1.000000
shapecode_0_r2=1.000000
shapecode_0_g2=1.000000
shapecode_0_b2=0.000000
shapecode_0_a2=0.000000
shapecode_0_border_r=1.000000
shapecode_0_border_g=1.000000
shapecode_0_border_b=0.000000
shapecode_0_border_a=0.100000

shapecode_1_enabled=1
shapecode_1_sides=3
shapecode_1_additive=1
shapecode_1_thickOutline=1
shapecode_1_textured=0
shapecode_1_x=0.250000
shapecode_1_y=0.750000
shapecode_1_rad=0.12000
shapecode_1_ang=0.000000
shapecode_1_tex_ang=0.000000
shapecode_1_tex_zoom=1.000000
shapecode_1_r=1.000000
shapecode_1_g=0.000000
shapecode_1_b=0.000000
shapecode_1_a=1.000000
shapecode_1_r2=0.000000
shapecode_1_g2=1.000000
shapecode_1_b2=0.000000
shapecode_1_a2=0.000000
shapecode_1_border_r=0.000000
shapecode_1_border_g=1.000000
shapecode_1_border_b=0.000000
shapecode_1_border_a=0.100000

shapecode_2_enabled=1
shapecode_2_sides=4
shapecode_2_additive=1
shapecode_2_thickOutline=1
shapecode_2_textured=0
shapecode_2_x=0.500000
shapecode_2_y=0.750000
shapecode_2_rad=0.12000
shapecode_2_ang=0.000000
shapecode_2_tex_ang=0.000000
shapecode_2_tex_zoom=1.000000
shapecode_2_r=1.000000
shapecode_2_g=0.000000
shapecode_2_b=0.000000
shapecode_2_a=1.000000
shapecode_2_r2=0.000000
shapecode_2_g2=0.000000
shapecode_2_b2=1.000000
shapecode_2_a2=0.000000
shapecode_2_border_r=0.000000
shapecode_2_border_g=0.000000
shapecode_2_border_b=1.000000
shapecode_2_border_a=0.100000
shape_0_per_frame1=x = 0.75 + .2*sin(time*.11);
shape_0_per_frame2=y = 0.75 + .2*sin(time*.51);
shape_0_per_frame3=ang = 1.5 + 3*sin(time*.51);
shape_1_per_frame1=x = 0.25 + .2*sin(time*.11);
shape_1_per_frame2=y = 0.75 + .2*sin(time*.51);
shape_1_per_frame3=ang = 1.5 + 3*sin(time*.51);
shape_2_per_frame1=x = 0.50 + .2*sin(time*.11);
shape_2_per_frame2=y = 0.75 + .2*sin(time*.51);
shape_2_per_frame3=ang = 1.5 + 3*sin(time*.51);
per_frame_1=wave_r = wave_r + 0.500*( 0.70*sin(0.5*time) + 0.30*sin(0.5*time) );
per_frame_2=wave_g = wave_g + 0.500*( 0.70*sin(0.7*time) + 0.30*sin(0.7*time) );
per_frame_3=wave_b = wave_b + 0.500*( 0.70*sin(0.4*time) + 0.30*sin(0.4*time) );
per_frame_4=zoom=1.06+sin(0.06*bass);
per_frame_5=rot=-0.05*Sin(0.3*bass);