[preset00]
fRating=3.000000
fGammaAdj=2.000000
fDecay=0.900000
fVideoEchoZoom=0.893225
fVideoEchoAlpha=0.500000
nVideoEchoOrientation=1
nWaveMode=0
bAdditiveWaves=0
bWaveDots=0
bModWaveAlphaByVolume=0
bMaximizeWaveColor=0
bTexWrap=0
bDarkenCenter=1
bMotionVectorsOn=1
bRedBlueStereo=0
nMotionVectorsX=1
nMotionVectorsY=48
bBrighten=0
bDarken=1
bSolarize=0
bInvert=0
fWaveAlpha=100.000000
fWaveScale=1.008484
fWaveSmoothing=0.000000
fWaveParam=-0.399900
fModWaveAlphaStart=1.379900
fModWaveAlphaEnd=1.020000
fWarpAnimSpeed=2.000000
fWarpScale=1.000000
fZoomExponent=0.056700
fShader=0.700000
zoom=0.539300
rot=-0.000000
cx=0.500000
cy=0.500000
dx=0.000000
dy=0.000000
warp=1.000000
sx=0.819500
sy=0.819545
wave_r=0.500000
wave_g=0.500000
wave_b=0.500000
wave_x=0.500000
wave_y=0.500000
ob_size=0.010000
ob_r=0.500000
ob_g=0.000000
ob_b=0.000000
ob_a=0.950000
ib_size=0.010000
ib_r=0.000000
ib_g=0.000000
ib_b=1.000000
ib_a=0.950000
per_frame_1=warp = bass;
per_frame_2=wave_r = bass*.5;
per_frame_3=wave_g = 0;
per_frame_4=wave_b = mid*.5;
per_frame_5=decay = 99;
per_frame_6=ob_r=wave_r*.5;
per_frame_7=ob_b=wave_b;
per_frame_8=ob_g=0;
per_frame_9=ob_a=.05*cos(bass*.3);
per_frame_10=ob_size=.02*treb;
per_frame_11=ib_r=wave_r*.5;
per_frame_12=ib_b=wave_b/.2;
per_frame_13=ib_g=0;
per_frame_14=ib_a=.5*sin(bass*.5);
per_frame_15=ib_size=ob_size*cos(wave_g*.05);
per_pixel_1=zoom = zoom+rad*.1+(0.6*mid);
per_pixel_2=zoomexp = 1-sin(rad*treb*10);
