[preset00]
fRating=4.000000
fGammaAdj=1.000000
fDecay=0.981000
fVideoEchoZoom=0.198825
fVideoEchoAlpha=0.000000
nVideoEchoOrientation=3
nWaveMode=0
bAdditiveWaves=0
bWaveDots=0
bModWaveAlphaByVolume=0
bMaximizeWaveColor=0
bTexWrap=1
bDarkenCenter=1
bMotionVectorsOn=0
bRedBlueStereo=0
nMotionVectorsX=12
nMotionVectorsY=9
bBrighten=1
bDarken=1
bSolarize=0
bInvert=0
fWaveAlpha=3.786231
fWaveScale=33.138107
fWaveSmoothing=0.117000
fWaveParam=-0.020000
fModWaveAlphaStart=1.359999
fModWaveAlphaEnd=1.320001
fWarpAnimSpeed=1.308197
fWarpScale=1.330921
fZoomExponent=0.039477
fShader=0.010000
zoom=1.305806
rot=-0.000000
cx=0.500001
cy=0.500001
dx=0.000000
dy=0.000000
warp=0.032033
sx=0.999992
sy=0.999999
wave_r=0.250000
wave_g=0.250000
wave_b=0.250000
wave_x=0.500000
wave_y=0.500000
ob_size=0.000000
ob_r=0.000000
ob_g=0.000000
ob_b=0.000000
ob_a=0.000000
ib_size=0.000000
ib_r=0.400000
ib_g=0.400000
ib_b=0.400000
ib_a=0.330001
per_frame_1=ff = frame/100;
per_frame_2=wave_r = sin(5*ff/bass)/2+0.5;
per_frame_3=wave_g = cos(ff/mid)/2+0.5;
per_frame_4=wave_b = cos(3*ff/treb)/2+0.5;
per_frame_5=ib_r = ib_r + 0.2*sin(time*0.5413);
per_frame_6=ib_g = ib_g + 0.2*sin(time*0.6459);
per_frame_7=ib_b = ib_b + 0.2*sin(time*0.4354);
