[preset00]
fRating=1.000000
fGammaAdj=2.000000
fDecay=0.988999
fVideoEchoZoom=1.280085
fVideoEchoAlpha=0.000000
nVideoEchoOrientation=1
nWaveMode=0
bAdditiveWaves=0
bWaveDots=0
bModWaveAlphaByVolume=0
bMaximizeWaveColor=1
bTexWrap=1
bDarkenCenter=1
bMotionVectorsOn=1
bRedBlueStereo=0
nMotionVectorsX=1
nMotionVectorsY=48
bBrighten=0
bDarken=0
bSolarize=0
bInvert=0
fWaveAlpha=4.717395
fWaveScale=0.995766
fWaveSmoothing=0.360000
fWaveParam=-0.840000
fModWaveAlphaStart=0.750000
fModWaveAlphaEnd=0.950000
fWarpAnimSpeed=1.000000
fWarpScale=2.853000
fZoomExponent=1.000000
fShader=0.320000
zoom=1.000000
rot=0.006000
cx=0.500000
cy=0.500000
dx=0.000000
dy=0.000000
warp=0.000000
sx=1.000000
sy=1.000000
wave_r=0.530000
wave_g=0.530000
wave_b=0.980000
wave_x=0.500000
wave_y=0.500000
ob_size=0.190000
ob_r=0.190000
ob_g=0.059900
ob_b=0.000000
ob_a=0.000000
ib_size=0.370000
ib_r=0.190000
ib_g=0.010000
ib_b=0.130000
ib_a=0.050000
per_frame_1=wave_x = wave_x + 0.250*( 0.60*sin(2.112*time) + 0.40*sin(1.589*time) );
per_frame_2=wave_y = wave_y + 0.250*( 0.60*sin(1.752*time) + 0.40*sin(2.298*time) );
per_frame_3=wave_r = wave_r + 0.100*( 0.60*sin(0.933*time) + 0.40*sin(1.045*time) );
per_frame_4=wave_g = wave_g + 0.050*( 0.60*sin(0.900*time) + 0.40*sin(0.956*time) );
per_frame_5=ib_r = ib_r + (sin(treb)/10)*( 0.60*sin(0.922*time) + 0.40*sin(1.345*treb) );
per_frame_6=decay = decay + 0.01*equal(frame%25,0);
per_frame_7=sx = sx + max(0,max(bass_att,bass)-1)*0.75;
per_pixel_1=zoom=0.9615+rad*(sin(mid+treb)/7);
