[preset00]
fRating=5.000000
fGammaAdj=2.000000
fDecay=0.987000
fVideoEchoZoom=0.892000
fVideoEchoAlpha=0.630000
nVideoEchoOrientation=7
nWaveMode=1
bAdditiveWaves=1
bWaveDots=0
bWaveThick=0
bModWaveAlphaByVolume=1
bMaximizeWaveColor=0
bTexWrap=1
bDarkenCenter=0
bRedBlueStereo=0
bBrighten=0
bDarken=0
bSolarize=0
bInvert=0
fWaveAlpha=1.270000
fWaveScale=1.293179
fWaveSmoothing=0.350000
fWaveParam=0.300000
fModWaveAlphaStart=0.657000
fModWaveAlphaEnd=1.653000
fWarpAnimSpeed=1.230000
fWarpScale=0.920000
fZoomExponent=1.230000
fShader=0.000000
zoom=1.000000
rot=0.000000
cx=0.500000
cy=0.500000
dx=0.000000
dy=0.000000
warp=1.000000
sx=1.000000
sy=1.000000
wave_r=0.400000
wave_g=0.400000
wave_b=0.400000
wave_x=0.500000
wave_y=0.500000
ob_size=0.005000
ob_r=0.000000
ob_g=0.000000
ob_b=0.000000
ob_a=1.000000
ib_size=0.000000
ib_r=0.000000
ib_g=0.000000
ib_b=0.000000
ib_a=0.000000
nMotionVectorsX=12.000000
nMotionVectorsY=9.000000
mv_dx=0.000000
mv_dy=0.000000
mv_l=0.900000
mv_r=1.000000
mv_g=1.000000
mv_b=1.000000
mv_a=0.000000
per_frame_1=warp=1;
per_frame_2=dx=-0.0103;
per_frame_3=dy=-0.0207;
per_frame_4=bass_on=if(above(bass_att,2.3),1,0);
per_frame_5=treb_on=if(above(treb_att,3.3),1,0);
per_frame_6=state=1+if(equal(bass_on,1),1,0)+if(equal(treb_on,1),2,0);
per_frame_7=wave_r = wave_r + 0.35*(0.6*sin(0.784*time) + 0.4*sin(0.886*time))*state;
per_frame_8=wave_g = wave_g + 0.35*(0.6*sin(0.671*time) + 0.4*sin(1.164*time))*(4-state);
per_frame_9=wave_b = wave_b + 0.35*(0.6*sin(1.523*time) + 0.4*sin(0.787*time))*(4/state);
