[preset00]
fRating=5.000000
fGammaAdj=1.980000
fDecay=0.980000
fVideoEchoZoom=1.000157
fVideoEchoAlpha=0.500000
nVideoEchoOrientation=1
nWaveMode=0
bAdditiveWaves=1
bWaveDots=0
bWaveThick=0
bModWaveAlphaByVolume=0
bMaximizeWaveColor=0
bTexWrap=0
bDarkenCenter=0
bRedBlueStereo=0
bBrighten=0
bDarken=0
bSolarize=0
bInvert=0
fWaveAlpha=0.697364
fWaveScale=27.158152
fWaveSmoothing=0.513000
fWaveParam=0.020000
fModWaveAlphaStart=1.000000
fModWaveAlphaEnd=1.000000
fWarpAnimSpeed=1.388600
fWarpScale=0.013297
fZoomExponent=0.951372
fShader=0.970000
zoom=0.932700
rot=0.000000
cx=0.500000
cy=0.500001
dx=0.000000
dy=0.000000
warp=0.535000
sx=1.000000
sy=1.000000
wave_r=0.149800
wave_g=0.150000
wave_b=0.150001
wave_x=0.500000
wave_y=0.500000
ob_size=0.005000
ob_r=0.129900
ob_g=0.130000
ob_b=0.130000
ob_a=0.030001
ib_size=0.005000
ib_r=0.010000
ib_g=0.010000
ib_b=0.010000
ib_a=0.060000
nMotionVectorsX=64.000000
nMotionVectorsY=1.000000
mv_dx=0.000000
mv_dy=0.000000
mv_l=0.900000
mv_r=1.000000
mv_g=1.000000
mv_b=1.000000
mv_a=1.000000
per_frame_1=xwave_x = wave_x + 0.250*( 0.60*sin(2.112*time) + 0.40*sin(1.589*time) );
per_frame_2=xwave_y = wave_y + 0.250*( 0.60*sin(1.752*time) + 0.40*sin(2.298*time) );
per_frame_3=wave_r = wave_r + 0.100*( 0.60*sin(0.933*time) + 0.40*sin(1.045*time) );
per_frame_4=wave_g = wave_g + 0.050*( 0.60*sin(0.900*time) + 0.40*sin(0.956*time) );
per_frame_5=decay = decay + 0.01*equal(frame%25,0);
per_frame_6=ib_r = ib_r + 0.2*sin(time*0.5413);
per_frame_7=ib_g = ib_g + 0.2*sin(time*0.6459);
per_frame_8=ib_b = ib_b + 0.2*sin(time*0.4354);
per_frame_9=bass_effect = max(0,max(bass_att,bass)-1)*0.5;
per_frame_10=q1 = if(above(sin(time/2),0),0,1);
per_frame_11=sx = if(equal(q1,0),sx + bass_effect,sx);
per_frame_12=sy = if(equal(q1,1),sy + bass_effect,sy);
per_frame_13=mv_y =1.25;
per_pixel_1=rot=if(equal(q1,1),rad*(sin(mid+treb)/7),rad*(sin(-mid-treb)/7));
