[preset00]
fRating=3.000000
fGammaAdj=2.900000
fDecay=0.980000
fVideoEchoZoom=2.695697
fVideoEchoAlpha=0.500000
nVideoEchoOrientation=0
nWaveMode=2
bAdditiveWaves=1
bWaveDots=1
bModWaveAlphaByVolume=1
bMaximizeWaveColor=1
bTexWrap=1
bDarkenCenter=0
bMotionVectorsOn=1
bRedBlueStereo=1
nMotionVectorsX=7
nMotionVectorsY=7
bBrighten=0
bDarken=0
bSolarize=0
bInvert=0
fWaveAlpha=0.027153
fWaveScale=0.198600
fWaveSmoothing=0.700000
fWaveParam=0.000000
fModWaveAlphaStart=0.750000
fModWaveAlphaEnd=0.950000
fWarpAnimSpeed=5.995790
fWarpScale=21.254658
fZoomExponent=0.134700
fShader=1.000000
zoom=0.425966
rot=0.120000
cx=0.500000
cy=0.500000
dx=0.000000
dy=0.000000
warp=0.010000
sx=1.000000
sy=1.000000
wave_r=0.500000
wave_g=0.500000
wave_b=0.500000
wave_x=0.500000
wave_y=0.500000
ob_size=0.010000
ob_r=0.000000
ob_g=0.000000
ob_b=0.000000
ob_a=0.000000
ib_size=0.010000
ib_r=0.250000
ib_g=0.250000
ib_b=0.250000
ib_a=0.000000
per_frame_1=wave_r = wave_r + 0.400*( 0.60*sin(0.933*time) + 0.40*sin(1.045*time) );
per_frame_2=wave_g = wave_g + 0.400*( 0.60*sin(0.900*time) + 0.40*sin(0.956*time) );
per_frame_3=wave_b = wave_b + 0.400*( 0.60*sin(0.910*time) + 0.40*sin(0.920*time) );
per_frame_4=zoom = max(0.98, min(0.15 + 0.48*bass_att, 0.75));
per_frame_5=rot = rot + 0.040*( 0.60*sin(0.381*time) + 0.40*sin(0.579*time) );
per_pixel_1=zoom=zoom+0.17*sin(rad*15+time*1.5);
