[preset00]
fRating=4.000000
fGammaAdj=1.000000
fDecay=0.975000
fVideoEchoZoom=0.706072
fVideoEchoAlpha=0.250000
nVideoEchoOrientation=0
nWaveMode=6
bAdditiveWaves=1
bWaveDots=0
bModWaveAlphaByVolume=0
bMaximizeWaveColor=1
bTexWrap=0
bDarkenCenter=0
bMotionVectorsOn=0
bRedBlueStereo=0
nMotionVectorsX=16
nMotionVectorsY=16
bBrighten=0
bDarken=0
bSolarize=0
bInvert=0
fWaveAlpha=1.023258
fWaveScale=1.004874
fWaveSmoothing=0.000000
fWaveParam=0.380000
fModWaveAlphaStart=2.000000
fModWaveAlphaEnd=2.000000
fWarpAnimSpeed=0.504215
fWarpScale=2.905210
fZoomExponent=1.347800
fShader=0.250000
zoom=1.004900
rot=0.000000
cx=0.500000
cy=0.500000
dx=0.000000
dy=0.000000
warp=1.001818
sx=1.000000
sy=1.000000
wave_r=0.000000
wave_g=0.000000
wave_b=0.000000
wave_x=0.500000
wave_y=0.500000
per_frame_1=wave_b = wave_b + (0.1*sin(time)+0.2*mid);
per_frame_2=wave_r = wave_r + 0.1*bass+(-sin(time)*treb);
per_frame_3=wave_g = wave_g +0.3*max(treb, bass);
per_frame_4=wave_x = 0.5+((0.1*bass)-0.05);
per_pixel_1=dx =( y * 0.1 )+((0.03*(sin(time*2)))-0.053);
