[preset00]
fRating=3.000000
fGammaAdj=1.000000
fDecay=1.000000
fVideoEchoZoom=1.006596
fVideoEchoAlpha=0.000000
nVideoEchoOrientation=3
nWaveMode=0
bAdditiveWaves=0
bWaveDots=0
bWaveThick=0
bModWaveAlphaByVolume=1
bMaximizeWaveColor=0
bTexWrap=0
bDarkenCenter=0
bRedBlueStereo=0
bBrighten=0
bDarken=1
bSolarize=0
bInvert=0
fWaveAlpha=0.340754
fWaveScale=12.010101
fWaveSmoothing=0.000000
fWaveParam=-0.300000
fModWaveAlphaStart=0.710000
fModWaveAlphaEnd=1.300000
fWarpAnimSpeed=8.311067
fWarpScale=55.044785
fZoomExponent=1.000000
fShader=0.000000
zoom=0.999514
rot=0.000000
cx=0.500000
cy=0.500000
dx=0.000000
dy=0.000000
warp=0.653088
sx=1.000000
sy=1.000000
wave_r=1.000000
wave_g=1.000000
wave_b=0.650000
wave_x=0.500000
wave_y=0.500000
ob_size=0.500000
ob_r=0.010000
ob_g=0.000000
ob_b=0.000000
ob_a=0.000000
ib_size=0.260000
ib_r=0.250000
ib_g=0.250000
ib_b=0.250000
ib_a=0.000000
nMotionVectorsX=12.000000
nMotionVectorsY=9.000000
mv_dx=0.000000
mv_dy=0.000000
mv_l=0.900000
mv_r=1.000000
mv_g=1.000000
mv_b=1.000000
mv_a=0.000000
per_frame_1=//warp = 0;
per_frame_2=zoom = 1;
per_frame_3=rot = 0.001;
per_frame_4=
per_frame_5=wave_g = if(below(treb, 1.8),1,0);
per_frame_6=decay = .999+0*if(equal(frame % 10,0),.95,1);
per_frame_7=
per_frame_8=
per_frame_9=//dx = if(equal(frame % 100,0),.001,0);
per_pixel_1=zoom = 1 + sin(2*(ang+0.7854))*.001 +2*((below(rad,.5)+ above(rad,.5)*(1.414-rad))*.05 +below(rad,.25))*above(treb,1.8);
