[preset00]
fRating=4.000000
fGammaAdj=1.000000
fDecay=0.986000
fVideoEchoZoom=0.998169
fVideoEchoAlpha=0.500000
nVideoEchoOrientation=2
nWaveMode=2
bAdditiveWaves=0
bWaveDots=0
bModWaveAlphaByVolume=0
bMaximizeWaveColor=1
bTexWrap=0
bDarkenCenter=0
bMotionVectorsOn=0
bRedBlueStereo=0
nMotionVectorsX=12
nMotionVectorsY=9
bBrighten=0
bDarken=1
bSolarize=1
bInvert=0
fWaveAlpha=100.000000
fWaveScale=0.482596
fWaveSmoothing=0.900000
fWaveParam=-1.000000
fModWaveAlphaStart=0.750000
fModWaveAlphaEnd=0.950000
fWarpAnimSpeed=1.000000
fWarpScale=2.853000
fZoomExponent=2.100000
fShader=0.600000
zoom=1.004803
rot=0.000000
cx=0.500000
cy=0.500000
dx=0.000000
dy=0.000000
warp=0.010000
sx=1.000000
sy=1.000000
wave_r=0.200000
wave_g=0.100000
wave_b=0.130000
wave_x=0.220001
wave_y=0.500000
ob_size=0.010000
ob_r=0.000000
ob_g=0.000000
ob_b=0.000000
ob_a=0.000000
ib_size=0.010000
ib_r=0.250000
ib_g=0.250000
ib_b=0.250000
ib_a=0.000000
per_frame_1=wave_r = wave_r + 0.400*( 0.60*sin(0.833*time) + 0.40*sin(1.045*time) );
per_frame_2=wave_g = wave_g + 0.400*( 0.60*sin(0.900*time) + 0.40*sin(0.956*time) );
per_frame_3=wave_b = wave_b + 0.400*( 0.60*sin(0.910*time) + 0.40*sin(0.920*time) );
per_frame_4=wave_x = sin(time/10)/2+.5;
per_pixel_1=rot=0;
per_pixel_2=dx = (x-.5)*2.1+(y-.5)*.5*sin(time/10);
per_pixel_3=dy=(y-.5)*1.9;
per_pixel_4=dx = dx*(.99+rand(.02));
per_pixel_5=dy = dy*(.99+rand(.02));
per_pixel_6=zoom =1;
per_pixel_7=
