[preset00]
fRating=2.000000
fGammaAdj=1.000000
fDecay=1.000000
fVideoEchoZoom=1.000000
fVideoEchoAlpha=0.000000
nVideoEchoOrientation=3
nWaveMode=6
bAdditiveWaves=0
bWaveDots=0
bWaveThick=1
bModWaveAlphaByVolume=0
bMaximizeWaveColor=0
bTexWrap=1
bDarkenCenter=0
bRedBlueStereo=0
bBrighten=0
bDarken=0
bSolarize=0
bInvert=1
fWaveAlpha=4.099998
fWaveScale=1.163969
fWaveSmoothing=0.000000
fWaveParam=1.000000
fModWaveAlphaStart=0.710000
fModWaveAlphaEnd=1.300000
fWarpAnimSpeed=1.000000
fWarpScale=1.000000
fZoomExponent=1.000000
fShader=0.000000
zoom=1.000000
rot=0.000000
cx=0.500000
cy=0.500000
dx=0.000000
dy=0.000000
warp=0.001000
sx=1.000000
sy=1.000000
wave_r=0.000000
wave_g=0.000000
wave_b=0.000000
wave_x=0.980000
wave_y=0.500000
ob_size=0.005000
ob_r=1.000000
ob_g=1.000000
ob_b=1.000000
ob_a=1.000000
ib_size=0.260000
ib_r=0.250000
ib_g=0.250000
ib_b=0.250000
ib_a=0.000000
nMotionVectorsX=33.152000
nMotionVectorsY=28.799997
mv_dx=0.006000
mv_dy=0.000000
mv_l=2.500000
mv_r=1.000000
mv_g=1.000000
mv_b=0.000000
mv_a=0.000000
per_frame_1=wave_r= sin(time*.197)*.5+.5;
per_frame_2=wave_g=cos(time*.201)*.5+.5;
per_frame_3=wave_b=sin(time*.215)*.5+.5;
per_frame_4=beat = beat + above(bass,2);
per_frame_5=q1=beat;
per_frame_6=monitor = beat;
per_frame_7=wave_mystery = wave_mystery + beat*.1+bass*5;
per_frame_8=monitor = bass*mid*treb;
per_pixel_1=
per_pixel_2=//rot = exp(bass)*.005-.01;
per_pixel_3=vol=bass*treb*mid;
per_pixel_4=
per_pixel_5=in = above(int(rand(2000+(5-vol)*10000)),1);
per_pixel_6=out = bnot(in);
per_pixel_7=zoom = 1-.01*(in)*(1.4-rad)-out*.5;
per_pixel_8=//dy=in*.01;
per_pixel_9=
per_pixel_10=rot = out*vol*.25*(1-rad)+rot;
