[preset00]
fRating=2.000000
fGammaAdj=1.000000
fDecay=1.000000
fVideoEchoZoom=1.006596
fVideoEchoAlpha=0.000000
nVideoEchoOrientation=3
nWaveMode=7
bAdditiveWaves=1
bWaveDots=0
bWaveThick=1
bModWaveAlphaByVolume=0
bMaximizeWaveColor=0
bTexWrap=1
bDarkenCenter=0
bRedBlueStereo=0
bBrighten=0
bDarken=0
bSolarize=0
bInvert=0
fWaveAlpha=54.492855
fWaveScale=4.687431
fWaveSmoothing=0.630000
fWaveParam=0.600000
fModWaveAlphaStart=0.710000
fModWaveAlphaEnd=1.300000
fWarpAnimSpeed=1.000000
fWarpScale=1.331000
fZoomExponent=1.000000
fShader=0.000000
zoom=0.999514
rot=0.000000
cx=0.500000
cy=0.500000
dx=0.000000
dy=0.000000
warp=0.010000
sx=0.999837
sy=0.905287
wave_r=1.000000
wave_g=1.000000
wave_b=0.000000
wave_x=0.500000
wave_y=0.500000
ob_size=0.500000
ob_r=0.010000
ob_g=0.000000
ob_b=0.000000
ob_a=0.000000
ib_size=0.260000
ib_r=0.250000
ib_g=0.250000
ib_b=0.250000
ib_a=0.000000
nMotionVectorsX=38.399994
nMotionVectorsY=24.000004
mv_dx=0.000000
mv_dy=0.000002
mv_l=5.000000
mv_r=0.800000
mv_g=0.000000
mv_b=0.000000
mv_a=0.200000
per_frame_1=monitor = tv;
per_frame_2=tv = tv + 1/fps+above(bass_att*treb_att,4);
per_frame_3=
per_frame_4=//mv_r = sin(time*2)/2+.5;
per_frame_5=//mv_g= sin(time*2.312)/2+.5;
per_frame_6=//mv_b = sin(time*2.03)/2+.5;
per_frame_7=mv_r = sin(tv*2)/2+.5;
per_frame_8=mv_g= sin(tv*2.312)/2+.5;
per_frame_9=mv_b = sin(tv*2.03)/2+.5;
per_frame_10=rot = .07;
per_frame_11=zoom = 1.001 - treb_att*treb_att*.01;
per_frame_12=cx = sin(time+2*bass_att)*.5+.5;
per_frame_13=cy = cos(time+2*bass_att)*.5+.5;
per_frame_14=
per_frame_15=wave_mystery = (time*31.415926535)%100/50-1;
per_frame_16=monitor =tv-monitor;
per_frame_init_1=tv = 0;
