[preset00]
fRating=4.000000
fGammaAdj=1.000000
fDecay=1.000000
fVideoEchoZoom=100.000000
fVideoEchoAlpha=0.000000
nVideoEchoOrientation=3
nWaveMode=7
bAdditiveWaves=0
bWaveDots=0
bWaveThick=1
bModWaveAlphaByVolume=0
bMaximizeWaveColor=1
bTexWrap=1
bDarkenCenter=0
bRedBlueStereo=0
bBrighten=0
bDarken=0
bSolarize=0
bInvert=0
fWaveAlpha=0.001000
fWaveScale=0.640100
fWaveSmoothing=0.270000
fWaveParam=-0.109001
fModWaveAlphaStart=0.750000
fModWaveAlphaEnd=0.950000
fWarpAnimSpeed=5.995700
fWarpScale=1.331000
fZoomExponent=1.010000
fShader=0.000000
zoom=0.998531
rot=0.002000
cx=0.500000
cy=0.500000
dx=1.000000
dy=1.000000
warp=0.010000
sx=1.000000
sy=1.000000
wave_r=0.658140
wave_g=0.197194
wave_b=0.086074
wave_x=0.088806
wave_y=0.509992
ob_size=0.010000
ob_r=0.977845
ob_g=0.950845
ob_b=0.561815
ob_a=0.826499
ib_size=0.000000
ib_r=0.378531
ib_g=0.951853
ib_b=0.887098
ib_a=0.053224
nMotionVectorsX=0.000000
nMotionVectorsY=48.000000
mv_dx=-0.906720
mv_dy=0.522735
mv_l=5.000000
mv_r=0.613028
mv_g=0.298592
mv_b=0.133684
mv_a=0.140554
per_frame_1=ob_r = 0.9 - 0.7*(0.5*sin(time*0.701)+ 0.3*cos(time*0.438));
per_frame_2=ob_g = 0.6- 0.4*sin(time*2.924);
per_frame_3=ob_b = 0.35 - 0.3*cos(time*0.816);
per_frame_4=cx = cx - 0.4*sin(time*0.342);
per_frame_5=cy = cy + 0.6*sin(time*0.433);
per_frame_6=warp =0;
per_frame_7=ib_size = 0.08;
per_frame_8=ib_r = ib_r + 0.5*sin(time*3.034);
per_frame_9=ib_g = ib_g + 0.5*sin(time*2.547);
per_frame_10=ib_b = ib_b - 0.5*sin(time*1.431);
per_frame_11=dx = dx -0.008*sin(time*0.23);
per_frame_12=dy = dy - 0.008*sin(time*0.2);
per_pixel_1=box=(1-rad)+0.7*abs(x*3-0.4*sin(q1))%2 + 0.8*abs(y*3+0.4*sin(q1))%2;
per_pixel_2=q1 = 8.05+(sin(x+0.137*time)-cos(y+0.513*time));
per_pixel_3=zoom = if(above(box,1),q1*.1,zoom);
per_pixel_4=rot = if(above(box,1),1*sin(0.385*time),rot);
per_pixel_5=warp = b + rot;
per_pixel_6=cy = a * q1;
per_pixel_7=rot = x - q1;
per_pixel_8=warp = warp * a;
per_pixel_9=dx = x * q1;
per_pixel_10=warp = warp + ang;
per_pixel_11=warp = warp - rot;
per_pixel_12=rot=if(below(rot,-1.0), -1.0, rot);
per_pixel_13=rot=if(above(rot,1.0), 1.0, rot);
per_pixel_14=warp=if(below(warp,0.01), 0.01, warp);
per_pixel_15=warp=if(above(warp,100.0), 100.0, warp);
per_pixel_16=cy=if(below(cy,-1.0), -1.0, cy);
per_pixel_17=cy=if(above(cy,2.0), 2.0, cy);
per_pixel_18=dx=if(below(dx,-1), -1, dx);
per_pixel_19=dx=if(above(dx,1.0), 1.0, dx);
