[preset00]
fRating=5.000000
fGammaAdj=2.100000
fDecay=0.925000
fVideoEchoZoom=1.006596
fVideoEchoAlpha=0.000000
nVideoEchoOrientation=3
nWaveMode=1
bAdditiveWaves=1
bWaveDots=1
bModWaveAlphaByVolume=1
bMaximizeWaveColor=1
bTexWrap=0
bDarkenCenter=0
bRedBlueStereo=1
bBrighten=1
bDarken=0
bSolarize=1
bInvert=1
fWaveAlpha=5.526180
fWaveScale=1.500000
fWaveSmoothing=0.630000
fWaveParam=-0.080000
fModWaveAlphaStart=0.710000
fModWaveAlphaEnd=1.300000
fWarpAnimSpeed=1.459527
fWarpScale=1.331000
fZoomExponent=0.734577
fShader=0.000000
zoom=2.260170
rot=0.000000
cx=0.500000
cy=0.500000
dx=0.000000
dy=0.000000
warp=0.010000
sx=1.596263
sy=1.000000
wave_r=0.050000
wave_g=1.650000
wave_b=0.650000
wave_x=0.500000
wave_y=0.500000
ob_size=0.500000
ob_r=0.550000
ob_g=0.000000
ob_b=0.000000
ob_a=0.100000
ib_size=0.260000
ib_r=0.250000
ib_g=0.250000
ib_b=0.250000
ib_a=0.700000
nMotionVectorsX=12.000000
nMotionVectorsY=9.000000
mv_l=4.599999
mv_r=0.000000
mv_g=1.000000
mv_b=1.000000
mv_a=0.000000
