[preset00]
fRating=3.000000
fGammaAdj=1.280000
fDecay=0.925000
fVideoEchoZoom=1.006596
fVideoEchoAlpha=0.000000
nVideoEchoOrientation=3
nWaveMode=0
bAdditiveWaves=1
bWaveDots=0
bModWaveAlphaByVolume=1
bMaximizeWaveColor=0
bTexWrap=0
bDarkenCenter=0
bRedBlueStereo=0
bBrighten=0
bDarken=0
bSolarize=0
bInvert=0
fWaveAlpha=2.699516
fWaveScale=1.324710
fWaveSmoothing=0.900000
fWaveParam=-0.000000
fModWaveAlphaStart=0.500000
fModWaveAlphaEnd=1.500000
fWarpAnimSpeed=0.905286
fWarpScale=1.470251
fZoomExponent=100.000000
fShader=0.800000
zoom=1.115123
rot=0.100000
cx=0.500000
cy=0.500000
dx=0.020000
dy=0.000000
warp=2.010434
sx=1.010000
sy=0.990099
wave_r=0.000000
wave_g=0.000000
wave_b=1.000000
wave_x=0.500000
wave_y=0.500000
ob_size=0.500000
ob_r=0.010000
ob_g=0.000000
ob_b=0.000000
ob_a=0.000000
ib_size=0.260000
ib_r=0.250000
ib_g=0.250000
ib_b=0.250000
ib_a=0.000000
nMotionVectorsX=64.000000
nMotionVectorsY=48.000000
mv_l=0.000000
mv_r=1.000000
mv_g=0.000000
mv_b=0.000000
mv_a=1.000000
