[preset00]
fRating=5.000000
fGammaAdj=2.100000
fDecay=0.974999
fVideoEchoZoom=1.454608
fVideoEchoAlpha=0.500000
nVideoEchoOrientation=3
nWaveMode=4
bAdditiveWaves=1
bWaveDots=0
bModWaveAlphaByVolume=1
bMaximizeWaveColor=1
bTexWrap=0
bDarkenCenter=0
bRedBlueStereo=1
bBrighten=1
bDarken=0
bSolarize=1
bInvert=0
fWaveAlpha=6.810417
fWaveScale=1.673502
fWaveSmoothing=0.648000
fWaveParam=0.320000
fModWaveAlphaStart=1.749999
fModWaveAlphaEnd=1.100000
fWarpAnimSpeed=5.704790
fWarpScale=1.204937
fZoomExponent=0.464787
fShader=0.600000
zoom=1.395232
rot=0.000000
cx=0.500000
cy=0.500000
dx=0.000000
dy=0.000000
warp=0.010000
sx=0.905287
sy=0.795442
wave_r=0.000000
wave_g=1.000000
wave_b=0.650000
wave_x=0.550000
wave_y=0.550000
ob_size=0.500000
ob_r=1.000000
ob_g=0.000000
ob_b=0.000000
ob_a=0.000000
ib_size=0.000000
ib_r=0.000000
ib_g=0.000000
ib_b=0.000000
ib_a=0.000000
nMotionVectorsX=30.559990
nMotionVectorsY=13.799995
mv_l=3.249997
mv_r=0.100000
mv_g=1.000000
mv_b=1.000000
mv_a=0.000000
