[preset00]
fRating=5.000000
fGammaAdj=2.100000
fDecay=0.925000
fVideoEchoZoom=1.006596
fVideoEchoAlpha=0.000000
nVideoEchoOrientation=0
nWaveMode=1
bAdditiveWaves=1
bWaveDots=0
bWaveThick=0
bModWaveAlphaByVolume=1
bMaximizeWaveColor=1
bTexWrap=1
bDarkenCenter=0
bRedBlueStereo=0
bBrighten=0
bDarken=0
bSolarize=0
bInvert=0
fWaveAlpha=36.602810
fWaveScale=0.747400
fWaveSmoothing=0.630000
fWaveParam=-0.280000
fModWaveAlphaStart=0.710000
fModWaveAlphaEnd=1.300000
fWarpAnimSpeed=1.459527
fWarpScale=1.331000
fZoomExponent=0.734577
fShader=0.000000
zoom=0.684818
rot=-1.000000
cx=0.500000
cy=0.500000
dx=0.000000
dy=0.000000
warp=0.010000
sx=1.596263
sy=1.000000
wave_r=1.000000
wave_g=0.600000
wave_b=0.200000
wave_x=0.500000
wave_y=0.500000
ob_size=0.050000
ob_r=0.550000
ob_g=0.000000
ob_b=0.000000
ob_a=0.100000
ib_size=0.005000
ib_r=0.250000
ib_g=0.250000
ib_b=0.250000
ib_a=0.700000
nMotionVectorsX=12.000000
nMotionVectorsY=9.000000
mv_dx=0.000000
mv_dy=0.000000
mv_l=4.599999
mv_r=0.000000
mv_g=1.000000
mv_b=1.000000
mv_a=0.000000
per_frame_1=zoom=zoom+.10*sin(time);rot=rot*sin(time);
per_frame_2=wave_R=wave_r*Sin(Time);wave_b=wave_b-.10*sin(bass);
per_frame_3=wave_G=wave_g-.10*Sin(treb);
per_frame_4=ob_r=bass;
per_frame_5=ob_b=mid;
per_frame_6=ob_g=treb;
per_frame_7=ib_r=treb;
per_frame_8=ib_b=bass;
per_frame_9=ib_g=mid;
per_pixel_1=rot=rot*sin(rad);
