[preset00]
fRating=4.000000
fGammaAdj=2.701001
fDecay=0.990000
fVideoEchoZoom=1.006500
fVideoEchoAlpha=0.500000
nVideoEchoOrientation=1
nWaveMode=4
bAdditiveWaves=1
bWaveDots=0
bWaveThick=0
bModWaveAlphaByVolume=1
bMaximizeWaveColor=0
bTexWrap=0
bDarkenCenter=0
bRedBlueStereo=0
bBrighten=0
bDarken=0
bSolarize=0
bInvert=0
fWaveAlpha=50.030212
fWaveScale=2.096230
fWaveSmoothing=0.900000
fWaveParam=-1.000000
fModWaveAlphaStart=1.000000
fModWaveAlphaEnd=1.000000
fWarpAnimSpeed=0.999999
fWarpScale=1.000356
fZoomExponent=1.000000
fShader=1.000000
zoom=0.999514
rot=0.000000
cx=0.500000
cy=0.500000
dx=0.000000
dy=0.000000
warp=0.999838
sx=1.000000
sy=1.000000
wave_r=1.000000
wave_g=1.000000
wave_b=1.000000
wave_x=0.500000
wave_y=0.500000
ob_size=0.500000
ob_r=0.010000
ob_g=0.000000
ob_b=0.000000
ob_a=0.000000
ib_size=0.260000
ib_r=0.250000
ib_g=0.250000
ib_b=0.250000
ib_a=0.000000
nMotionVectorsX=12.000000
nMotionVectorsY=9.000000
mv_dx=0.000000
mv_dy=0.000000
mv_l=0.900000
mv_r=1.000000
mv_g=1.000000
mv_b=1.000000
mv_a=0.000000
per_frame_1=wave_r = wave_r - 1* (0.60*sin(0.823*time) + 0.40*tan(0.916*time));
per_frame_2=wave_g = wave_g - 1* (0.60*sin(0.900*time) + 0.40*tan(1.023*time));
per_frame_3=wave_b = wave_b - 1* (0.60*sin(0.808*time) + 0.40*tan(0.949*time));
