[preset00]
fRating=4.000000
fGammaAdj=2.628000
fDecay=0.980000
fVideoEchoZoom=2.000000
fVideoEchoAlpha=0.000000
nVideoEchoOrientation=3
nWaveMode=7
bAdditiveWaves=0
bWaveDots=1
bModWaveAlphaByVolume=0
bMaximizeWaveColor=1
bTexWrap=1
bDarkenCenter=0
bMotionVectorsOn=0
bRedBlueStereo=0
nMotionVectorsX=27
nMotionVectorsY=2
bBrighten=1
bDarken=0
bSolarize=0
bInvert=0
fWaveAlpha=4.400000
fWaveScale=1.170370
fWaveSmoothing=0.900000
fWaveParam=1.000000
fModWaveAlphaStart=0.750000
fModWaveAlphaEnd=0.950000
fWarpAnimSpeed=1.000000
fWarpScale=2.853000
fZoomExponent=100.000000
fShader=1.000000
zoom=0.010000
rot=0.026000
cx=0.500000
cy=0.500000
dx=0.000000
dy=0.000000
warp=6.811288
sx=1.000000
sy=1.000000
wave_r=0.900000
wave_g=0.450000
wave_b=0.000000
wave_x=0.500000
wave_y=0.500000
per_frame_1=wave_r = wave_r + 0.100*( 0.60*sin(0.933*time) + 0.40*sin(1.045*time) );
per_frame_2=wave_g = wave_g + 0.050*( 0.60*sin(0.900*time) + 0.40*sin(0.956*time) );
per_frame_3=decay = decay - 0.01*equal(frame%40,0);
per_frame_4=rot = rot + 0.01*sin(time*0.113);
per_frame_5=rot = rot + 0.01*sin(time*0.533);
per_frame_6=rot = rot + 0.02*sin(time*-0.323);
per_pixel_1=zoom=0.9615+rad*0.1;
per_pixel_2=rot = rot * 3*(1-pow(rad*2-1,2));
