================================
Torsion

John Scoville
================================
[preset00]
fGammaAdj=2.000000
fDecay=1.000000
fVideoEchoZoom=0.000000
fVideoEchoAlpha=0.000000
nVideoEchoOrientation=0
nWaveMode=6
bAdditiveWaves=0
bWaveDots=0
bModWaveAlphaByVolume=0
bMaximizeWaveColor=0
bTexWrap=0
bDarkenCenter=0
bMotionVectorsOn=0
bRedBlueStereo=0
nMotionVectorsX=12
nMotionVectorsY=9
bBrighten=0
bDarken=0
bSolarize=0
bInvert=1
fWaveAlpha=0.500000
fWaveScale=1.300000
fWaveSmoothing=1.000000
fWaveParam=0.000000
fModWaveAlphaStart=0.500000
fModWaveAlphaEnd=1.000000
fWarpAnimSpeed=1.000000
fWarpScale=1.000000
fZoomExponent=1.000000
fShader=0.000000
zoom=1.000000
rot=0.166666
cx=0.500000
cy=0.500000
dx=0.100000
dy=0.000000
warp=1.000000
sx=1.000000
sy=1.000000
wave_r=1.000000
wave_g=1.000000
wave_b=1.000000
wave_x=0.500000
wave_y=0.500000
per_pixel_1=rot=rot+2.09435;
per_pixel_2=zoom=0.5+0.5*sin(time)+0.1*sin(mid_att);

fRating=3.000000
