[preset00]
fRating=3.000000
fGammaAdj=1.000000
fDecay=0.995000
fVideoEchoZoom=0.500605
fVideoEchoAlpha=0.500000
nVideoEchoOrientation=3
nWaveMode=0
bAdditiveWaves=0
bWaveDots=0
bWaveThick=1
bModWaveAlphaByVolume=1
bMaximizeWaveColor=1
bTexWrap=0
bDarkenCenter=0
bRedBlueStereo=0
bBrighten=0
bDarken=0
bSolarize=1
bInvert=0
fWaveAlpha=4.099900
fWaveScale=5.000608
fWaveSmoothing=0.000000
fWaveParam=0.200000
fModWaveAlphaStart=0.710000
fModWaveAlphaEnd=1.300000
fWarpAnimSpeed=1.000000
fWarpScale=1.331000
fZoomExponent=1.000000
fShader=1.000000
zoom=0.999505
rot=0.000000
cx=0.500000
cy=0.500000
dx=0.000000
dy=0.000000
warp=0.010000
sx=1.000000
sy=1.000000
wave_r=1.000000
wave_g=0.000000
wave_b=0.000000
wave_x=0.500000
wave_y=0.500000
ob_size=0.500000
ob_r=0.010000
ob_g=0.000000
ob_b=0.000000
ob_a=0.000000
ib_size=0.260000
ib_r=0.250000
ib_g=0.250000
ib_b=0.250000
ib_a=0.000000
nMotionVectorsX=12.000000
nMotionVectorsY=9.000000
mv_dx=0.000000
mv_dy=0.000000
mv_l=0.900000
mv_r=1.000000
mv_g=1.000000
mv_b=1.000000
mv_a=0.000000
per_frame_1=sx=1.015+0.2*max(bass_att-1,0);
per_frame_2=wave_r=0.5+0.5*sin(time*0.51);
per_frame_3=wave_b=0.5+0.5*sin(time*0.52);
per_frame_4=wave_g=0.5+0.5*sin(time*0.53);
per_pixel_1=zoom=1+0.1*sin(rad*120);
