[preset00]
fRating=5.000000
fGammaAdj=2.001001
fDecay=0.990000
fVideoEchoZoom=1.006596
fVideoEchoAlpha=0.500000
nVideoEchoOrientation=3
nWaveMode=0
bAdditiveWaves=0
bWaveDots=0
bWaveThick=1
bModWaveAlphaByVolume=0
bMaximizeWaveColor=0
bTexWrap=1
bDarkenCenter=0
bRedBlueStereo=0
bBrighten=0
bDarken=0
bSolarize=0
bInvert=0
fWaveAlpha=1.000156
fWaveScale=24.831774
fWaveSmoothing=0.000000
fWaveParam=0.000000
fModWaveAlphaStart=0.710000
fModWaveAlphaEnd=1.300000
fWarpAnimSpeed=0.101411
fWarpScale=0.205919
fZoomExponent=0.162175
fShader=1.000000
zoom=0.999512
rot=0.000000
cx=0.500000
cy=0.500000
dx=0.000000
dy=0.000000
warp=1.084834
sx=0.999997
sy=1.000000
wave_r=0.650000
wave_g=0.650000
wave_b=0.650000
wave_x=0.500000
wave_y=0.500000
ob_size=0.500000
ob_r=0.000000
ob_g=0.000000
ob_b=0.000000
ob_a=0.000000
ib_size=0.260000
ib_r=0.250000
ib_g=0.250000
ib_b=0.250000
ib_a=0.000000
nMotionVectorsX=12.000000
nMotionVectorsY=9.000000
mv_dx=0.000000
mv_dy=0.000000
mv_l=0.900000
mv_r=1.000000
mv_g=1.000000
mv_b=1.000000
mv_a=0.000000
per_frame_1=wave_r = 0.5 + 0.5*sin(time*1.13);
per_frame_2=wave_b = 0.5 + 0.5*sin(time*1.33);
per_frame_3=wave_g = 0.5 + 0.5*sin(time*1.23);
per_frame_4=sx = sx + 0.05 * sin(time*0.5);
per_frame_5=sy = sx;
per_pixel_1=zoom=0.94+rad*0.15;
