[preset00]
fGammaAdj=2.000000
fDecay=0.980000
fVideoEchoZoom=0.333566
fVideoEchoAlpha=0.000000
nVideoEchoOrientation=0
nWaveMode=0
bAdditiveWaves=0
bWaveDots=0
bModWaveAlphaByVolume=0
bMaximizeWaveColor=1
bTexWrap=1
bDarkenCenter=0
bMotionVectorsOn=0
bRedBlueStereo=0
nMotionVectorsX=12
nMotionVectorsY=9
bBrighten=1
bDarken=0
bSolarize=0
bInvert=0
fWaveAlpha=0.532001
fWaveScale=0.010000
fWaveSmoothing=0.000000
fWaveParam=-0.399900
fModWaveAlphaStart=0.750000
fModWaveAlphaEnd=0.950000
fWarpAnimSpeed=1.000000
fWarpScale=1.000000
fZoomExponent=1.000000
fShader=0.000000
zoom=1.000000
rot=0.000000
cx=0.500000
cy=0.500000
dx=0.000000
dy=0.000000
warp=1.000000
sx=1.000000
sy=1.000000
wave_r=0.500000
wave_g=0.500000
wave_b=0.500000
wave_x=0.500000
wave_y=0.500000
per_frame_1=warp = 0;
per_frame_2=wave_r = bass*.5;
per_frame_3=wave_g = treb*.5;
per_frame_4=wave_b = mid*.5;
per_frame_5=decay = .99;
per_frame_6=dx = -.001;
per_frame_7=dy = -.001;
per_pixel_1=zoom = 1.03+rad*.1;
per_pixel_2=zoomexp =1 - 1*sin(rad*time*10);
