[preset00] 
fRating=3.000000 
fGammaAdj=2.840000 
fDecay=0.980000 
fVideoEchoZoom=1.028406 
fVideoEchoAlpha=0.500000 
nVideoEchoOrientation=3 
nWaveMode=5 
bAdditiveWaves=0 
bWaveDots=1 
bModWaveAlphaByVolume=0 
bMaximizeWaveColor=1 
bTexWrap=0 
bDarkenCenter=0 
bMotionVectorsOn=0 
bRedBlueStereo=0 
nMotionVectorsX=12 
nMotionVectorsY=9 
bBrighten=0 
bDarken=0 
bSolarize=0 
bInvert=1 
fWaveAlpha=7.740000 
fWaveScale=0.655900 
fWaveSmoothing=0.800000 
fWaveParam=0.000000 
fModWaveAlphaStart=0.750000 
fModWaveAlphaEnd=0.950000 
fWarpAnimSpeed=1.488863 
fWarpScale=1.772000 
fZoomExponent=0.593868 
fShader=0.590000 
zoom=0.980000 
rot=-0.980000 
cx=0.500000 
cy=0.500000 
dx=0.000000 
dy=0.140000 
warp=1.137174 
sx=1.000000 
sy=1.000000 
wave_r=0.900000 
wave_g=0.900000 
wave_b=0.900000 
wave_x=0.500000 
wave_y=0.500000 
ob_size=0.005000 
ob_r=0.000000 
ob_g=0.000000 
ob_b=0.000000 
ob_a=1.000000 
ib_size=0.000000 
ib_r=0.550000 
ib_g=1.000000 
ib_b=0.499900 
ib_a=0.230000 
per_frame_1=wave_x = wave_x + 0.500*( 0.60*sin(2.121*time) + 0.40*sin(1.621*time) ); 
per_frame_2=wave_y = wave_y + 0.500*( 0.60*sin(1.742*time) + 0.40*sin(2.322*time) ); 
per_frame_3=wave_r = wave_r + 0.500*( 0.60*sin(0.823*time) + 0.40*sin(0.916*time) ); 
per_frame_4=wave_g = wave_g + 0.500*( 0.60*sin(0.900*time) + 0.40*sin(1.023*time) ); 
per_frame_5=wave_b = wave_b + 0.500*( 0.60*sin(0.808*time) + 0.40*sin(0.949*time) ); 
per_frame_6=rot = rot + 0.028*( 0.60*sin(0.381*time) + 0.40*sin(0.539*time) ); 
per_frame_7=decay = decay - 0.06*equal(frame%50,0); 
per_frame_8=ib_g=wave_r; 
per_frame_9=ib_b=wave_g; 
per_frame_10=ib_r=wave_b; 
per_frame_11=ob_g=wave_b; 
per_frame_12=ob_b=wave_r; 
per_frame_13=ob_r=wave_g; 
per_pixel_1=zoom=zoom-.02*acos(x*2-1); 

