[preset00] 
fRating=5.000000 
fGammaAdj=2.000000 
fDecay=0.980000 
fVideoEchoZoom=67.165314 
fVideoEchoAlpha=0.500000 
nVideoEchoOrientation=0 
nWaveMode=7 
bAdditiveWaves=0 
bWaveDots=0 
bModWaveAlphaByVolume=0 
bMaximizeWaveColor=1 
bTexWrap=1 
bDarkenCenter=0 
bMotionVectorsOn=0 
bRedBlueStereo=0 
nMotionVectorsX=12 
nMotionVectorsY=9 
bBrighten=0 
bDarken=0 
bSolarize=0 
bInvert=0 
fWaveAlpha=7.740000 
fWaveScale=0.656000 
fWaveSmoothing=0.800000 
fWaveParam=0.000000 
fModWaveAlphaStart=0.750000 
fModWaveAlphaEnd=0.950000 
fWarpAnimSpeed=1.000000 
fWarpScale=1.772000 
fZoomExponent=1.960000 
fShader=0.190000 
zoom=0.980000 
rot=0.000000 
cx=0.500000 
cy=0.500000 
dx=0.000000 
dy=0.000000 
warp=0.513000 
sx=1.000000 
sy=1.000000 
wave_r=0.500000 
wave_g=0.500000 
wave_b=0.500000 
wave_x=0.500000 
wave_y=0.500000 
ob_size=0.010000 
ob_r=0.000000 
ob_g=0.000000 
ob_b=0.000000 
ob_a=0.580000 
ib_size=0.015000 
ib_r=0.550000 
ib_g=1.000000 
ib_b=0.499900 
ib_a=0.230000 
per_frame_1=wave_x = wave_x + 0.500*( 0.60*sin(2.121*time) + 0.40*sin(1.621*time) ); 
per_frame_2=wave_y = wave_y + 0.500*( 0.60*sin(1.742*time) + 0.40*sin(2.322*time) ); 
per_frame_3=wave_r = wave_r + 0.500*( 0.60*sin(0.823*time) + 0.40*sin(0.916*time) ); 
per_frame_4=wave_g = wave_g + 0.500*( 0.60*sin(0.900*time) + 0.40*sin(1.023*time) ); 
per_frame_5=wave_b = wave_b + 0.500*( 0.60*sin(0.808*time) + 0.40*sin(0.949*time) ); 
per_frame_6=zoom = zoom + 0.020*( 0.60*sin(0.239*time) + 0.40*sin(0.296*time) ); 
per_frame_7=rot = rot + 0.028*( 0.60*sin(0.381*time) + 0.40*sin(0.539*time) ); 
per_frame_8=cx = cx + 0.30*( 0.60*sin(0.374*time) + 0.40*sin(0.194*time) ); 
per_frame_9=cy = cy + 0.037*( 0.60*sin(0.274*time) + 0.40*sin(0.394*time) ); 
per_frame_10=dx = dx + 0.015*( 0.60*sin(0.334*time) + 0.40*sin(0.277*time) ); 
per_frame_11=dy = dy + .25*( 0.60*sin(0.384*time) + 0.40*sin(0.247*time) ); 
per_frame_12=sx = sx + 0.015*( 0.60*sin(0.313*time) + 0.40*sin(0.383*time) ); 
per_frame_13=decay = decay - 0.06*equal(frame%50,0); 
per_frame_14=ib_g=wave_r; 
per_frame_15=ib_b=wave_g; 
per_frame_16=ib_r=wave_b; 
per_frame_17=ib_size=ib_size+.003*sin(time*5); 
per_frame_18=ob_g=wave_b; 
per_frame_19=ob_b=wave_r; 
per_frame_20=ob_r=wave_g; 
per_pixel_1=rot=rot+rad*.618*sin(time);
