[preset00] 
fRating=4.000000 
fGammaAdj=2.000000 
fDecay=0.995000 
fVideoEchoZoom=1.228238 
fVideoEchoAlpha=0.500000 
nVideoEchoOrientation=0 
nWaveMode=2 
bAdditiveWaves=1 
bWaveDots=0 
bModWaveAlphaByVolume=0 
bMaximizeWaveColor=0 
bTexWrap=0 
bDarkenCenter=0 
bMotionVectorsOn=0 
bRedBlueStereo=0 
nMotionVectorsX=12 
nMotionVectorsY=9 
bBrighten=0 
bDarken=0 
bSolarize=0 
bInvert=0 
fWaveAlpha=3.221673 
fWaveScale=3.300382 
fWaveSmoothing=0.750000 
fWaveParam=1.000000 
fModWaveAlphaStart=0.750000 
fModWaveAlphaEnd=0.950000 
fWarpAnimSpeed=2.006762 
fWarpScale=1.488863 
fZoomExponent=100.000000 
fShader=0.700000 
zoom=0.483659 
rot=0.040000 
cx=0.500000 
cy=0.500000 
dx=0.000000 
dy=0.000000 
warp=4.027092 
sx=0.999900 
sy=1.000000 
wave_r=0.500000 
wave_g=0.500000 
wave_b=0.500000 
wave_x=0.500000 
wave_y=0.500000 
ob_size=0.005000 
ob_r=0.280000 
ob_g=0.120000 
ob_b=0.200000 
ob_a=1.000000 
ib_size=0.010000 
ib_r=0.250000 
ib_g=0.250000 
ib_b=0.250000 
ib_a=0.000000 
per_frame_1=warp = 0; 
per_frame_2=dx = dx - .003*sin(time*.812); 
per_frame_3=wave_r = wave_r + .15*sin(time*.222); 
per_frame_4=wave_g = wave_g + .15*sin(time*.333); 
per_frame_5=wave_b = wave_b + .15*sin(time*.444); 
per_pixel_1=rot=rot+cos(rad*2-1)*.06-rad*.08; 
per_pixel_2=rot=if(equal(x*10%2,0),rot+.04*sin(time*1.619),rot); 
per_pixel_3=zoom=zoom+cos(rad*2-1)*.316-cos(rad)*.341; 
per_pixel_4=zoom=if(equal(y*10%2,0),zoom+.17*sin(time*2.11),.4+.5*mid); 
