[preset00] 
fRating=3.000000 
fGammaAdj=1.998000 
fDecay=0.990000 
fVideoEchoZoom=2.440373 
fVideoEchoAlpha=1.000000 
nVideoEchoOrientation=0 
nWaveMode=7 
bAdditiveWaves=0 
bWaveDots=0 
bModWaveAlphaByVolume=0 
bMaximizeWaveColor=1 
bTexWrap=1 
bDarkenCenter=0 
bMotionVectorsOn=0 
bRedBlueStereo=0 
nMotionVectorsX=12 
nMotionVectorsY=9 
bBrighten=0 
bDarken=0 
bSolarize=0 
bInvert=0 
fWaveAlpha=0.800000 
fWaveScale=1.981000 
fWaveSmoothing=0.900000 
fWaveParam=0.000000 
fModWaveAlphaStart=0.750000 
fModWaveAlphaEnd=0.950000 
fWarpAnimSpeed=3.300379 
fWarpScale=0.389964 
fZoomExponent=1.000000 
fShader=0.150000 
zoom=1.064000 
rot=0.000000 
cx=0.500000 
cy=0.500000 
dx=0.000000 
dy=0.000000 
warp=0.880268 
sx=1.000000 
sy=1.000000 
wave_r=0.600000 
wave_g=0.600000 
wave_b=0.600000 
wave_x=0.500000 
wave_y=0.500000 
ob_size=0.250000 
ob_r=0.500000 
ob_g=0.500000 
ob_b=0.500000 
ob_a=0.800000 
ib_size=0.005000 
ib_r=0.450000 
ib_g=0.500000 
ib_b=0.300000 
ib_a=0.370000 
per_frame_1=wave_r = wave_r + 0.400*( 0.60*sin(0.933*time) + 0.40*sin(1.045*time) ); 
per_frame_2=wave_g = wave_g + 0.400*( 0.60*sin(0.900*time) + 0.40*sin(0.956*time) ); 
per_frame_3=wave_b = wave_b + 0.400*( 0.60*sin(0.910*time) + 0.40*sin(0.920*time) ); 
per_frame_4=zoom = zoom + 0.003*( 0.60*sin(0.339*time) + 0.40*sin(0.276*time) ); 
per_frame_5=rot = rot + 0.0040*( 0.60*sin(0.381*time) + 0.40*sin(0.579*time) ); 
per_frame_6=decay = decay - 0.01*equal(frame%2,0); 
per_frame_7=q1=sin(1.428*time)+.080*sin(.618*time)*bass_att*1.751; 
per_frame_8=ob_a=q1*.8; 
per_frame_9=ob_g=ob_a*.03*mid; 
per_frame_10=ob_r=ob_a*.03*bass; 
per_frame_11=ob_b=ob_a*.03*treb; 
per_frame_12=ob_size=ob_size+ob_a*.3; 
per_frame_13=sx=sx+ob_a*.22; 
per_frame_14=ib_size=q1*.4*sin(time); 
per_frame_15=warp=.3+.76*q1; 
per_pixel_1=zoom=zoom-y*.618-1+.67*q1*cos(ang*.815*rad); 
per_pixel_2=rot=q1*rot+(zoom-1.0)*.16+q1*rad*(.17*sin(time*2)); 
