[preset00] 
fRating=3.000000 
fGammaAdj=2.000000 
fDecay=0.987900 
fVideoEchoZoom=1.006500 
fVideoEchoAlpha=0.499900 
nVideoEchoOrientation=1 
nWaveMode=2 
bAdditiveWaves=1 
bWaveDots=0 
bModWaveAlphaByVolume=1 
bMaximizeWaveColor=1 
bTexWrap=1 
bDarkenCenter=0 
bMotionVectorsOn=0 
bRedBlueStereo=0 
nMotionVectorsX=88 
nMotionVectorsY=22 
bBrighten=0 
bDarken=0 
bSolarize=0 
bInvert=0 
fWaveAlpha=0.968689 
fWaveScale=1.054800 
fWaveSmoothing=0.900000 
fWaveParam=-0.400000 
fModWaveAlphaStart=0.910000 
fModWaveAlphaEnd=1.300000 
fWarpAnimSpeed=1.353354 
fWarpScale=1.090814 
fZoomExponent=1.028400 
fShader=0.100000 
zoom=1.506112 
rot=0.000000 
cx=0.500000 
cy=0.300000 
dx=0.000000 
dy=0.000000 
warp=0.796897 
sx=1.006661 
sy=1.006591 
wave_r=0.500000 
wave_g=0.500000 
wave_b=0.500000 
wave_x=0.500000 
wave_y=0.550000 
ob_size=0.110000 
ob_r=0.500000 
ob_g=0.500000 
ob_b=0.500000 
ob_a=0.000000 
ib_size=0.010000 
ib_r=0.500000 
ib_g=0.125000 
ib_b=0.500000 
ib_a=0.000000 
per_frame_1=wave_r = wave_r + 0.350*sin(time*.888); 
per_frame_2=wave_g = wave_g + 0.350*sin(time*.777); 
per_frame_3=wave_b = wave_b + 0.350*sin(time*.666); 
per_frame_4=rot=rot+.02*sin(time*.322); 
per_frame_5=zoom=zoom+.5*sin(time*.444); 
per_frame_6=cx=cx+.1*sin(time*.999); 
per_pixel_1=orbsize=.25+.15*abs(bass_att-1)+.1*sin(time); 
per_pixel_2=zoom=if(above(rad,orbsize),zoom,1); 
per_pixel_3=sx=if(above(rad,orbsize),sx-abs(y-1),sx); 
per_pixel_4=sy=if(above(rad,orbsize),sy-abs(x-1),sy); 
per_pixel_5=rot=rot+sin(abs(y-1)*rad+time*.7)*rad*.2;
