[preset00]
fRating=4.000000
fGammaAdj=2.000000
fDecay=0.900000
fVideoEchoZoom=1.400000
fVideoEchoAlpha=0.100000
nVideoEchoOrientation=0
nWaveMode=3
bAdditiveWaves=0
bWaveDots=1
bWaveThick=0
bModWaveAlphaByVolume=0
bMaximizeWaveColor=1
bTexWrap=0
bDarkenCenter=0
bRedBlueStereo=0
bBrighten=0
bDarken=1
bSolarize=0
bInvert=0
fWaveAlpha=0.900000
fWaveScale=2.905000
fWaveSmoothing=0.600000
fWaveParam=-0.300000
fModWaveAlphaStart=0.750000
fModWaveAlphaEnd=0.950000
fWarpAnimSpeed=5.600000
fWarpScale=11.200000
fZoomExponent=100.000000
fShader=0.000000
zoom=100.000000
rot=0.000000
cx=0.020000
cy=0.500000
dx=0.000000
dy=0.000000
warp=0.025000
sx=0.999998
sy=1.000000
wave_r=0.600000
wave_g=0.600000
wave_b=0.600000
wave_x=0.500000
wave_y=0.500000
ob_size=0.000000
ob_r=0.000000
ob_g=0.000000
ob_b=0.580000
ob_a=0.000000
ib_size=0.010000
ib_r=0.250000
ib_g=0.250000
ib_b=0.250000
ib_a=0.300000
nMotionVectorsX=51.200000
nMotionVectorsY=31.200000
mv_dx=0.000000
mv_dy=-0.800000
mv_l=1.000000
mv_r=0.350000
mv_g=0.350000
mv_b=0.350000
mv_a=0.000000
wavecode_2_enabled=1
wavecode_2_samples=2
wavecode_2_sep=0
wavecode_2_bSpectrum=0
wavecode_2_bUseDots=0
wavecode_2_bDrawThick=0
wavecode_2_bAdditive=0
wavecode_2_scaling=1.000000
wavecode_2_smoothing=0.500000
wavecode_2_r=1.000000
wavecode_2_g=1.000000
wavecode_2_b=1.000000
wavecode_2_a=1.000000
per_frame_1=wave_r = wave_r + 0.400*( 0.60*sin(0.933*time) + 0.40*sin(1.045*time) );
per_frame_2=wave_g = wave_g + 0.100*( 0.60*sin(0.900*time) + 0.40*sin(0.956*time) );
per_frame_3=wave_b = wave_b + 0.100*( 0.60*sin(0.910*time) + 0.40*sin(0.920*time) );
per_frame_4=mv_r = wave_r;
per_frame_5=mv_b = wave_b;
per_frame_6=mv_g = wave_g;
per_frame_7=q1 = 0.05*(pow(1+1.2*bass+0.4*bass_att+0.1*treb+0.1*treb_att+0.1*mid+0.1*mid_att,6)/fps);
per_frame_8=//q1 = 0.6*(bass+bass_att);
per_frame_9=mv_a = if(above(bass-1.2,1),1,bass-1.2);
per_pixel_1=zoom = 1.01 + rad*0.15*q1;
