[preset00]
fRating=3.000000
fGammaAdj=1.900000
fDecay=0.980000
fVideoEchoZoom=0.218586
fVideoEchoAlpha=0.000000
nVideoEchoOrientation=3
nWaveMode=7
bAdditiveWaves=1
bWaveDots=0
bWaveThick=0
bModWaveAlphaByVolume=0
bMaximizeWaveColor=1
bTexWrap=1
bDarkenCenter=0
bRedBlueStereo=0
bBrighten=0
bDarken=1
bSolarize=0
bInvert=0
fWaveAlpha=9.697701
fWaveScale=2.155400
fWaveSmoothing=0.900000
fWaveParam=0.000000
fModWaveAlphaStart=0.750000
fModWaveAlphaEnd=0.950000
fWarpAnimSpeed=4.325323
fWarpScale=2.582779
fZoomExponent=4.913700
fShader=1.000000
zoom=1.175300
rot=-1.000000
cx=0.500000
cy=0.500000
dx=0.000000
dy=0.000000
warp=0.036456
sx=100.000000
sy=0.998170
wave_r=0.600000
wave_g=0.600000
wave_b=0.600000
wave_x=0.500000
wave_y=0.500000
ob_size=0.000000
ob_r=1.000000
ob_g=0.000000
ob_b=0.000000
ob_a=0.000000
ib_size=0.000000
ib_r=1.000000
ib_g=0.250000
ib_b=0.250000
ib_a=0.000000
nMotionVectorsX=7.000000
nMotionVectorsY=9.000000
mv_dx=0.000000
mv_dy=0.000000
mv_l=0.900000
mv_r=0.000000
mv_g=0.700000
mv_b=0.900000
mv_a=1.000000
per_frame_1=wave_r = wave_r + 0.400*( 0.60*sin(0.933*time) + 0.40*sin(1.045*time) );
per_frame_2=wave_g = wave_g + 0.400*( 0.60*sin(0.900*time) + 0.40*sin(0.956*time) );
per_frame_3=wave_b = wave_b + 0.400*( 0.60*sin(0.910*time) + 0.40*sin(0.920*time) );
per_frame_4=
per_frame_5=
per_pixel_1=zoom=zoom+treb+mid+max(0,(bass-0.2))*sin(time*1.4+rad*6);
per_pixel_2=warp=warp+max(0,(bass_att-1.2)*4.5);
per_pixel_3=rot=rot+bass+0.73*sin(time*0.065);
