//Originally "Heart Of Fire, Mind Of Light"
[preset00]
fRating=3.000000
fGammaAdj=2.000000
fDecay=0.980000
fVideoEchoZoom=2.000000
fVideoEchoAlpha=0.000000
nVideoEchoOrientation=0
nWaveMode=3
bAdditiveWaves=0
bWaveDots=0
bWaveThick=0
bModWaveAlphaByVolume=0
bMaximizeWaveColor=1
bTexWrap=1
bDarkenCenter=0
bRedBlueStereo=0
bBrighten=0
bDarken=0
bSolarize=0
bInvert=0
fWaveAlpha=0.800000
fWaveScale=0.040271
fWaveSmoothing=0.750000
fWaveParam=-0.520000
fModWaveAlphaStart=0.750000
fModWaveAlphaEnd=0.950000
fWarpAnimSpeed=1.000000
fWarpScale=1.000000
fZoomExponent=1.000000
fShader=0.000000
zoom=1.000000
rot=1.000000
cx=0.500000
cy=0.500000
dx=0.000000
dy=0.000000
warp=1.000000
sx=1.000000
sy=1.000000
wave_r=0.100000
wave_g=0.100000
wave_b=0.100000
wave_x=0.500000
wave_y=0.500000
ob_size=0.010000
ob_r=0.000000
ob_g=0.000000
ob_b=0.000000
ob_a=0.000000
ib_size=0.010000
ib_r=0.250000
ib_g=0.250000
ib_b=0.250000
ib_a=0.000000
nMotionVectorsX=12.000000
nMotionVectorsY=9.000000
mv_dx=0.000000
mv_dy=0.000000
mv_l=0.900000
mv_r=0.900000
mv_g=0.900000
mv_b=0.900000
mv_a=0.100000

//Zylot
per_frame_1=warp = 0;
per_frame_2=wave_r = wave_r + bass*.3;
per_frame_3=wave_g = wave_g + treb*.3;
per_frame_4=wave_b = wave_b + mid*.3;
per_frame_5=decay = .5;
per_pixel_1=ray = 3.1415926 * pow(rad,2);
per_pixel_2=zoom = if(above(rad,.8),0,sin(ray*.1*time))+(2*tan(ang*2+time*1+(sin(time*.5))));

//Wulfson
per_pixel_3=rot = if(above(rad, 0.1), if(above(rad, 0.3), if(above(rad, 0.5), if(above(rad, 0.7), -rot, rot), -rot), rot), -rot);
