[preset00]
fRating=3.000000
fGammaAdj=1.000000
fDecay=0.900000
fVideoEchoZoom=1.503745
fVideoEchoAlpha=0.500000
nVideoEchoOrientation=3
nWaveMode=5
bAdditiveWaves=1
bWaveDots=1
bWaveThick=0
bModWaveAlphaByVolume=0
bMaximizeWaveColor=0
bTexWrap=1
bDarkenCenter=1
bRedBlueStereo=0
bBrighten=0
bDarken=0
bSolarize=0
bInvert=0
fWaveAlpha=100.000000
fWaveScale=0.305100
fWaveSmoothing=0.000000
fWaveParam=0.000000
fModWaveAlphaStart=0.710000
fModWaveAlphaEnd=1.300000
fWarpAnimSpeed=1.000000
fWarpScale=1.337000
fZoomExponent=1.000000
fShader=0.000000
zoom=0.473600
rot=0.499999
cx=0.500000
cy=0.500000
dx=0.000000
dy=0.000000
warp=1.001800
sx=1.000000
sy=1.000000
wave_r=1.000000
wave_g=1.000000
wave_b=1.000000
wave_x=0.500000
wave_y=0.500000
ob_size=0.200000
ob_r=0.000000
ob_g=0.000000
ob_b=0.000000
ob_a=0.000000
ib_size=0.000000
ib_r=0.350000
ib_g=0.000000
ib_b=0.000000
ib_a=0.000000
nMotionVectorsX=64.000000
nMotionVectorsY=2.159900
mv_dx=0.000000
mv_dy=-0.000000
mv_l=2.000000
mv_r=0.700000
mv_g=0.700000
mv_b=0.700000
mv_a=0.150000
per_frame_1=wave_x = wave_x + 0.3*sin(time*2);
per_frame_2=wave_y = wave_y + 0.3*sin(time*3);
per_frame_3=mv_r = mv_r + 0.3*sin(time*1.42);
per_frame_4=mv_g = mv_g + 0.3*sin(time*1.31);
per_frame_5=mv_b = mv_b + 0.3*sin(time*1.53);
per_frame_6=myRot = sin(time*0.42);
per_frame_7=rot = if(above(myRot, 0.5), myRot, if(below(myRot, -0.5), abs(myRot), rot));
per_pixel_1=dx = dx + 0.11*sin(time*1.3) + 0.09*sin(x);
per_pixel_2=dy = dy + 0.11*sin(time*1.1) + 0.09*sin(y);
per_pixel_3=zoom = zoom + 0.25*sin(x) + 0.25*sin(y);
