[preset00]
fRating=3.000000
fGammaAdj=1.000000
fDecay=0.949900
fVideoEchoZoom=1.006497
fVideoEchoAlpha=0.500000
nVideoEchoOrientation=3
nWaveMode=3
bAdditiveWaves=1
bWaveDots=1
bWaveThick=1
bModWaveAlphaByVolume=0
bMaximizeWaveColor=0
bTexWrap=0
bDarkenCenter=1
bRedBlueStereo=0
bBrighten=0
bDarken=0
bSolarize=0
bInvert=0
fWaveAlpha=3.360100
fWaveScale=0.020068
fWaveSmoothing=0.900000
fWaveParam=0.000000
fModWaveAlphaStart=0.600000
fModWaveAlphaEnd=1.300000
fWarpAnimSpeed=0.821044
fWarpScale=0.401077
fZoomExponent=2.050837
fShader=1.000000
zoom=0.969928
rot=0.000000
cx=0.500000
cy=0.500000
dx=0.000000
dy=0.000000
warp=1.801969
sx=1.074096
sy=1.000000
wave_r=0.250000
wave_g=0.000000
wave_b=0.550000
wave_x=0.500000
wave_y=0.500000
ob_size=0.005000
ob_r=0.450000
ob_g=0.200000
ob_b=0.450000
ob_a=0.500000
ib_size=0.000000
ib_r=0.000000
ib_g=0.000000
ib_b=0.000000
ib_a=0.000000
nMotionVectorsX=0.000000
nMotionVectorsY=0.000000
mv_dx=0.000000
mv_dy=0.000000
mv_l=0.000000
mv_r=0.000000
mv_g=0.000000
mv_b=0.000000
mv_a=0.000000
per_frame_1=wave_r = if(above(wave_b, 0.8), (wave_r + (0.4 - cos(bass)*((bass + mid)*0.5))) - 0.1, wave_r + (0.4 - cos(bass)*((bass + mid)*0.5)));
per_frame_2=wave_g = 0.03*cos(mid);
per_frame_3=wave_b = if(above(wave_r, 0.8), (wave_b + (0.4 - cos(treb)*((treb + mid)*0.5))) - 0.1, wave_b + (0.4 - cos(treb)*((treb + mid)*0.5)));
per_frame_4=wave_x = wave_x + 0.05*sin(3*time);
per_frame_5=wave_y = wave_y - 0.05*sin(2.5*time);
per_frame_6=sx = sx + 0.02*(0.8*cos(3*time) + 0.2*cos(time*1.1));
per_frame_7=sy = sy + 0.02*(0.8*cos(3*time) + 0.2*cos(time*1.2));
per_frame_8=ob_r = if(above(ob_r + 0.2*sin(0.3*time), wave_r), ob_r + 0.1*sin(0.3*time), ob_r + 0.2*sin(0.3*time));
per_frame_9=ob_g = if(above(ob_g + 0.2*sin(0.3*time), wave_g), ob_g + 0.1*sin(0.3*time), ob_g + 0.2*sin(0.3*time));
per_frame_10=ob_b = if(above(ob_b + 0.2*sin(0.3*time), wave_b), ob_b + 0.1*sin(0.3*time), ob_b + 0.2*sin(0.3*time));
per_pixel_1=zoom = zoom + 0.05*sin((rad+ang)*(rad+ang));
