[preset00]
fRating=3.000000
fGammaAdj=1.000000
fDecay=0.975000
fVideoEchoZoom=1.006596
fVideoEchoAlpha=0.000000
nVideoEchoOrientation=3
nWaveMode=3
bAdditiveWaves=0
bWaveDots=1
bWaveThick=0
bModWaveAlphaByVolume=0
bMaximizeWaveColor=0
bTexWrap=0
bDarkenCenter=0
bRedBlueStereo=0
bBrighten=0
bDarken=0
bSolarize=0
bInvert=1
fWaveAlpha=100.000000
fWaveScale=2.764217
fWaveSmoothing=0.801000
fWaveParam=0.000000
fModWaveAlphaStart=0.710000
fModWaveAlphaEnd=1.300000
fWarpAnimSpeed=1.000000
fWarpScale=1.331000
fZoomExponent=0.504219
fShader=0.000000
zoom=0.951003
rot=0.040000
cx=0.500000
cy=0.500000
dx=0.000000
dy=0.000000
warp=0.972365
sx=1.000000
sy=1.000000
wave_r=0.450000
wave_g=0.450000
wave_b=0.450000
wave_x=0.500000
wave_y=0.500000
ob_size=0.020000
ob_r=0.450000
ob_g=0.450000
ob_b=0.450000
ob_a=0.500000
ib_size=0.020000
ib_r=0.450000
ib_g=0.450000
ib_b=0.450000
ib_a=0.500000
nMotionVectorsX=7.680042
nMotionVectorsY=6.240038
mv_dx=0.320000
mv_dy=-0.220000
mv_l=0.050000
mv_r=0.760000
mv_g=0.000000
mv_b=1.000000
mv_a=0.000000
per_frame_1=patriot = rand(3);
per_frame_2=wave_r = wave_r + 0.5*sin(time*1.13);
per_frame_3=wave_g = wave_g + 0.5*sin(time*1.23);
per_frame_4=wave_b = wave_b + 0.5*sin(time*1.33);
per_frame_5=ob_r = ob_r + 0.5*sin(time*1.33);
per_frame_6=ob_g = ob_g + 0.5*sin(time*1.13);
per_frame_7=ob_b = ob_b + 0.5*sin(time*1.23);
per_frame_8=ib_r = ib_r + 0.5*sin(time*1.23);
per_frame_9=ib_g = ib_g + 0.5*sin(time*1.33);
per_frame_10=ib_b = ib_b + 0.5*sin(time*1.13);
per_pixel_1=rot = if(above(x, 0.85), rot*0.5, rot);
per_pixel_2=rot = if(above(y, 0.85), rot*0.5, rot);
per_pixel_3=rot = if(below(x, 0.15), rot*0.5, rot);
per_pixel_4=rot = if(below(y, 0.15), rot*0.5, rot);
per_pixel_5=cx = if(above(x, 0.15), if(below(x, 0.85), sin(0.2*(bass + bass_att + mid + mid_att)), cx), cx);
per_pixel_6=cy = if(above(y, 0.15), if(below(y, 0.85), cos(0.2*(treb + treb_att + mid + mid_att)), cy), cy);
