[preset00]
fRating=4.000000
fGammaAdj=2.000000
fDecay=0.973000
fVideoEchoZoom=1.047463
fVideoEchoAlpha=0.2000000
nVideoEchoOrientation=0
nWaveMode=6
bAdditiveWaves=1
bWaveDots=0
bWaveThick=1
bModWaveAlphaByVolume=0
bMaximizeWaveColor=0
bTexWrap=1
bDarkenCenter=1
bRedBlueStereo=0
bBrighten=0
bDarken=1
bSolarize=1
bInvert=0
fWaveAlpha=0.0000
fWaveScale=0.0000
fWaveSmoothing=0.00000
fWaveParam=0.00000
fModWaveAlphaStart=0.750000
fModWaveAlphaEnd=0.950000
fWarpAnimSpeed=1.000000
fWarpScale=2.853000
fZoomExponent=0.999835
fShader=0.000000
zoom=1.01399682
rot=0.000000
cx=0.500000
cy=0.500000
dx=0.000000
dy=0.000000
warp=0.000000
sx=1.000000
sy=1.000000
wave_r=0.600000
wave_g=0.600000
wave_b=0.600000
wave_x=0.500000
wave_y=0.500000
ob_size=0.0100000
ob_r=0.1000000
ob_g=0.1000000
ob_b=0.1000000
ob_a=1.000000
ib_size=0.0100000
ib_r=0.10000
ib_g=0.10000
ib_b=0.10000
ib_a=1.00000
nMotionVectorsX=64.000000
nMotionVectorsY=48.000000
mv_dx=0.000000
mv_dy=0.000000
mv_l=0.0000000
mv_r=0.350000
mv_g=0.350000
mv_b=0.350000
mv_a=0.000000
shapecode_0_enabled=1
shapecode_0_sides=3
shapecode_0_additive=1
shapecode_0_thickOutline=1
shapecode_0_textured=1
shapecode_0_x=0.500000
shapecode_0_y=0.500000
shapecode_0_rad=0.277309
shapecode_0_ang=0.100000
shapecode_0_tex_ang=0.58230
shapecode_0_tex_zoom=1.1219923
shapecode_0_r=0.0000000
shapecode_0_g=0.0000000
shapecode_0_b=1.0000000
shapecode_0_a=1.000000
shapecode_0_r2=1.000000
shapecode_0_g2=1.000000
shapecode_0_b2=0.000000
shapecode_0_a2=1.000000
shapecode_0_border_r=1.000000
shapecode_0_border_g=0.000000
shapecode_0_border_b=0.000000
shapecode_0_border_a=1.000000
shape_0_per_frame1=rad=0.1*bass*above(treb,bass*0.9)+above(mid,treb*0.95)*mid*0.2;
shape_0_per_frame2=rot=0.1*sin(time)*below(sin(time*0.24),0.92);
per_frame_1=ob_b=sin(sin(time*0.31)*bass);
per_frame_2=ob_r=sin(sin(time*0.21)*treb);
per_frame_3=ob_g=sin(sin(time*0.11)*mid);
per_pixel_1=hook=above(sqrt(x+sin(y*3))+sqrt(y+sin(x*2.5)),1.00);
per_pixel_2=ff = 0.5+sqrt(sqr(x+1)*rad+sqr(y+1));
per_pixel_3=rot = if(above(ff,1.45),sin(time*0.100),rot)*below(sin(time*0.24),0.92);
per_pixel_4=zoom=0.900+0.1*above(sin(time*0.23),0.93);
per_pixel_5=cx=sin(time*0.1)*0.1+0.5;
per_pixel_6=cy=sin(time*0.1)*0.1+0.5;


