[preset00]
fRating=4.000000
fGammaAdj=2.000000
fDecay=0.973000
fVideoEchoZoom=1.047463
fVideoEchoAlpha=0.000000
nVideoEchoOrientation=0
nWaveMode=0
bAdditiveWaves=1
bWaveDots=0
bWaveThick=1
bModWaveAlphaByVolume=0
bMaximizeWaveColor=1
bTexWrap=0
bDarkenCenter=1
bRedBlueStereo=0
bBrighten=0
bDarken=1
bSolarize=0
bInvert=0
fWaveAlpha=0.000000000
fWaveScale=3.00000000
fWaveSmoothing=0.600000
fWaveParam=-0.300000
fModWaveAlphaStart=0.750000
fModWaveAlphaEnd=0.950000
fWarpAnimSpeed=0.1000000
fWarpScale=2.853000
fZoomExponent=0.999835
fShader=0.000000
zoom=0.999682
rot=0.000000
cx=0.500000
cy=0.500000
dx=0.000000
dy=0.000000
warp=0.000000
sx=1.000000
sy=1.000000
wave_r=0.600000
wave_g=0.600000
wave_b=0.600000
wave_x=0.500000
wave_y=0.500000
ob_size=0.0500000
ob_r=0.000000
ob_g=0.000000
ob_b=0.000000
ob_a=1.000000
ib_size=0.00000
ib_r=0.250000
ib_g=0.250000
ib_b=0.250000
ib_a=0.000000
nMotionVectorsX=14.000000
nMotionVectorsY=18.000000
mv_dx=0.000000
mv_dy=0.000000
mv_l=0.0000000
mv_r=0.350000
mv_g=0.350000
mv_b=0.350000
mv_a=0.000000
shapecode_0_enabled=0
shapecode_0_sides=40
shapecode_0_additive=0
shapecode_0_thickOutline=0
shapecode_0_textured=0
shapecode_0_x=0.500000
shapecode_0_y=0.500000
shapecode_0_rad=0.100000
shapecode_0_ang=0.2500000
shapecode_0_tex_ang=0.2500
shapecode_0_tex_zoom=0.65000
shapecode_0_r=1.000000
shapecode_0_g=0.000000
shapecode_0_b=0.000000
shapecode_0_a=1.000000
shapecode_0_r2=1.000000
shapecode_0_g2=1.000000
shapecode_0_b2=0.000000
shapecode_0_a2=1.000000
shapecode_0_border_r=0.0000000
shapecode_0_border_g=0.0000000
shapecode_0_border_b=1.0000000
shapecode_0_border_a=1.000000
shapecode_1_enabled=1
shapecode_1_sides=30
shapecode_1_additive=0
shapecode_1_thickOutline=0
shapecode_1_textured=0
shapecode_1_x=0.500000
shapecode_1_y=0.500000
shapecode_1_rad=0.0200000
shapecode_1_ang=1.00000
shapecode_1_tex_ang=0.25000000
shapecode_1_tex_zoom=0.95000
shapecode_1_r=1.0000000
shapecode_1_g=0.0000000
shapecode_1_b=0.000000
shapecode_1_a=0.8000000
shapecode_1_r2=0.000000
shapecode_1_g2=0.000000
shapecode_1_b2=0.000000
shapecode_1_a2=1.000000
shapecode_1_border_r=0.0000000
shapecode_1_border_g=0.0000000
shapecode_1_border_b=0.0000000
shapecode_1_border_a=1.000000
shape_1_per_frame1=g=above(bass,1.21)*above(mid,treb);
shape_1_per_frame2=r=1-sin(time+3)*above(mid,bass);
shape_1_per_frame3=rad=bass/18+mid/18;
shape_1_per_frame4=textured=BELOW(bass,0.8);
shape_1_per_frame5=additive=above(mid,1.1);
shape_1_per_frame6=
shape_1_per_frame7=yd=y-sin(time*1.0+1.57)*0.3333;
shape_1_per_frame8=xd=x-cos(time*1.0+1.57)*0.3333;
per_frame_1=mv_b = above(sin(time),0.7)*bass;
per_frame_2=q1=if(above(mid,treb),tan(time*0.55),tan(time));
per_frame_3=q2=cos(time*0.1);
per_pixel_1=
per_pixel_2=UTX=min(x-tan(sin(y)*frame/120),y-min(tan(ang)*x,tan(ang)*y));
per_pixel_3=
per_pixel_4=orbite=sqrt(4*sqr(x-sin(time)/3-0.5)+4*sqr(y-cos(time)/3-0.5));
per_pixel_5=
per_pixel_6=
per_pixel_7=
per_pixel_8=zoom=0.98+sqr(sqr(tan(orbite*20)))*0.01

