[preset00]
fRating=4.000000
fGammaAdj=2.000000
fDecay=0.973000
fVideoEchoZoom=1.047463
fVideoEchoAlpha=0.2000000
nVideoEchoOrientation=0
nWaveMode=3
bAdditiveWaves=1
bWaveDots=1
bWaveThick=0
bModWaveAlphaByVolume=0
bMaximizeWaveColor=0
bTexWrap=1
bDarkenCenter=1
bRedBlueStereo=0
bBrighten=0
bDarken=1
bSolarize=1
bInvert=0
fWaveAlpha=0.000
fWaveScale=0.0000
fWaveSmoothing=0.00000
fWaveParam=0.00000
fModWaveAlphaStart=0.750000
fModWaveAlphaEnd=0.950000
fWarpAnimSpeed=1.000000
fWarpScale=2.853000
fZoomExponent=0.999835
fShader=0.000000
zoom=1.01399682
rot=0.000000
cx=0.500000
cy=0.500000
dx=0.000000
dy=0.000000
warp=0.000000
sx=1.000000
sy=1.000000
wave_r=0.600000
wave_g=0.600000
wave_b=0.600000
wave_x=0.500000
wave_y=0.500000
ob_size=0.100000
ob_r=0.000000
ob_g=0.000000
ob_b=0.000000
ob_a=1.000000
ib_size=0.0100000
ib_r=0.51000
ib_g=0.50000
ib_b=0.50000
ib_a=1.00000
nMotionVectorsX=64.000000
nMotionVectorsY=48.000000
mv_dx=0.000000
mv_dy=0.000000
mv_l=0.0000000
mv_r=0.350000
mv_g=0.350000
mv_b=0.350000
mv_a=0.000000
shapecode_0_enabled=1
shapecode_0_sides=100
shapecode_0_additive=0
shapecode_0_thickOutline=0
shapecode_0_textured=0
shapecode_0_x=0.500000
shapecode_0_y=0.500000
shapecode_0_rad=0.77309
shapecode_0_ang=0.00000
shapecode_0_tex_ang=4.398230
shapecode_0_tex_zoom=1.372419
shapecode_0_r=1.0000000
shapecode_0_g=1.0000000
shapecode_0_b=0.0000000
shapecode_0_a=1.000000
shapecode_0_r2=0.000000
shapecode_0_g2=0.000000
shapecode_0_b2=1.000000
shapecode_0_a2=1.000000
shapecode_0_border_r=1.000000
shapecode_0_border_g=0.000000
shapecode_0_border_b=0.000000
shapecode_0_border_a=1.00000
shape_0_per_frame1=rad=0.07*sin(time)+0.11*treb;
per_frame_1=wave_b=1-sin(sin(time*0.11)*bass*3);
per_frame_2=wave_r=1-sin(sin(time*0.71)*treb*4);
per_frame_3=wave_g=1-sin(sin(time*0.31)*mid*5);
per_frame_4=rot=0.008;
per_pixel_1=q1=sqr(sqrt(x+1)-sqrt(y+1));
per_pixel_2=zoom=1-above(sin(time*rad*0.5),rad)*tan((1-sin(x))*(1-sin(y)))



