[preset00]
fRating=4.000000
fGammaAdj=2.000000
fDecay=0.973000
fVideoEchoZoom=1.047463
fVideoEchoAlpha=0.000000
nVideoEchoOrientation=0
nWaveMode=6
bAdditiveWaves=0
bWaveDots=0
bWaveThick=1
bModWaveAlphaByVolume=0
bMaximizeWaveColor=1
bTexWrap=0
bDarkenCenter=1
bRedBlueStereo=0
bBrighten=0
bDarken=1
bSolarize=1
bInvert=0
fWaveAlpha=5.20000
fWaveScale=0.85229
fWaveSmoothing=0.0500000
fWaveParam=0.0000
fModWaveAlphaStart=0.750000
fModWaveAlphaEnd=0.950000
fWarpAnimSpeed=0.01000000
fWarpScale=0.853000
fZoomExponent=0.999835
fShader=0.000000
zoom=0.999682
rot=0.000000
cx=0.500000
cy=0.500000
dx=0.000000
dy=0.000000
warp=0.000000
sx=1.000000
sy=1.000000
wave_r=0.600000
wave_g=0.600000
wave_b=0.600000
wave_x=0.500000
wave_y=0.500000
ob_size=0.0200000
ob_r=0.1000000
ob_g=0.1000000
ob_b=0.1000000
ob_a=1.000000
ib_size=0.00000
ib_r=0.250000
ib_g=0.250000
ib_b=0.250000
ib_a=0.000000
nMotionVectorsX=64.000000
nMotionVectorsY=48.000000
mv_dx=0.0500000
mv_dy=0.0500000
mv_l=0.01000000
mv_r=0.350000
mv_g=0.350000
mv_b=0.350000
mv_a=0.100000
shapecode_0_enabled=1
shapecode_0_sides=40
shapecode_0_additive=1
shapecode_0_thickOutline=0
shapecode_0_textured=1
shapecode_0_x=0.500000
shapecode_0_y=0.500000
shapecode_0_rad=0.100000
shapecode_0_ang=0.2500000
shapecode_0_tex_ang=0.25000000
shapecode_0_tex_zoom=0.65000
shapecode_0_r=0.000000
shapecode_0_g=0.000000
shapecode_0_b=1.000000
shapecode_0_a=1.000000
shapecode_0_r2=1.000000
shapecode_0_g2=0.000000
shapecode_0_b2=0.000000
shapecode_0_a2=1.000000
shapecode_0_border_r=0.7000000
shapecode_0_border_g=0.7000000
shapecode_0_border_b=0.2000000
shapecode_0_border_a=1.000000
shape_0_per_frame1=rad=treb/7+0.07;
shape_0_per_frame2=r2=above(sin(time*5.1),0.75)*(treb+bass)/2;
shape_0_per_frame3=g2=above(sin(time*5.5),0.77)*(treb+treb)/2;
shape_0_per_frame4=b2=above(sin(time*5.7),0.81)*(treb+mid)/2;
per_frame_1=bf=frame%15*pow(bass_att,4);
per_frame_2=wave_b=1-0.7*cos(sin(time*0.91)*pow(mid_att,8));
per_frame_3=wave_r=1-0.7*cos(sin(time*0.51)*pow(treb_att,9));
per_frame_4=wave_g=1-0.7*cos(sin(time*0.31)*pow(bass_att,7));
per_frame_5=ob_r = ob_r + 0.2*sin(time*0.54);
per_frame_6=ob_g = ob_g + 0.2*sin(time*0.64);
per_frame_7=ob_b = ob_b + 0.2*sin(time*0.44);
per_pixel_1=zoom=0.995-atan(rad-sin(x+y)/2+1)*above(sin(time*rad*4.5)-0.3,rad)*tan(x*2+y*2+rad);
per_pixel_2=ab=if(above((x+y)+1,1.75*rad),sin(time*0.1),rad*0.1)