[preset00]
fRating=4.000000
fGammaAdj=2.000000
fDecay=0.973000
fVideoEchoZoom=1.047463
fVideoEchoAlpha=0.2000000
nVideoEchoOrientation=0
nWaveMode=3
bAdditiveWaves=1
bWaveDots=1
bWaveThick=0
bModWaveAlphaByVolume=0
bMaximizeWaveColor=0
bTexWrap=1
bDarkenCenter=1
bRedBlueStereo=0
bBrighten=0
bDarken=1
bSolarize=1
bInvert=0
fWaveAlpha=0.1777000
fWaveScale=1.1229
fWaveSmoothing=0.00000
fWaveParam=-0.300000
fModWaveAlphaStart=0.750000
fModWaveAlphaEnd=0.950000
fWarpAnimSpeed=1.000000
fWarpScale=2.853000
fZoomExponent=0.999835
fShader=0.000000
zoom=1.01399682
rot=0.000000
cx=0.500000
cy=0.500000
dx=0.000000
dy=0.000000
warp=0.000000
sx=1.000000
sy=1.000000
wave_r=0.600000
wave_g=0.600000
wave_b=0.600000
wave_x=0.500000
wave_y=0.500000
ob_size=0.100000
ob_r=0.000000
ob_g=0.000000
ob_b=0.000000
ob_a=1.000000
ib_size=0.0100000
ib_r=0.250000
ib_g=0.250000
ib_b=0.250000
ib_a=0.100000
nMotionVectorsX=64.000000
nMotionVectorsY=48.000000
mv_dx=0.000000
mv_dy=0.000000
mv_l=0.0000000
mv_r=0.350000
mv_g=0.350000
mv_b=0.350000
mv_a=1.000000
shapecode_0_enabled=1
shapecode_0_sides=3
shapecode_0_additive=1
shapecode_0_thickOutline=1
shapecode_0_textured=1
shapecode_0_x=0.500000
shapecode_0_y=0.500000
shapecode_0_rad=0.247309
shapecode_0_ang=0.000000
shapecode_0_tex_ang=4.398230
shapecode_0_tex_zoom=1.372419
shapecode_0_r=0.000000
shapecode_0_g=1.000000
shapecode_0_b=1.000000
shapecode_0_a=1.000000
shapecode_0_r2=0.000000
shapecode_0_g2=0.000000
shapecode_0_b2=1.000000
shapecode_0_a2=1.000000
shapecode_0_border_r=1.000000
shapecode_0_border_g=0.000000
shapecode_0_border_b=0.000000
shapecode_0_border_a=1.000000
shape_0_per_frame1=x=0.5+0.3*cos(time*0.5)-0.1*abs(bass-x-y)*treb*above(treb,mid);
shape_0_per_frame2=y=0.5+0.3*sin(time*0.5)-0.1*abs(bass-x-y)*treb*above(treb,bass);
shapecode_1_enabled=1
shapecode_1_sides=81
shapecode_1_additive=1
shapecode_1_thickOutline=0
shapecode_1_textured=1
shapecode_1_x=0.500000
shapecode_1_y=0.500000
shapecode_1_rad=0.247309
shapecode_1_ang=0.68000000
shapecode_1_tex_ang=1.398230
shapecode_1_tex_zoom=1.372419
shapecode_1_r=0.000000
shapecode_1_g=1.000000
shapecode_1_b=1.000000
shapecode_1_a=1.000000
shapecode_1_r2=0.000000
shapecode_1_g2=0.000000
shapecode_1_b2=1.000000
shapecode_1_a2=1.000000
shapecode_1_border_r=1.000000
shapecode_1_border_g=0.000000
shapecode_1_border_b=0.000000
shapecode_1_border_a=1.000000
per_frame_1=rot=0.005;
per_pixel_1=q1=1-SIN(X)*SIN(Y);
per_pixel_2=q2=above(sin(rad+SIN(TIME*RAD)),rad);
per_pixel_3=zoom=1+q1*q2*(RAD-sin(rad*time))*sign(bass-treb+mid)


