[preset00]
fRating=4.000000
fGammaAdj=2.000000
fDecay=0.973000
fVideoEchoZoom=1.047463
fVideoEchoAlpha=0.2000000
nVideoEchoOrientation=0
nWaveMode=3
bAdditiveWaves=1
bWaveDots=1
bWaveThick=0
bModWaveAlphaByVolume=0
bMaximizeWaveColor=0
bTexWrap=1
bDarkenCenter=1
bRedBlueStereo=0
bBrighten=0
bDarken=1
bSolarize=1
bInvert=0
fWaveAlpha=0.1777000
fWaveScale=1.1229
fWaveSmoothing=0.00000
fWaveParam=-0.300000
fModWaveAlphaStart=0.750000
fModWaveAlphaEnd=0.950000
fWarpAnimSpeed=1.000000
fWarpScale=2.853000
fZoomExponent=0.999835
fShader=0.000000
zoom=1.01399682
rot=0.000000
cx=0.500000
cy=0.500000
dx=0.000000
dy=0.000000
warp=0.000000
sx=1.000000
sy=1.000000
wave_r=0.600000
wave_g=0.600000
wave_b=0.600000
wave_x=0.500000
wave_y=0.500000
ob_size=0.100000
ob_r=0.000000
ob_g=0.000000
ob_b=0.000000
ob_a=1.000000
ib_size=0.0100000
ib_r=0.250000
ib_g=0.250000
ib_b=0.250000
ib_a=0.100000
nMotionVectorsX=64.000000
nMotionVectorsY=48.000000
mv_dx=0.000000
mv_dy=0.000000
mv_l=0.0000000
mv_r=0.350000
mv_g=0.350000
mv_b=0.350000
mv_a=1.000000
shapecode_0_enabled=1
shapecode_0_sides=35
shapecode_0_additive=1
shapecode_0_thickOutline=0
shapecode_0_textured=1
shapecode_0_x=0.500000
shapecode_0_y=0.500000
shapecode_0_rad=0.500000
shapecode_0_ang=0.2500000
shapecode_0_tex_ang=0.25000000
shapecode_0_tex_zoom=0.65000
shapecode_0_r=1.000000
shapecode_0_g=1.000000
shapecode_0_b=0.000000
shapecode_0_a=1.000000
shapecode_0_r2=1.000000
shapecode_0_g2=0.000000
shapecode_0_b2=0.000000
shapecode_0_a2=1.000000
shapecode_0_border_r=0.000000
shapecode_0_border_g=0.000000
shapecode_0_border_b=1.000000
shapecode_0_border_a=1.000000
shape_0_per_frame1=rad = pow(bass+1,treb*2+1)/5-mid/2;
shape_0_per_frame2=a=above(abs(sin(time*2.2)),0.7);
shape_0_per_frame3=a2=below(abs(sin(time*2.1)),0.5);
shape_0_per_frame4=border_a=above(abs(sin(time*2)),0.8);
per_frame_1=wave_b=1-sin(sin(time*0.1122)*bass*3);
per_frame_2=wave_r=1-sin(sin(time*0.7122)*treb*4);
per_frame_3=wave_g=1-sin(sin(time*0.3122)*mid*5);
per_pixel_1=p1=1-sqrt(x+y)*0.5+tan(rad)*0.25;
per_pixel_2=p2=above(sin(rad+1),rad)*(rad-x*y+sin(time*rad*4));
per_pixel_3=zoom=1-p2*rad*(tan(x)+tan(y)-x*y)