[preset00]
fRating=5.000000
fGammaAdj=2.000000
fDecay=0.973000
fVideoEchoZoom=1.047463
fVideoEchoAlpha=0.000000
nVideoEchoOrientation=0
nWaveMode=0
bAdditiveWaves=1
bWaveDots=0
bWaveThick=1
bModWaveAlphaByVolume=0
bMaximizeWaveColor=1
bTexWrap=0
bDarkenCenter=1
bRedBlueStereo=0
bBrighten=0
bDarken=1
bSolarize=0
bInvert=0
fWaveAlpha=0.000000000
fWaveScale=3.00000000
fWaveSmoothing=0.600000
fWaveParam=-0.300000
fModWaveAlphaStart=0.750000
fModWaveAlphaEnd=0.950000
fWarpAnimSpeed=0.1000000
fWarpScale=2.853000
fZoomExponent=0.999835
fShader=0.000000
zoom=0.999682
rot=0.000000
cx=0.500000
cy=0.500000
dx=0.000000
dy=0.000000
warp=0.000000
sx=1.000000
sy=1.000000
wave_r=0.600000
wave_g=0.600000
wave_b=0.600000
wave_x=0.500000
wave_y=0.500000
ob_size=0.0500000
ob_r=0.000000
ob_g=0.000000
ob_b=0.000000
ob_a=1.000000
ib_size=0.00000
ib_r=0.250000
ib_g=0.250000
ib_b=0.250000
ib_a=0.000000
nMotionVectorsX=14.000000
nMotionVectorsY=18.000000
mv_dx=0.000000
mv_dy=0.000000
mv_l=0.5000000
mv_r=0.350000
mv_g=0.350000
mv_b=0.350000
mv_a=1.000000
shapecode_0_enabled=0
shapecode_0_sides=40
shapecode_0_additive=0
shapecode_0_thickOutline=0
shapecode_0_textured=0
shapecode_0_x=0.500000
shapecode_0_y=0.500000
shapecode_0_rad=0.100000
shapecode_0_ang=0.2500000
shapecode_0_tex_ang=0.2500
shapecode_0_tex_zoom=0.65000
shapecode_0_r=1.000000
shapecode_0_g=0.000000
shapecode_0_b=0.000000
shapecode_0_a=1.000000
shapecode_0_r2=1.000000
shapecode_0_g2=1.000000
shapecode_0_b2=0.000000
shapecode_0_a2=1.000000
shapecode_0_border_r=0.0000000
shapecode_0_border_g=0.0000000
shapecode_0_border_b=1.0000000
shapecode_0_border_a=1.000000
shapecode_1_enabled=1
shapecode_1_sides=3
shapecode_1_additive=0
shapecode_1_thickOutline=0
shapecode_1_textured=0
shapecode_1_x=0.500000
shapecode_1_y=0.500000
shapecode_1_rad=0.100000
shapecode_1_ang=1.00000
shapecode_1_tex_ang=0.25000000
shapecode_1_tex_zoom=0.95000
shapecode_1_r=0.20000000
shapecode_1_g=0.20000000
shapecode_1_b=0.000000
shapecode_1_a=1.000000
shapecode_1_r2=1.000000
shapecode_1_g2=0.000000
shapecode_1_b2=0.000000
shapecode_1_a2=0.5000000
shapecode_1_border_r=0.0000000
shapecode_1_border_g=0.0000000
shapecode_1_border_b=1.0000000
shapecode_1_border_a=0.000000
shape_1_per_frame1=
shape_1_per_frame2=
shape_1_per_frame3=r=above(treb,mid*1.15)*cos(time)*bass;
shape_1_per_frame4=g=above(treb,bass)*r2*sin(time*2);
shape_1_per_frame5=
shape_1_per_frame6=a=below(cos(time*1.6),0.91);
shape_1_per_frame7=sides=int(bass*10/(treb+1));
shape_1_per_frame8=textured=above(mid_Att,treb_att);
shape_1_per_frame9=additive=above(bass,treb+mid*0.25);
per_frame_1=wave_b=sin(sin(time*0.71)*pow(bass_att,7));
per_frame_2=wave_r=sin(sin(time*0.51)*pow(treb_att,8));
per_frame_3=wave_g=sin(sin(time*0.31)*pow(mid_att,9));
per_frame_4=ob_r = ob_r + 0.2*sin(time*0.54);
per_frame_5=ob_g = ob_g + 0.2*sin(time*0.64);
per_frame_6=ob_b = ob_b + 0.2*sin(time*0.43);
per_frame_10=q1=if(above(mid,treb),cos(time*0.85),sin(time)*bass_att*0.7);
per_frame_11=q2=if(above(sin(time*8),0.75),time+pow(bass,4),time);
per_frame_12=q3=if(above(mid+0.1,bass),sin(time),bass*2);
per_pixel_1=
per_pixel_2=
per_pixel_3=TD=sqrt(tan((x-0.3*bass)*10+time)+tan((y-0.3*mid)*10+time));
per_pixel_4=
per_pixel_5=
per_pixel_6=
per_pixel_7=
per_pixel_8=zoom=0.99+sqr(sqr(tan(rad*5*tan(time*0.72)+ang)*td))*0.001


