[preset00]
fRating=2.000000
fGammaAdj=1.000000
fDecay=0.960000
fVideoEchoZoom=0.333566
fVideoEchoAlpha=0.000000
nVideoEchoOrientation=0
nWaveMode=2
bAdditiveWaves=0
bWaveDots=0
bModWaveAlphaByVolume=0
bMaximizeWaveColor=1
bTexWrap=0
bDarkenCenter=0
bRedBlueStereo=0
bBrighten=1
bDarken=1
bSolarize=0
bInvert=0
fWaveAlpha=0.481614
fWaveScale=0.197884
fWaveSmoothing=0.000000
fWaveParam=-0.379900
fModWaveAlphaStart=0.750000
fModWaveAlphaEnd=0.950000
fWarpAnimSpeed=1.000000
fWarpScale=1.000000
fZoomExponent=1.000000
fShader=0.000000
zoom=0.999996
rot=0.000000
cx=0.500000
cy=0.500000
dx=0.000000
dy=0.000000
warp=1.000000
sx=1.000000
sy=1.000000
wave_r=0.500000
wave_g=0.500000
wave_b=0.500000
wave_x=0.500000
wave_y=0.500000
ob_size=0.010000
ob_r=0.000000
ob_g=0.000000
ob_b=0.000000
ob_a=0.000000
ib_size=0.010000
ib_r=0.250000
ib_g=0.250000
ib_b=0.250000
ib_a=0.000000
nMotionVectorsX=12.000000
nMotionVectorsY=9.000000
mv_l=0.900000
mv_r=1.000000
mv_g=1.000000
mv_b=1.000000
mv_a=0.000000
per_frame_1=warp = 0;
per_frame_2=wave_r = 0.6*sin(bass+time) + 0.7*sin(bass);
per_frame_3=wave_g = sin(mid*.5) + 0.8*sin(time);
per_frame_4=wave_b = sin(treb*.5) + 0.8*sin(bass*.5) ;
per_frame_5=rot = rot +0.1*sin(bass_att - time) - 0.15*sin(bass + time);
per_frame_6=dx = dx + 0.00045*sin(0.8*bass+time) + 0.0007*sin(-0.8*bass+time);
per_frame_7=dy = dy + 0.00054*sin(0.8*bass+4*time) + 0.00065*sin(0.8*bass+.8*time);
per_pixel_1=zoom = 1.03+(rad*.001)*(bass + time);
per_pixel_2=zoomexp =1 - 1*sin(ang*time*10);
