[preset00] 
fGammaAdj=2.000000 
fDecay=0.980000 
fVideoEchoZoom=2.000000 
fVideoEchoAlpha=0.000000 
nVideoEchoOrientation=1 
nWaveMode=2 
bAdditiveWaves=0 
bWaveDots=0 
bModWaveAlphaByVolume=1 
bMaximizeWaveColor=1 
bTexWrap=1 
bDarkenCenter=0 
bMotionVectorsOn=0 
bRedBlueStereo=0 
nMotionVectorsX=12 
nMotionVectorsY=9 
bBrighten=0 
bDarken=0 
bSolarize=0 
bInvert=0 
fWaveAlpha=2.916530 
fWaveScale=2.814632 
fWaveSmoothing=0.900000 
fWaveParam=-0.400000 
fModWaveAlphaStart=0.000000 
fModWaveAlphaEnd=0.800000 
fWarpAnimSpeed=0.550448 
fWarpScale=3.544930 
fZoomExponent=16.708855 
fShader=0.000000 
zoom=0.999999 
rot=0.000000 
cx=0.500000 
cy=0.500000 
dx=0.000000 
dy=0.000000 
warp=0.000000 
sx=1.000000 
sy=1.000000 
wave_r=0.500000 
wave_g=0.500000 
wave_b=0.500000 
wave_x=0.500000 
wave_y=0.500000 
per_frame_1=wave_r = wave_r + .14*(.26*sin(time*.555) + (sin(time*.222))); 
per_frame_2=wave_b = wave_b + .13*(.97*sin(time*.444) + (sin(time*.111))); 
per_frame_3=wave_g = wave_g + .15*(.51*sin(time*.666) + (sin(time*.333))); 
per_frame_4=warp = abs(.4*tan(time*2)); 
per_pixel_1=rot = rot + (rad*(.2*sin(time*(ang)))); 
fRating=1.000000
