[preset00]
fRating=3.000000
fGammaAdj=1.000000
fDecay=0.997000
fVideoEchoZoom=0.996629
fVideoEchoAlpha=0.400000
nVideoEchoOrientation=1
nWaveMode=1
bAdditiveWaves=0
bWaveDots=0
bWaveThick=1
bModWaveAlphaByVolume=0
bMaximizeWaveColor=1
bTexWrap=1
bDarkenCenter=0
bRedBlueStereo=0
bBrighten=0
bDarken=1
bSolarize=0
bInvert=0
fWaveAlpha=3.041877
fWaveScale=0.475357
fWaveSmoothing=0.270000
fWaveParam=0.000000
fModWaveAlphaStart=0.710000
fModWaveAlphaEnd=1.300000
fWarpAnimSpeed=1.000000
fWarpScale=1.331000
fZoomExponent=1.000000
fShader=0.000000
zoom=0.999514
rot=0.000000
cx=0.500000
cy=0.500000
dx=0.000000
dy=0.000000
warp=0.010000
sx=1.000000
sy=1.000000
wave_r=1.000000
wave_g=1.000000
wave_b=1.000000
wave_x=0.500000
wave_y=0.500000
ob_size=0.500000
ob_r=0.010000
ob_g=0.000000
ob_b=0.000000
ob_a=0.000000
ib_size=0.260000
ib_r=0.250000
ib_g=0.250000
ib_b=0.250000
ib_a=0.000000
nMotionVectorsX=12.000000
nMotionVectorsY=9.000000
mv_dx=0.000000
mv_dy=0.000000
mv_l=0.900000
mv_r=1.000000
mv_g=1.000000
mv_b=1.000000
mv_a=0.000000
per_frame_1=wave_r = .7+.3*sin(time*.3);
per_frame_2=wave_g = .6+.3*sin(time*.4)+.1*sin(time);
per_frame_3=wave_b = .6+.4*sin(time*.7)+.2*sin(time);
per_frame_4=wave_mystery = .2+.4*sin(time);
per_frame_5=decay = if(above(frame%3,1),1,.995);
per_frame_6=cx = .9+.3*sin(time*.3)+.2*sin(time*2);
per_frame_7=cy = .4+.4*sin(time*.2)+.3*sin(time*1.5);
per_frame_8=monitor = rot;
per_frame_9=dx = .001*sin(time)+.005*sin(time*.2);
per_frame_10=dy = .0004*sin(time*3)+.006*sin(time*.24);
per_frame_11=rot = .02*sin(time*2)+.04*sin(time*.6);
per_frame_12=zoom = .99;
per_frame_13=wave_mode = if(above(frame%2,0),1,2);
per_pixel_1=zoom = if(above(rad*bass,.3),0&bass,.99);
per_pixel_2=rot = -ang;
