[preset00]
fGammaAdj=2.000000
fDecay=0.980000
fVideoEchoZoom=100.000000
fVideoEchoAlpha=0.300000
nVideoEchoOrientation=0
nWaveMode=0
bAdditiveWaves=0
bWaveDots=0
bModWaveAlphaByVolume=0
bMaximizeWaveColor=1
bTexWrap=1
bDarkenCenter=0
bMotionVectorsOn=0
bRedBlueStereo=0
nMotionVectorsX=12
nMotionVectorsY=9
bBrighten=0
bDarken=0
bSolarize=0
bInvert=0
fWaveAlpha=0.094414
fWaveScale=100.000000
fWaveSmoothing=0.000000
fWaveParam=0.000000
fModWaveAlphaStart=1.100000
fModWaveAlphaEnd=0.000000
fWarpAnimSpeed=1.000000
fWarpScale=0.999994
fZoomExponent=97.236603
fShader=0.000000
zoom=1.928458
rot=0.000000
cx=0.500000
cy=0.500000
dx=0.000000
dy=0.000000
warp=1.000000
sx=0.999999
sy=1.000000
wave_r=0.500000
wave_g=0.500000
wave_b=0.500000
wave_x=0.500000
wave_y=0.500000
per_frame_1=wave_r = bass*.01 + treb*.01;
per_frame_2=wave_g = bass*.01 + treb*.01;
per_frame_3=wave_b = bass*.01 + treb*.01;
per_frame_4=decay = .9;
per_pixel_1=warp = if(below(rad,.4),5,0);
fRating=4.000000
