[preset00]
fRating=3.000000
fGammaAdj=2.000000
fDecay=0.980000
fVideoEchoZoom=2.000000
fVideoEchoAlpha=0.000000
nVideoEchoOrientation=0
nWaveMode=2
bAdditiveWaves=0
bWaveDots=0
bWaveThick=0
bModWaveAlphaByVolume=0
bMaximizeWaveColor=1
bTexWrap=0
bDarkenCenter=0
bRedBlueStereo=0
bBrighten=0
bDarken=0
bSolarize=0
bInvert=0
fWaveAlpha=0.947443
fWaveScale=0.567129
fWaveSmoothing=0.354000
fWaveParam=0.920000
fModWaveAlphaStart=0.750000
fModWaveAlphaEnd=0.950000
fWarpAnimSpeed=1.000000
fWarpScale=1.000000
fZoomExponent=1.000000
fShader=0.000000
zoom=1.000000
rot=0.000000
cx=0.500000
cy=0.500000
dx=0.000000
dy=0.000000
warp=1.000000
sx=1.000000
sy=1.000000
wave_r=0.500000
wave_g=0.500000
wave_b=0.500000
wave_x=0.500000
wave_y=0.500000
ob_size=0.010000
ob_r=0.500000
ob_g=0.500000
ob_b=0.500000
ob_a=0.000000
ib_size=0.010000
ib_r=0.500000
ib_g=0.500000
ib_b=0.500000
ib_a=0.500000
nMotionVectorsX=12.000000
nMotionVectorsY=9.000000
mv_dx=0.000000
mv_dy=0.000000
mv_l=0.900000
mv_r=1.000000
mv_g=1.000000
mv_b=1.000000
mv_a=0.000000
per_frame_1=warp = 0;
per_frame_2=wave_r = wave_r + .3*sin(time*.444);
per_frame_3=wave_g = wave_g + .3*sin(time*.333);
per_frame_4=wave_b = wave_b + .3*sin(time*.222);
per_frame_5=ob_a = bass_att*.1;
per_frame_6=ib_a = (bass+treb+mid);
per_frame_7=ob_size = treb_att*.08;
per_frame_8=ob_r = ob_r + .3*sin(time*.444);
per_frame_9=ob_g = ob_g + .3*sin(time*.333);
per_frame_10=ob_b = ob_b + .3*sin(time*.222);
per_frame_11=ib_r = bass*.1;
per_frame_12=ib_g = treb*.1;
per_frame_13=ib_b = mid*.1;
per_frame_14=wave_x = wave_x + (.15+.01*int(rand(5)))*sin(time*1.643);
per_frame_15=wave_y = wave_y + (.15+.01*int(rand(5)))*sin(time*1.324);
per_frame_16=rot = .05*sin(time);
per_frame_17=dx = .01*sin(time*1.22);
per_frame_18=dy = .01*sin(time*.888);
per_pixel_1=zoom = zoom + rad*.5;
