[preset00]
fRating=5.000000
fGammaAdj=1.500000
fDecay=0.920000
fVideoEchoZoom=2.000000
fVideoEchoAlpha=0.000000
nVideoEchoOrientation=0
nWaveMode=0
bAdditiveWaves=0
bWaveDots=0
bModWaveAlphaByVolume=1
bMaximizeWaveColor=0
bTexWrap=1
bDarkenCenter=1
bRedBlueStereo=0
bBrighten=0
bDarken=0
bSolarize=0
bInvert=0
fWaveAlpha=0.398652
fWaveScale=0.010000
fWaveSmoothing=0.340000
fWaveParam=-0.680000
fModWaveAlphaStart=1.750000
fModWaveAlphaEnd=1.550000
fWarpAnimSpeed=1.000000
fWarpScale=1.734735
fZoomExponent=1.005906
fShader=0.000000
zoom=1.002336
rot=0.000000
cx=0.500000
cy=0.500000
dx=0.000000
dy=0.000000
warp=0.022167
sx=1.000000
sy=1.000000
wave_r=0.000000
wave_g=0.000000
wave_b=0.000000
wave_x=0.500000
wave_y=0.500000
ob_size=0.010000
ob_r=0.000000
ob_g=0.000000
ob_b=0.000000
ob_a=0.000000
ib_size=0.010000
ib_r=0.250000
ib_g=0.250000
ib_b=0.250000
ib_a=0.000000
nMotionVectorsX=6.000000
nMotionVectorsY=6.000000
mv_l=0.900000
mv_r=0.199900
mv_g=0.200000
mv_b=0.200000
mv_a=1.000000
per_frame_1=wave_mystery = wave_mystery + bass_att*.2;
per_frame_2=mv_r = mv_r + bass*.5;
per_frame_3=mv_g = mv_g + treb*.5;
per_frame_4=mv_b = mv_b + mid_att*.5;
per_frame_5=range = (bass_att*.3)*sin(time*.888);
per_frame_6=mv_x = 6;
per_frame_7=mv_y = 1.99999999999999;
per_frame_8=mv_l = (bass_att+treb_att+mid_att)*100;
per_frame_9=zoom = 1.2;
per_frame_10=dx = .01*sin(time);
per_frame_11=dy = .01*cos(time*.77);
