[preset00]
fRating=1.000000
fGammaAdj=1.000000
fDecay=0.939999
fVideoEchoZoom=2.006761
fVideoEchoAlpha=0.000000
nVideoEchoOrientation=0
nWaveMode=2
bAdditiveWaves=1
bWaveDots=0
bWaveThick=1
bModWaveAlphaByVolume=0
bMaximizeWaveColor=1
bTexWrap=1
bDarkenCenter=0
bRedBlueStereo=0
bBrighten=0
bDarken=0
bSolarize=0
bInvert=0
fWaveAlpha=1.576900
fWaveScale=0.494282
fWaveSmoothing=0.540000
fWaveParam=-0.240000
fModWaveAlphaStart=0.500000
fModWaveAlphaEnd=1.000000
fWarpAnimSpeed=9.180534
fWarpScale=3.544900
fZoomExponent=1.000000
fShader=0.000000
zoom=1.000000
rot=0.000000
cx=0.500000
cy=0.500000
dx=0.000010
dy=0.000010
warp=0.972365
sx=1.000000
sy=1.000000
wave_r=0.500000
wave_g=0.500000
wave_b=0.500000
wave_x=0.500000
wave_y=0.500000
ob_size=0.005000
ob_r=0.390000
ob_g=0.400000
ob_b=0.590000
ob_a=1.000000
ib_size=0.500000
ib_r=1.000000
ib_g=1.000000
ib_b=1.000000
ib_a=0.000000
nMotionVectorsX=16.000004
nMotionVectorsY=16.800003
mv_dx=0.000000
mv_dy=0.000000
mv_l=0.150000
mv_r=1.000000
mv_g=0.000000
mv_b=0.000000
mv_a=1.000000
per_frame_1=warp = 0;
per_frame_2=zoom = .6+.2*sin(time*.433);
per_frame_3=dx = .6 +.1*sin(time);
per_frame_4=dy = .6 +.1*cos(time*.888);
per_frame_5=rot = .3*sin(time*.333);
per_frame_6=wave_r = bass*.3;
per_frame_7=wave_g = treb*.3;
per_frame_8=wave_b = mid*.3;
per_frame_9=wave_mode = 6;
per_frame_10=wave_mystery = if(above(frame%2,0),1,0);
per_frame_11=wave_a = 1;
per_frame_12=ob_g = ob_g + .05*sin(time);
per_frame_13=ob_b = ob_b + .2*sin(time*.4344);
per_pixel_1=dy = asin((y-.5)*abs(x-.5))*1;
per_pixel_2=sx = sin(dy*time)*105;
