[preset00] 
fGammaAdj=2.000000 
fDecay=0.980000 
fVideoEchoZoom=2.000000 
fVideoEchoAlpha=0.000000 
nVideoEchoOrientation=0 
nWaveMode=4 
bAdditiveWaves=0 
bWaveDots=1 
bModWaveAlphaByVolume=0 
bMaximizeWaveColor=1 
bTexWrap=1 
bDarkenCenter=0 
bMotionVectorsOn=0 
bRedBlueStereo=0 
nMotionVectorsX=12 
nMotionVectorsY=9 
bBrighten=0 
bDarken=0 
bSolarize=0 
bInvert=0 
fWaveAlpha=100.000000 
fWaveScale=0.559600 
fWaveSmoothing=0.000000 
fWaveParam=-1.000000 
fModWaveAlphaStart=0.750000 
fModWaveAlphaEnd=0.950000 
fWarpAnimSpeed=100.000000 
fWarpScale=0.430764 
fZoomExponent=6.811289 
fShader=0.000000 
zoom=1.045999 
rot=0.000000 
cx=0.500000 
cy=0.500000 
dx=0.000000 
dy=-0.055000 
warp=5.582154 
sx=0.869961 
sy=0.999999 
wave_r=0.000000 
wave_g=0.310000 
wave_b=1.000000 
wave_x=0.500000 
wave_y=0.000000 
per_frame_1=cy=treb*.3; 
per_pixel_1=sy=sy-0.1*log10(y*2+0.2);