[preset00]
fRating=4.000000
fGammaAdj=2.000000
fDecay=1.000000
fVideoEchoZoom=1.216077
fVideoEchoAlpha=0.499900
nVideoEchoOrientation=0
nWaveMode=0
bAdditiveWaves=0
bWaveDots=0
bWaveThick=0
bModWaveAlphaByVolume=0
bMaximizeWaveColor=1
bTexWrap=0
bDarkenCenter=0
bRedBlueStereo=0
bBrighten=1
bDarken=0
bSolarize=0
bInvert=0
fWaveAlpha=3.221673
fWaveScale=0.010000
fWaveSmoothing=0.750000
fWaveParam=-0.480000
fModWaveAlphaStart=0.750000
fModWaveAlphaEnd=0.950000
fWarpAnimSpeed=1.000000
fWarpScale=1.000000
fZoomExponent=1.000000
fShader=0.000000
zoom=1.000000
rot=0.000000
cx=0.500000
cy=0.500000
dx=0.000000
dy=0.000000
warp=1.000000
sx=1.000000
sy=1.000000
wave_r=0.500000
wave_g=0.500000
wave_b=0.500000
wave_x=0.960000
wave_y=0.500000
ob_size=0.010000
ob_r=0.000000
ob_g=0.000000
ob_b=0.000000
ob_a=1.000000
ib_size=0.010000
ib_r=0.250000
ib_g=0.250000
ib_b=0.250000
ib_a=0.000000
nMotionVectorsX=12.000000
nMotionVectorsY=9.000000
mv_dx=0.000000
mv_dy=0.000000
mv_l=0.900000
mv_r=1.000000
mv_g=1.000000
mv_b=1.000000
mv_a=0.000000
per_frame_1=warp = 0;
per_frame_2=wave_y = if(above((time*50)%3,0),if(above((time*50)%3,1),.75+(bass_att*.07),.5 + (treb_att*.07)),.25 + (mid_att*.06));
per_frame_3=wave_r=if(above((time*50)%3,0),if(above((time*50)%3,1),1,0),0);
per_frame_4=wave_g=if(above((time*50)%3,0),if(above((time*50)%3,1),0,1),0);
per_frame_5=wave_b=if(above((time*50)%3,0),if(above((time*50)%3,1),0,0),1);
per_pixel_1=dx = dx -.005-abs(x-1)*.01;
