[preset00]
fRating=3.000000
fGammaAdj=2.000000
fDecay=0.980000
fVideoEchoZoom=2.000000
fVideoEchoAlpha=0.000000
nVideoEchoOrientation=0
nWaveMode=0
bAdditiveWaves=0
bWaveDots=0
bWaveThick=0
bModWaveAlphaByVolume=0
bMaximizeWaveColor=1
bTexWrap=0
bDarkenCenter=0
bRedBlueStereo=0
bBrighten=0
bDarken=0
bSolarize=0
bInvert=0
fWaveAlpha=0.800000
fWaveScale=1.000000
fWaveSmoothing=0.750000
fWaveParam=0.000000
fModWaveAlphaStart=0.750000
fModWaveAlphaEnd=0.950000
fWarpAnimSpeed=1.000000
fWarpScale=1.000000
fZoomExponent=1.000000
fShader=0.000000
zoom=1.000000
rot=0.000000
cx=0.500000
cy=0.500000
dx=0.000000
dy=0.000000
warp=1.000000
sx=1.000000
sy=1.000000
wave_r=0.500000
wave_g=0.500000
wave_b=0.500000
wave_x=0.500000
wave_y=0.500000
ob_size=0.010000
ob_r=0.000000
ob_g=0.000000
ob_b=0.000000
ob_a=0.000000
ib_size=0.010000
ib_r=0.250000
ib_g=0.250000
ib_b=0.250000
ib_a=0.000000
nMotionVectorsX=12.000000
nMotionVectorsY=9.000000
mv_dx=0.000000
mv_dy=0.000000
mv_l=0.900000
mv_r=1.000000
mv_g=1.000000
mv_b=1.000000
mv_a=0.000000
per_frame_1=warp = 0;
per_frame_2=wave_r = wave_r + .3*sin(time);
per_frame_3=wave_g = wave_g + .3*sin(time*.777);
per_frame_4=wave_b = wave_b + .3*cos(time*1.22);
per_frame_5=ob_a = bass_att*.1;
per_frame_6=ob_size = treb_att*.05;
per_frame_7=ob_r = wave_r;
per_frame_8=ob_g = wave_g;
per_frame_9=ob_b = wave_b;
per_pixel_1=dx = sqrt(pow(y,3))*sin(ang*rad*tan(ang+1*time)+tan(ang+1*time)+tan(rad-1)+time)*.01;
per_pixel_2=dy = -dx+.001*sin(time);
per_pixel_3=zoom = zoom + (dy+dx)*10;
per_pixel_4=rot = .01*sin(zoom+time);
per_pixel_5=zoom = zoom+pow(rad*1.2,100)*.1;
