[preset00]
fRating=3.000000
fGammaAdj=1.980000
fDecay=0.940000
fVideoEchoZoom=2.000000
fVideoEchoAlpha=0.000000
nVideoEchoOrientation=0
nWaveMode=0
bAdditiveWaves=0
bWaveDots=0
bWaveThick=0
bModWaveAlphaByVolume=0
bMaximizeWaveColor=1
bTexWrap=1
bDarkenCenter=0
bRedBlueStereo=0
bBrighten=0
bDarken=1
bSolarize=0
bInvert=0
fWaveAlpha=0.001000
fWaveScale=2.987793
fWaveSmoothing=0.750000
fWaveParam=0.000000
fModWaveAlphaStart=0.750000
fModWaveAlphaEnd=0.950000
fWarpAnimSpeed=1.000000
fWarpScale=1.000000
fZoomExponent=1.000000
fShader=1.000000
zoom=1.000000
rot=0.000000
cx=0.500000
cy=0.500000
dx=0.000000
dy=0.000000
warp=1.000000
sx=1.000000
sy=1.000000
wave_r=0.500000
wave_g=0.500000
wave_b=0.500000
wave_x=0.500000
wave_y=0.500000
ob_size=0.010000
ob_r=0.000000
ob_g=0.000000
ob_b=0.000000
ob_a=0.000000
ib_size=0.010000
ib_r=0.250000
ib_g=0.250000
ib_b=0.250000
ib_a=0.000000
nMotionVectorsX=0.000000
nMotionVectorsY=0.000000
mv_dx=0.000000
mv_dy=0.000000
mv_l=5.000000
mv_r=1.000000
mv_g=1.000000
mv_b=1.000000
mv_a=0.000000
wavecode_0_enabled=1
wavecode_0_samples=512
wavecode_0_sep=0
wavecode_0_bSpectrum=0
wavecode_0_bUseDots=0
wavecode_0_bDrawThick=0
wavecode_0_bAdditive=0
wavecode_0_scaling=0.120321
wavecode_0_smoothing=0.500000
wavecode_0_r=1.000000
wavecode_0_g=1.000000
wavecode_0_b=1.000000
wavecode_0_a=1.000000
wave_0_per_point1=x=.5+(bass*.1)*cos(sample*10)+(0&value2*5)*.2;
wave_0_per_point2=y= .5+.1*sin(sample*10)+(0&value1*5)*.2;
wave_0_per_point3=r=.5+(bass*.1)*cos(sample*10)+(0&value2*5)*.2;
wave_0_per_point4=g = .5+.1*sin(sample*10)+(0&value1*5)*.2;
wave_0_per_point5=b = value2;
wavecode_1_enabled=0
wavecode_1_samples=512
wavecode_1_sep=0
wavecode_1_bSpectrum=0
wavecode_1_bUseDots=0
wavecode_1_bDrawThick=0
wavecode_1_bAdditive=0
wavecode_1_scaling=1.000000
wavecode_1_smoothing=0.500000
wavecode_1_r=1.000000
wavecode_1_g=1.000000
wavecode_1_b=1.000000
wavecode_1_a=1.000000
wavecode_2_enabled=0
wavecode_2_samples=512
wavecode_2_sep=0
wavecode_2_bSpectrum=0
wavecode_2_bUseDots=0
wavecode_2_bDrawThick=0
wavecode_2_bAdditive=0
wavecode_2_scaling=1.000000
wavecode_2_smoothing=0.500000
wavecode_2_r=1.000000
wavecode_2_g=1.000000
wavecode_2_b=1.000000
wavecode_2_a=1.000000
shapecode_0_enabled=0
shapecode_0_sides=4
shapecode_0_additive=0
shapecode_0_thickOutline=0
shapecode_0_x=0.500000
shapecode_0_y=0.500000
shapecode_0_rad=0.100000
shapecode_0_ang=0.000000
shapecode_0_r=1.000000
shapecode_0_g=0.000000
shapecode_0_b=0.000000
shapecode_0_a=1.000000
shapecode_0_r2=0.000000
shapecode_0_g2=1.000000
shapecode_0_b2=0.000000
shapecode_0_a2=0.000000
shapecode_0_border_r=1.000000
shapecode_0_border_g=1.000000
shapecode_0_border_b=1.000000
shapecode_0_border_a=0.100000
shapecode_1_enabled=0
shapecode_1_sides=4
shapecode_1_additive=0
shapecode_1_thickOutline=0
shapecode_1_x=0.500000
shapecode_1_y=0.500000
shapecode_1_rad=0.100000
shapecode_1_ang=0.000000
shapecode_1_r=1.000000
shapecode_1_g=0.000000
shapecode_1_b=0.000000
shapecode_1_a=1.000000
shapecode_1_r2=0.000000
shapecode_1_g2=1.000000
shapecode_1_b2=0.000000
shapecode_1_a2=0.000000
shapecode_1_border_r=1.000000
shapecode_1_border_g=1.000000
shapecode_1_border_b=1.000000
shapecode_1_border_a=0.100000
shapecode_2_enabled=0
shapecode_2_sides=4
shapecode_2_additive=0
shapecode_2_thickOutline=0
shapecode_2_x=0.500000
shapecode_2_y=0.500000
shapecode_2_rad=0.100000
shapecode_2_ang=0.000000
shapecode_2_r=1.000000
shapecode_2_g=0.000000
shapecode_2_b=0.000000
shapecode_2_a=1.000000
shapecode_2_r2=0.000000
shapecode_2_g2=1.000000
shapecode_2_b2=0.000000
shapecode_2_a2=0.000000
shapecode_2_border_r=1.000000
shapecode_2_border_g=1.000000
shapecode_2_border_b=1.000000
shapecode_2_border_a=0.100000
per_frame_1=warp = 0;
per_pixel_1=dx = if(above(bass,1.2),pow(sin(time*4*(x-.5)),2)*.01,-pow(sin(time*4*(x-.5)),2)*.01);
