[preset00] 
fRating=1.000000 
fGammaAdj=2.000000 
fDecay=0.980000 
fVideoEchoZoom=2.000000 
fVideoEchoAlpha=0.000000 
nVideoEchoOrientation=0 
nWaveMode=7 
bAdditiveWaves=0 
bWaveDots=0 
bModWaveAlphaByVolume=0 
bMaximizeWaveColor=1 
bTexWrap=0 
bDarkenCenter=0 
bMotionVectorsOn=0 
bRedBlueStereo=0 
nMotionVectorsX=12 
nMotionVectorsY=9 
bBrighten=0 
bDarken=0 
bSolarize=0 
bInvert=0 
fWaveAlpha=1.005729 
fWaveScale=0.099595 
fWaveSmoothing=0.900000 
fWaveParam=-0.000000 
fModWaveAlphaStart=0.750000 
fModWaveAlphaEnd=0.950000 
fWarpAnimSpeed=1.000000 
fWarpScale=1.000000 
fZoomExponent=1.000000 
fShader=0.000000 
zoom=1.000000 
rot=0.000000 
cx=0.500000 
cy=0.500000 
dx=0.000000 
dy=0.000000 
warp=1.000000 
sx=1.000000 
sy=1.000000 
wave_r=0.000000 
wave_g=0.000000 
wave_b=0.000000 
wave_x=0.500000 
wave_y=0.500000 
ob_size=0.005000 
ob_r=0.000000 
ob_g=0.000000 
ob_b=0.000000 
ob_a=1.000000 
ib_size=0.500000 
ib_r=0.500000 
ib_g=0.500000 
ib_b=0.500000 
ib_a=0.100000 
per_frame_1=warp = 0; 
per_frame_2=zoom = .97; 
per_frame_3=wave_r = wave_r + bass*.5; 
per_frame_4=wave_g = wave_g + treb*.5; 
per_frame_5=wave_b = wave_b + mid*.5; 
per_frame_6=ib_r = ib_r + .4*sin(time*.222); 
per_frame_7=ib_g = ib_g + .4*sin(time*.333); 
per_frame_8=ib_b = ib_b + .4*sin(time*.111); 
