[preset00]
fRating=5.000000
fGammaAdj=2.000000
fDecay=0.935900
fVideoEchoZoom=1.999818
fVideoEchoAlpha=0.160000
nVideoEchoOrientation=3
nWaveMode=3
bAdditiveWaves=0
bWaveDots=1
bModWaveAlphaByVolume=1
bMaximizeWaveColor=0
bTexWrap=0
bDarkenCenter=0
bMotionVectorsOn=0
bRedBlueStereo=0
nMotionVectorsX=12
nMotionVectorsY=9
bBrighten=0
bDarken=0
bSolarize=0
bInvert=0
fWaveAlpha=4.099998
fWaveScale=1.096515
fWaveSmoothing=0.630000
fWaveParam=1.000000
fModWaveAlphaStart=0.710000
fModWaveAlphaEnd=1.300000
fWarpAnimSpeed=1.000000
fWarpScale=1.331000
fZoomExponent=1.000000
fShader=0.000000
zoom=1.070549
rot=0.020000
cx=0.500000
cy=0.500000
dx=0.005000
dy=0.000000
warp=0.198054
sx=1.000000
sy=1.000000
wave_r=0.650000
wave_g=0.650000
wave_b=0.650000
wave_x=0.500000
wave_y=0.500000
ob_size=0.300000
ob_r=0.010000
ob_g=0.000000
ob_b=0.000000
ob_a=0.000000
ib_size=0.260000
ib_r=0.250000
ib_g=0.250000
ib_b=0.250000
ib_a=0.000000
per_frame_1=tt = time/10;
per_frame_2=wave_r = sin(tt)/3+0.66;
per_frame_3=wave_b = cos(tt/2)/2 + 0.5;
per_frame_4=wave_g = sin(2*tt/3)/4 +0.3;
per_frame_5=wave_Mystery = -tt;
per_frame_6=decay = 0.93 + sin(tt)/100;
per_frame_7=
per_pixel_1=zoom = sin(3*rad)+abs(atan(rad)/2)+0.7;
per_pixel_2=rot = min(pow(2*cos(rad),3),pow(sin(ang),4));
