[preset00] 
fGammaAdj=2.000000 
fDecay=0.980000 
fVideoEchoZoom=100.000000 
fVideoEchoAlpha=0.000000 
nVideoEchoOrientation=1 
nWaveMode=7 
bAdditiveWaves=1 
bWaveDots=0 
bModWaveAlphaByVolume=0 
bMaximizeWaveColor=1 
bTexWrap=0 
bDarkenCenter=1 
bMotionVectorsOn=0 
bRedBlueStereo=0 
nMotionVectorsX=12 
nMotionVectorsY=9 
bBrighten=0 
bDarken=1 
bSolarize=0 
bInvert=0 
fWaveAlpha=100.000000 
fWaveScale=100.000000 
fWaveSmoothing=0.500000 
fWaveParam=1.000000 
fModWaveAlphaStart=0.750000 
fModWaveAlphaEnd=0.950000 
fWarpAnimSpeed=1.000000 
fWarpScale=2.853000 
fZoomExponent=1.000000 
fShader=1.000000 
zoom=1.046000 
rot=0.020000 
cx=0.500000 
cy=0.500000 
dx=0.000000 
dy=0.000000 
warp=1.805540 
sx=1.000000 
sy=1.000000 
wave_r=0.500000 
wave_g=0.500000 
wave_b=0.500000 
wave_x=0.500000 
wave_y=0.500000 
per_frame_1=wave_r = wave_r + 0.400*( 0.60*cos(0.900*time) + 0.40*cos(1.1*time) ); 
per_frame_2=wave_g = wave_g + 0.400*( 0.60*cos(0.910*time) + 0.40*cos(1.5*time) ); 
per_frame_3=wave_b = wave_b + 0.400*( 0.60*cos(0.920*time) + 0.40*cos(2.0*time) ); 
per_frame_4=zoom = zoom + 0.1*( 0.60*cos(0.339*time) + 0.40*sin(0.276*time) ); 
per_frame_5=rot = rot + 0.030*( 0.60*sin(0.381*time) + 0.40*sin(0.579*time) ); 
per_frame_6=cx = cx + 0.070*( 0.60*sin(0.374*time) + 0.40*sin(0.294*time) ); 
per_frame_7=cy = cy + 0.070*( 0.60*sin(0.393*time) + 0.40*sin(0.223*time) ); 
per_pixel_1=zoom=zoom-max(0,(mid_att-1.2))*cos(time*1.4+rad*9); 

fRating=5.000000
