[preset00]
fRating=5.000000
fGammaAdj=1.510000
fDecay=0.987000
fVideoEchoZoom=0.996553
fVideoEchoAlpha=0.500000
nVideoEchoOrientation=1
nWaveMode=0
bAdditiveWaves=0
bWaveDots=0
bModWaveAlphaByVolume=0
bMaximizeWaveColor=0
bTexWrap=0
bDarkenCenter=1
bRedBlueStereo=0
bBrighten=1
bDarken=1
bSolarize=0
bInvert=0
fWaveAlpha=0.800000
fWaveScale=6.756197
fWaveSmoothing=0.000000
fWaveParam=-0.540000
fModWaveAlphaStart=0.750000
fModWaveAlphaEnd=0.950000
fWarpAnimSpeed=1.000000
fWarpScale=1.000000
fZoomExponent=1.000000
fShader=0.000000
zoom=1.000000
rot=0.000000
cx=0.500000
cy=0.500000
dx=0.000000
dy=0.000000
warp=1.000000
sx=1.000000
sy=1.000000
wave_r=0.100000
wave_g=0.100000
wave_b=0.100000
wave_x=0.500000
wave_y=0.500000
ob_size=0.010000
ob_r=0.000000
ob_g=0.000000
ob_b=0.000000
ob_a=0.000000
ib_size=0.010000
ib_r=0.250000
ib_g=0.250000
ib_b=0.250000
ib_a=0.000000
nMotionVectorsX=12.000000
nMotionVectorsY=9.000000
mv_l=0.900000
mv_r=1.000000
mv_g=1.000000
mv_b=1.000000
mv_a=0.000000
per_frame_1=warp = 0;
per_frame_2=wave_r = wave_r + bass*.3;
per_frame_3=wave_g = wave_g + treb*.3;
per_frame_4=wave_b = wave_b + mid*.3;
per_frame_5=rot = .2*sin(mid_att*.05)
per_pixel_1=ray = pow(rad,(mid+(mid+1.5)))+.09;
per_pixel_2=zoom = (ray/rad)*2.1;
