[preset00]
fRating=3.000000
fGammaAdj=1.000000
fDecay=0.925000
fVideoEchoZoom=1.006596
fVideoEchoAlpha=0.000000
nVideoEchoOrientation=3
nWaveMode=0
bAdditiveWaves=1
bWaveDots=0
bModWaveAlphaByVolume=1
bMaximizeWaveColor=0
bTexWrap=0
bDarkenCenter=0
bMotionVectorsOn=0
bRedBlueStereo=0
nMotionVectorsX=12
nMotionVectorsY=9
bBrighten=0
bDarken=0
bSolarize=0
bInvert=0
fWaveAlpha=4.099998
fWaveScale=0.197884
fWaveSmoothing=0.630000
fWaveParam=-0.020000
fModWaveAlphaStart=0.710000
fModWaveAlphaEnd=1.300000
fWarpAnimSpeed=1.000000
fWarpScale=1.331000
fZoomExponent=1.000000
fShader=0.000000
zoom=0.999514
rot=0.000000
cx=0.500000
cy=0.500000
dx=0.000000
dy=0.000000
warp=0.010000
sx=1.000000
sy=1.000000
wave_r=0.650000
wave_g=0.650000
wave_b=0.650000
wave_x=0.500000
wave_y=0.500000
ob_size=0.500000
ob_r=0.010000
ob_g=0.000000
ob_b=0.000000
ob_a=0.000000
ib_size=0.260000
ib_r=0.250000
ib_g=0.250000
ib_b=0.250000
ib_a=0.000000
per_frame_1=mycolour = sin(time*4)/2+0.5;
per_frame_2=wave_r = mycolour;
per_frame_3=wave_g = 1- mycolour;
per_frame_4=wave_b = sin(time*0.7)/2+0.5;
per_pixel_1=zoom = if(above(rad,0.6),0.96+sin(rad)/10,if(below(rad,0.25),0.72,if(above(rad,0.4),1.06+ sin(1-rad*rad)/10,0.95 +sin(rad)/10)));
per_pixel_2=rot =if(above(rad,0.6),sin(time/5+rad)/50,if(below(rad,0.25),sin(rad-time)/10,0));
