[preset00]
fRating=2.000000
fGammaAdj=1.000000
fDecay=0.925000
fVideoEchoZoom=1.000000
fVideoEchoAlpha=0.000000
nVideoEchoOrientation=3
nWaveMode=0
bAdditiveWaves=1
bWaveDots=0
bWaveThick=1
bModWaveAlphaByVolume=1
bMaximizeWaveColor=0
bTexWrap=0
bDarkenCenter=0
bRedBlueStereo=0
bBrighten=0
bDarken=0
bSolarize=0
bInvert=0
fWaveAlpha=4.099998
fWaveScale=0.999599
fWaveSmoothing=0.000000
fWaveParam=0.000000
fModWaveAlphaStart=0.350000
fModWaveAlphaEnd=1.160000
fWarpAnimSpeed=2.216709
fWarpScale=7.113800
fZoomExponent=1.000000
fShader=0.000000
zoom=1.000000
rot=0.000000
cx=0.500000
cy=0.500000
dx=0.000000
dy=0.000000
warp=0.010000
sx=1.000000
sy=1.000000
wave_r=0.650000
wave_g=0.650000
wave_b=0.650000
wave_x=0.500000
wave_y=0.500000
ob_size=0.500000
ob_r=0.010000
ob_g=0.000000
ob_b=0.000000
ob_a=0.000000
ib_size=0.260000
ib_r=0.250000
ib_g=0.250000
ib_b=0.250000
ib_a=0.000000
nMotionVectorsX=19.679998
nMotionVectorsY=15.239994
mv_dx=0.000000
mv_dy=0.000000
mv_l=0.900000
mv_r=1.000000
mv_g=1.000000
mv_b=1.000000
mv_a=0.000000
per_frame_1=wave_r=sin(bass*time);
per_frame_2=wave_g=sin(mid*time);
per_frame_3=wave_b=sin(treb*time);
per_pixel_1=zoom=exp(rad)/1.5;
per_pixel_2=warp=sin(ang)*5;
