[preset00]
fRating=2.000000
fGammaAdj=1.000000
fDecay=1.000000
fVideoEchoZoom=1.000000
fVideoEchoAlpha=0.000000
nVideoEchoOrientation=3
nWaveMode=3
bAdditiveWaves=0
bWaveDots=0
bWaveThick=0
bModWaveAlphaByVolume=1
bMaximizeWaveColor=0
bTexWrap=0
bDarkenCenter=0
bRedBlueStereo=0
bBrighten=0
bDarken=0
bSolarize=0
bInvert=0
fWaveAlpha=4.099998
fWaveScale=0.781787
fWaveSmoothing=0.630000
fWaveParam=0.000000
fModWaveAlphaStart=0.710000
fModWaveAlphaEnd=1.300000
fWarpAnimSpeed=1.000000
fWarpScale=1.331000
fZoomExponent=1.000000
fShader=0.000000
zoom=1.000000
rot=0.000000
cx=0.500000
cy=0.500000
dx=0.000000
dy=0.000000
warp=0.010000
sx=1.000000
sy=1.000000
wave_r=0.650000
wave_g=0.650000
wave_b=0.650000
wave_x=0.570000
wave_y=0.470000
ob_size=0.005000
ob_r=0.010000
ob_g=0.000000
ob_b=1.000000
ob_a=1.000000
ib_size=0.260000
ib_r=0.250000
ib_g=0.250000
ib_b=0.250000
ib_a=0.000000
nMotionVectorsX=6.400000
nMotionVectorsY=0.000000
mv_dx=-0.150000
mv_dy=-0.034000
mv_l=5.000000
mv_r=0.000000
mv_g=0.000000
mv_b=0.000000
mv_a=1.000000
per_frame_1=wave_r = wave_r + 0.5*sin(time*1.8341);
per_frame_2=wave_b = wave_b + 0.5*sin(time*1.8011);
per_frame_3=wave_b = wave_b + 0.5*sin(time*1.7221);
per_frame_4=ob_g = 0.5 + 0.5*sin(time*1.144);
per_frame_5=ob_r = 0.5+0.5*sin(time*3.156);
per_frame_6=ob_b = bass;
per_frame_7=mv_x = 1.25;
per_frame_8=mv_y = 1.25;
per_pixel_1=cx = if(above(rad,0.3),0.5,0.3);
per_pixel_2=rot = if(above(rad,0.3),(bass_att+bass)*0.02,0.1);
per_pixel_3=//rot = bass*0.051;
per_pixel_4=zoom = 1 -.001*rad;
per_frame_init_1=decay =0.01;
