[preset00]
fRating=5.000000
fGammaAdj=2.000000
fDecay=1.000000
fVideoEchoZoom=0.999608
fVideoEchoAlpha=0.500000
nVideoEchoOrientation=0
nWaveMode=1
bAdditiveWaves=0
bWaveDots=0
bWaveThick=1
bModWaveAlphaByVolume=0
bMaximizeWaveColor=0
bTexWrap=0
bDarkenCenter=1
bRedBlueStereo=0
bBrighten=0
bDarken=0
bSolarize=0
bInvert=0
fWaveAlpha=0.800000
fWaveScale=0.001492
fWaveSmoothing=0.750000
fWaveParam=-0.420000
fModWaveAlphaStart=0.750000
fModWaveAlphaEnd=0.950000
fWarpAnimSpeed=1.000000
fWarpScale=1.000000
fZoomExponent=1.000000
fShader=0.000000
zoom=0.890000
rot=0.000000
cx=0.500000
cy=0.500000
dx=0.000000
dy=0.000000
warp=1.000000
sx=1.000000
sy=1.000000
wave_r=0.500000
wave_g=0.500000
wave_b=0.500000
wave_x=0.500000
wave_y=0.500000
ob_size=0.010000
ob_r=1.000000
ob_g=0.000000
ob_b=0.000000
ob_a=0.900000
ib_size=0.010000
ib_r=0.250000
ib_g=0.250000
ib_b=0.250000
ib_a=0.000000
nMotionVectorsX=1.280000
nMotionVectorsY=1.248000
mv_dx=-0.060000
mv_dy=-0.026000
mv_l=5.000000
mv_r=1.000000
mv_g=1.000000
mv_b=1.000000
mv_a=0.000000
wavecode_0_enabled=0
wavecode_0_samples=512
wavecode_0_sep=0
wavecode_0_bSpectrum=0
wavecode_0_bUseDots=0
wavecode_0_bDrawThick=0
wavecode_0_bAdditive=0
wavecode_0_scaling=1.000000
wavecode_0_smoothing=0.500000
wavecode_0_r=1.000000
wavecode_0_g=1.000000
wavecode_0_b=1.000000
wavecode_0_a=1.000000
wavecode_1_enabled=0
wavecode_1_samples=512
wavecode_1_sep=0
wavecode_1_bSpectrum=0
wavecode_1_bUseDots=0
wavecode_1_bDrawThick=0
wavecode_1_bAdditive=0
wavecode_1_scaling=1.000000
wavecode_1_smoothing=0.500000
wavecode_1_r=1.000000
wavecode_1_g=1.000000
wavecode_1_b=1.000000
wavecode_1_a=1.000000
wavecode_2_enabled=0
wavecode_2_samples=512
wavecode_2_sep=0
wavecode_2_bSpectrum=0
wavecode_2_bUseDots=0
wavecode_2_bDrawThick=0
wavecode_2_bAdditive=0
wavecode_2_scaling=1.000000
wavecode_2_smoothing=0.500000
wavecode_2_r=1.000000
wavecode_2_g=1.000000
wavecode_2_b=1.000000
wavecode_2_a=1.000000
shapecode_0_enabled=0
shapecode_0_sides=4
shapecode_0_additive=0
shapecode_0_thickOutline=0
shapecode_0_x=0.500000
shapecode_0_y=0.500000
shapecode_0_rad=0.100000
shapecode_0_ang=0.000000
shapecode_0_r=1.000000
shapecode_0_g=0.000000
shapecode_0_b=0.000000
shapecode_0_a=1.000000
shapecode_0_r2=0.000000
shapecode_0_g2=1.000000
shapecode_0_b2=0.000000
shapecode_0_a2=0.000000
shapecode_0_border_r=1.000000
shapecode_0_border_g=1.000000
shapecode_0_border_b=1.000000
shapecode_0_border_a=0.100000
shapecode_1_enabled=0
shapecode_1_sides=4
shapecode_1_additive=0
shapecode_1_thickOutline=0
shapecode_1_x=0.500000
shapecode_1_y=0.500000
shapecode_1_rad=0.100000
shapecode_1_ang=0.000000
shapecode_1_r=1.000000
shapecode_1_g=0.000000
shapecode_1_b=0.000000
shapecode_1_a=1.000000
shapecode_1_r2=0.000000
shapecode_1_g2=1.000000
shapecode_1_b2=0.000000
shapecode_1_a2=0.000000
shapecode_1_border_r=1.000000
shapecode_1_border_g=1.000000
shapecode_1_border_b=1.000000
shapecode_1_border_a=0.100000
shapecode_2_enabled=0
shapecode_2_sides=4
shapecode_2_additive=0
shapecode_2_thickOutline=0
shapecode_2_x=0.500000
shapecode_2_y=0.500000
shapecode_2_rad=0.100000
shapecode_2_ang=0.000000
shapecode_2_r=1.000000
shapecode_2_g=0.000000
shapecode_2_b=0.000000
shapecode_2_a=1.000000
shapecode_2_r2=0.000000
shapecode_2_g2=1.000000
shapecode_2_b2=0.000000
shapecode_2_a2=0.000000
shapecode_2_border_r=1.000000
shapecode_2_border_g=1.000000
shapecode_2_border_b=1.000000
shapecode_2_border_a=0.100000
per_frame_1=warp = 0;
per_frame_2=wave_r = bass_att*.3;
per_frame_3=wave_g = treb_att*.3;
per_frame_4=wave_b = mid_att*.3;
per_frame_5=ob_r = 0.5+0.5*sin(time*5.12);
per_frame_6=ob_b = 0.5+0.5*sin(time*6.112);
per_frame_7=ob_g = 0.5+0.5*sin(time*7.212);
per_frame_8=q1 = zoom + pow((bass+bass_att),3)*.005-.02;
per_pixel_1=zoom =q1+ rad*sin(ang*25)*.05;
