[preset00]
fRating=5.000000
fGammaAdj=2.200000
fDecay=0.989000
fVideoEchoZoom=0.999608
fVideoEchoAlpha=0.000000
nVideoEchoOrientation=0
nWaveMode=5
bAdditiveWaves=0
bWaveDots=0
bModWaveAlphaByVolume=0
bMaximizeWaveColor=1
bTexWrap=1
bDarkenCenter=0
bMotionVectorsOn=0
bRedBlueStereo=0
nMotionVectorsX=12
nMotionVectorsY=9
bBrighten=0
bDarken=1
bSolarize=0
bInvert=0
fWaveAlpha=0.800000
fWaveScale=1.605000
fWaveSmoothing=0.700000
fWaveParam=0.000000
fModWaveAlphaStart=0.750000
fModWaveAlphaEnd=0.950000
fWarpAnimSpeed=1.000000
fWarpScale=2.853000
fZoomExponent=1.000000
fShader=0.000000
zoom=1.064000
rot=0.000000
cx=0.500000
cy=0.500000
dx=0.000000
dy=0.000000
warp=0.000000
sx=1.000000
sy=1.000000
wave_r=0.500000
wave_g=0.500000
wave_b=0.500000
wave_x=0.500000
wave_y=0.500000
ob_size=0.010000
ob_r=0.000000
ob_g=0.000000
ob_b=0.000000
ob_a=0.000000
ib_size=0.010000
ib_r=0.250000
ib_g=0.250000
ib_b=0.250000
ib_a=0.000000
per_frame_1=wave_r = wave_r + 0.5*(0.6*sin(0.725*time) + 0.4*sin(0.825*time) );
per_frame_2=wave_g = wave_g + 0.5*(0.6*sin(0.765*time) + 0.4*sin(0.765*time) );
per_frame_3=wave_b = wave_b + 0.5*(0.6*sin(0.825*time) + 0.4*sin(0.725*time) );
per_frame_4=zoom = zoom + 0.013*(0.6*sin(0.339*time) + 0.4*sin(0.276*time) );
per_frame_5=rot = rot + 0.09*(0.6*sin(0.381*time) + 0.4*sin(0.579*time) );
per_frame_6=decay = decay - 0.01*below(frame%5,1);
per_pixel_1=zoom = zoom + 0.3*sin(ang*20 + time*2.35);
