[preset00]
fRating=5.000000
fGammaAdj=1.700000
fDecay=0.986000
fVideoEchoZoom=1.006596
fVideoEchoAlpha=0.000000
nVideoEchoOrientation=3
nWaveMode=7
bAdditiveWaves=1
bWaveDots=0
bModWaveAlphaByVolume=0
bMaximizeWaveColor=1
bTexWrap=0
bDarkenCenter=1
bRedBlueStereo=0
bBrighten=0
bDarken=0
bSolarize=0
bInvert=0
fWaveAlpha=4.528948
fWaveScale=1.053730
fWaveSmoothing=0.810000
fWaveParam=0.000000
fModWaveAlphaStart=0.710000
fModWaveAlphaEnd=1.300000
fWarpAnimSpeed=1.000000
fWarpScale=1.331000
fZoomExponent=0.010000
fShader=0.000000
zoom=0.010000
rot=0.000000
cx=0.500000
cy=0.500000
dx=0.000000
dy=0.000000
warp=0.010000
sx=1.104622
sy=1.104622
wave_r=0.500000
wave_g=0.500000
wave_b=0.500000
wave_x=0.500000
wave_y=0.300000
ob_size=0.500000
ob_r=0.010000
ob_g=0.000000
ob_b=0.000000
ob_a=0.000000
ib_size=0.260000
ib_r=0.250000
ib_g=0.250000
ib_b=0.250000
ib_a=0.000000
nMotionVectorsX=12.000000
nMotionVectorsY=9.000000
mv_l=0.900000
mv_r=1.000000
mv_g=1.000000
mv_b=1.000000
mv_a=0.000000
per_frame_1=zoom=zoom*2*tan(rad);
per_frame_2=wave_mystery = 0.2*time;
per_frame_3=warp =0;
per_frame_4=bass_effect = min(max(max(bass,bass_att)-1.1,0),1);
per_frame_5=treb_effect = min(max(max(treb,treb_att)-1.1,0),1);
per_frame_6=mid_effect = min(max(max(mid,mid_att)-1.1,0),1);
per_frame_7=wave_r = wave_r + 0.45*( 0.3*sin(1.517*time) + 0.7*mid_effect );
per_frame_8=wave_b = wave_b + 0.45*( 0.3*sin(1.088*time) + 0.7*bass_effect );
per_frame_9=wave_g = wave_g + 0.45*( 0.3*sin(1.037*time) + 0.7*treb_effect );
per_frame_10=q1 = bass_effect;
per_pixel_1=zoom=(zoom-1.0)*(rad-(sqrt((1.1 + 0.2*sin(3*q1+0.1*time)))*0.5))+0.8;
