[preset00]
fRating=3.000000
fGammaAdj=1.000000
fDecay=0.990000
fVideoEchoZoom=3.072695
fVideoEchoAlpha=0.500000
nVideoEchoOrientation=0
nWaveMode=6
bAdditiveWaves=0
bWaveDots=0
bWaveThick=1
bModWaveAlphaByVolume=0
bMaximizeWaveColor=0
bTexWrap=0
bDarkenCenter=0
bRedBlueStereo=0
bBrighten=0
bDarken=0
bSolarize=0
bInvert=0
fWaveAlpha=100.000000
fWaveScale=0.010000
fWaveSmoothing=0.900000
fWaveParam=1.000000
fModWaveAlphaStart=0.500000
fModWaveAlphaEnd=1.000000
fWarpAnimSpeed=1.000000
fWarpScale=1.000000
fZoomExponent=1.000000
fShader=0.000000
zoom=1.000000
rot=0.000000
cx=0.500000
cy=0.500000
dx=0.000010
dy=0.000010
warp=0.010000
sx=1.000000
sy=1.000000
wave_r=1.000000
wave_g=1.000000
wave_b=0.000000
wave_x=0.500000
wave_y=0.500000
ob_size=0.005000
ob_r=0.000000
ob_g=0.000000
ob_b=0.000000
ob_a=1.000000
ib_size=0.250000
ib_r=0.250000
ib_g=0.250000
ib_b=0.250000
ib_a=0.000000
nMotionVectorsX=0.000000
nMotionVectorsY=0.000000
mv_dx=0.000000
mv_dy=0.000000
mv_l=1.000000
mv_r=1.000000
mv_g=1.000000
mv_b=1.000000
mv_a=0.000000
per_frame_1=wave_mystery = wave_mystery + 1*tan(800*time);
per_frame_2=wave_r = wave_r + 0.8*sin(5*bass);
per_frame_3=wave_g = wave_g + 0.8*sin(5*treb);
per_frame_4=wave_b = wave_b + 0.8*sin(6*mid);
per_frame_5=warp = 0;
per_pixel_1=rot = rot + if (above(ang, 0.2 + 3*tan(2.5*time)),
per_pixel_2=if(below(ang, 0.4 + 3*tan(2.5*time)), +0.25*sin(3*bass), 0), 0);
per_pixel_3=rot = rot + if (above(ang, 0.5 + 3*tan(2.5*time)),
per_pixel_4=if(below(ang, 0.7 + 3*tan(2.5*time)), -0.35*sin(3*treb), 0), 0);
per_pixel_5=zoom = zoom + if(above(ang, 0.3 + 3*tan(2.5*time)),
per_pixel_6=if(below(ang, 0.5 + 3*tan(2.5*time)), +0.5*sin(3*mid), 0), 0);
per_pixel_7=zoom = zoom + 0.06*(0.5-rad)*bass;
