[preset00]
fRating=3.000000
fGammaAdj=1.000000
fDecay=1.000000
fVideoEchoZoom=1.006593
fVideoEchoAlpha=0.500000
nVideoEchoOrientation=1
nWaveMode=1
bAdditiveWaves=1
bWaveDots=0
bWaveThick=1
bModWaveAlphaByVolume=0
bMaximizeWaveColor=1
bTexWrap=1
bDarkenCenter=0
bRedBlueStereo=0
bBrighten=0
bDarken=0
bSolarize=0
bInvert=0
fWaveAlpha=100.000000
fWaveScale=0.501036
fWaveSmoothing=0.360000
fWaveParam=-1.000000
fModWaveAlphaStart=0.870000
fModWaveAlphaEnd=1.289900
fWarpAnimSpeed=1.000000
fWarpScale=2.853000
fZoomExponent=0.972362
fShader=0.300000
zoom=1.002336
rot=0.100000
cx=0.320000
cy=0.470000
dx=0.000000
dy=0.020000
warp=0.010000
sx=0.861349
sy=1.000000
wave_r=0.110000
wave_g=0.250000
wave_b=0.360001
wave_x=0.080001
wave_y=0.280000
ob_size=0.000000
ob_r=0.000000
ob_g=0.000000
ob_b=0.000000
ob_a=0.000000
ib_size=0.010000
ib_r=0.630000
ib_g=0.250000
ib_b=0.250000
ib_a=0.000000
nMotionVectorsX=64.000000
nMotionVectorsY=8.639999
mv_dx=0.160000
mv_dy=0.240000
mv_l=2.000000
mv_r=0.390000
mv_g=0.350000
mv_b=0.500000
mv_a=0.200000
per_frame_1=wave_r = wave_r + 0.138*( 0.190*sin(0.633*time) + 0.40*sin(0.245*time) );
per_frame_2=wave_g = wave_g + 0.355*( 0.570*sin(0.370*time) + 0.40*sin(0.156*time) );
per_frame_3=wave_b = wave_b + 0.322*( 0.601*sin(0.740*time) + 0.40*sin(0.120*time) );
per_frame_4=sx = sx + 0.123 * bass/4;
per_pixel_1=rot = 0.010 + (0.030 * bass);
