[preset00]
fRating=2.000000
fGammaAdj=2.260000
fDecay=0.998000
fVideoEchoZoom=2.187370
fVideoEchoAlpha=0.000000
nVideoEchoOrientation=0
nWaveMode=0
bAdditiveWaves=1
bWaveDots=1
bWaveThick=1
bModWaveAlphaByVolume=1
bMaximizeWaveColor=1
bTexWrap=1
bDarkenCenter=0
bRedBlueStereo=0
bBrighten=0
bDarken=0
bSolarize=0
bInvert=0
fWaveAlpha=0.869961
fWaveScale=2.486600
fWaveSmoothing=0.738000
fWaveParam=1.000000
fModWaveAlphaStart=1.139999
fModWaveAlphaEnd=0.820000
fWarpAnimSpeed=0.550436
fWarpScale=2.202652
fZoomExponent=0.321635
fShader=0.000000
zoom=1.350996
rot=-0.000000
cx=0.020000
cy=-0.010000
dx=-0.020000
dy=0.020000
warp=0.012081
sx=1.009997
sy=1.009999
wave_r=0.250000
wave_g=0.370000
wave_b=0.500000
wave_x=0.500000
wave_y=0.500000
ob_size=0.235000
ob_r=0.100000
ob_g=0.000000
ob_b=1.000000
ob_a=0.000000
ib_size=0.000000
ib_r=0.170000
ib_g=0.360000
ib_b=0.829999
ib_a=0.300000
nMotionVectorsX=14.720003
nMotionVectorsY=14.759995
mv_dx=1.000000
mv_dy=0.000000
mv_l=1.000000
mv_r=0.500000
mv_g=1.000000
mv_b=1.000000
mv_a=0.000000
per_frame_1=wave_r = wave_r + 0.500*( 0.3
per_frame_2=1*sin(0.933*time) + 0.40*sin(1.045*time) );
per_frame_3=wave_g = wave_g + 0.500*( 0.30*sin(0.900*time) + 0.40*sin(0.956*time) );
per_frame_4=wave_b = wave_b + 0.500*( 0.30*sin(0.910*time) + 0.40*sin(0.920*time) );
per_frame_5=zoom = zoom + 0.013*( 0.60*sin(0.339*time) + 0.40*sin(0.276*time) );
per_frame_6=rot = rot + 0.040*( 0.60*sin(0.381*time) + 0.40*sin(0.579*time) );
per_frame_7=decay = decay - 0.01*equal(frame%50,0);
per_frame_8=zoom=zoom * ((bass_att + bass)/ 2) * 0.5;
per_frame_9=warp = warp + mid_att;
per_frame_10=rot = rot * 0.2;
