[preset00]
fRating=5.000000
fGammaAdj=1.998000
fDecay=0.993000
fVideoEchoZoom=2.000000
fVideoEchoAlpha=0.000000
nVideoEchoOrientation=0
nWaveMode=1
bAdditiveWaves=1
bWaveDots=0
bModWaveAlphaByVolume=0
bMaximizeWaveColor=1
bTexWrap=1
bDarkenCenter=0
bRedBlueStereo=0
bBrighten=0
bDarken=1
bSolarize=0
bInvert=0
fWaveAlpha=5.900000
fWaveScale=0.750110
fWaveSmoothing=0.900000
fWaveParam=0.000000
fModWaveAlphaStart=0.750000
fModWaveAlphaEnd=0.950000
fWarpAnimSpeed=1.000000
fWarpScale=2.853000
fZoomExponent=1.000000
fShader=0.000000
zoom=0.961900
rot=-0.010000
cx=0.500000
cy=0.500000
dx=0.000000
dy=0.000000
warp=0.000000
sx=1.000000
sy=1.000000
wave_r=0.900000
wave_g=0.450000
wave_b=0.000000
wave_x=0.500000
wave_y=0.500000
ob_size=0.010000
ob_r=0.000000
ob_g=0.000000
ob_b=0.000000
ob_a=1.000000
ib_size=0.010000
ib_r=1.000000
ib_g=1.000000
ib_b=0.250000
ib_a=0.000000
nMotionVectorsX=64.000000
nMotionVectorsY=19.200005
mv_l=5.000000
mv_r=0.500000
mv_g=0.000000
mv_b=1.000000
mv_a=0.100000
per_frame_1=wave_r = wave_r + 0.1*(0.6*sin(0.933*time) + 0.4*sin(1.072*time));
per_frame_2=wave_g = wave_g + 0.05*(0.6*sin(0.888*time) + 0.4*sin(0.918*time));
per_frame_3=wave_b = wave_b + 0.2*(0.6*sin(0.335*time) + 0.4*sin(0.4*time));
per_frame_4=wave_mystery = 0.5*sin(0.35*bass);
per_frame_5=decay = decay - 0.01*equal(frame%50,0);
per_pixel_1=zoom = zoom + (0.1*rad);
per_pixel_2=rot = rot - 0.15*sin(ang);
