[preset00]
fRating=3.000000
fGammaAdj=2.000000
fDecay=0.900000
fVideoEchoZoom=1.006596
fVideoEchoAlpha=0.000000
nVideoEchoOrientation=3
nWaveMode=0
bAdditiveWaves=1
bWaveDots=1
bModWaveAlphaByVolume=1
bMaximizeWaveColor=1
bTexWrap=1
bDarkenCenter=0
bRedBlueStereo=0
bBrighten=0
bDarken=0
bSolarize=0
bInvert=0
fWaveAlpha=0.903511
fWaveScale=0.010000
fWaveSmoothing=0.000000
fWaveParam=-0.560000
fModWaveAlphaStart=0.710000
fModWaveAlphaEnd=1.300000
fWarpAnimSpeed=1.000000
fWarpScale=1.331000
fZoomExponent=1.000000
fShader=0.000000
zoom=1.070549
rot=0.020000
cx=0.500000
cy=0.500000
dx=0.000000
dy=0.000000
warp=0.198054
sx=1.220188
sy=1.220190
wave_r=0.650000
wave_g=0.650000
wave_b=0.650000
wave_x=0.500000
wave_y=0.500000
ob_size=0.010000
ob_r=0.000000
ob_g=0.000000
ob_b=0.000000
ob_a=0.000000
ib_size=0.010000
ib_r=0.250000
ib_g=0.250000
ib_b=0.250000
ib_a=0.000000
nMotionVectorsX=64.000000
nMotionVectorsY=2.016000
mv_l=0.010000
mv_r=0.000000
mv_g=1.000000
mv_b=1.000000
mv_a=0.720000
per_frame_1=wave_r = sin(1.24*time)/2+0.5;
per_frame_2=wave_g = 0.5*cos(10*bass)+0.5;
per_frame_3=wave_b = cos(10*treb_att)/2+0.5;
per_frame_4=bass_effect = max(max(bass,bass_att)-1.2,0);
per_frame_5=mv_x = 64;
per_frame_6=mv_y =2;
per_frame_7=mv_l = 0.05 + 0.3*bass_effect;
per_frame_8=mv_r = mv_r +0.31+ 0.3*sin(0.67*time);
per_frame_9=mv_g = mv_g + 0.41+0.4*sin(time*1.34);
per_frame_10=wave_mystery = if(above(bass_effect,0.15),wave_mystery,2);
per_pixel_1=rot=pow(-ang,3)/10-1.19*sin(ang);
per_pixel_2=zoom=sin(pow(-rad,3))+1.4+0.0*sin(time);
per_pixel_3=dx =dx+ 0.0145*sin(0.1*time)-0.01*cos(0.5*time*rad);
per_pixel_4=dy =dy -0.15*sin(time*0.1568)+0.1*cos(time*0.05);
