[preset00]
fRating=2.000000
fGammaAdj=1.700000
fDecay=0.900000
fVideoEchoZoom=1.000000
fVideoEchoAlpha=0.000000
nVideoEchoOrientation=3
nWaveMode=0
bAdditiveWaves=1
bWaveDots=0
bWaveThick=1
bModWaveAlphaByVolume=0
bMaximizeWaveColor=0
bTexWrap=1
bDarkenCenter=0
bRedBlueStereo=0
bBrighten=0
bDarken=0
bSolarize=0
bInvert=0
fWaveAlpha=4.099998
fWaveScale=0.010000
fWaveSmoothing=0.630000
fWaveParam=0.018000
fModWaveAlphaStart=0.710000
fModWaveAlphaEnd=1.300000
fWarpAnimSpeed=1.000000
fWarpScale=1.331000
fZoomExponent=1.000000
fShader=0.000000
zoom=13.290894
rot=0.000000
cx=0.500000
cy=0.500000
dx=-0.280000
dy=-0.320000
warp=0.010000
sx=1.000000
sy=1.000000
wave_r=0.650000
wave_g=0.650000
wave_b=0.650000
wave_x=0.500000
wave_y=0.500000
ob_size=0.015000
ob_r=0.010000
ob_g=0.000000
ob_b=0.000000
ob_a=1.000000
ib_size=0.010000
ib_r=0.950000
ib_g=0.850000
ib_b=0.650000
ib_a=1.000000
nMotionVectorsX=64.000000
nMotionVectorsY=48.000000
mv_dx=0.000000
mv_dy=0.000000
mv_l=0.000000
mv_r=0.000000
mv_g=0.000000
mv_b=1.000000
mv_a=0.000000
per_frame_1=wave_r = 0.5+ 0.1*(bass-1);
per_frame_2=wave_g = 0.5+ 0.1*(mid-1.2);
per_frame_3=wave_b = 0.5+ 0.1*(treb-.5);
per_frame_4=warp =0;
per_frame_5=ob_r = 1-wave_r;
per_frame_6=ob_g = 1-wave_g;
per_frame_7=ob_b = 1-wave_b;
per_frame_8=ib_r = 0.75 + 0.25*sin(time*0.4);
per_frame_9=ib_g = 0.25 + 0.25*cos(time*0.87);
per_frame_10=ib_b = 0.5+0.5*sin(1.23*time);
per_frame_11=q8 = oldq8 +0.003*(((pow(1.2*bass+0.4*bass_att+0.1*treb+0.1*treb_att+0.1*mid+0.1*mid_att,6)/fps) + (pow(1.2*bass+0.4*bass_att+0.1*treb+0.1*treb_att+0.1*mid+0.1*mid_att,5)/fps) + (pow(1.2*bass+0.4*bass_att+0.1*treb+0.1*treb_att+0.1*mid+0.1*mid_att,4)/fps) + (pow(1.2*bass+0.4*bass_att+0.1*treb+0.1*treb_att+0.1*mid+0.1*mid_att,3)/fps) + (pow(1.2*bass+0.4*bass_att+0.1*treb+0.1*treb_att+0.1*mid+0.1*mid_att,2)/fps) +(1.2*bass+0.4*bass_att+0.1*treb+0.1*treb_att+0.1*mid+0.1*mid_att)/fps));
per_frame_12=oldq8 = q8;
per_frame_13=q7 =oldq7+ 0.001*(pow(1.2*bass+0.4*bass_att+0.1*treb+0.1*treb_att+0.1*mid+0.1*mid_att,7)/fps);
per_frame_14=oldq7 = q7;
per_frame_15=wave_a =0;
per_frame_16=dy = 0.5 + 0.01*(sin(0.786*q7));
per_frame_17=dx = 0.1*sin(1.143*q8);
per_pixel_1=dx=dx+0.005*sin((y-0.5)*96)+0.5*sin((y-0.5)*128);
per_pixel_2=dy=dy+0.001*cos((x-(sin(q8)))*128)+0.008*cos((x-0.5 - 0.1*sin(q7))*96);
per_frame_init_1=q8 =0;
per_frame_init_2=q7=0;
