[preset00]
fRating=2.000000
fGammaAdj=1.000000
fDecay=1.000000
fVideoEchoZoom=2.006761
fVideoEchoAlpha=0.000000
nVideoEchoOrientation=0
nWaveMode=0
bAdditiveWaves=0
bWaveDots=0
bWaveThick=1
bModWaveAlphaByVolume=0
bMaximizeWaveColor=0
bTexWrap=0
bDarkenCenter=0
bRedBlueStereo=0
bBrighten=0
bDarken=0
bSolarize=0
bInvert=0
fWaveAlpha=2.518209
fWaveScale=0.484544
fWaveSmoothing=0.900000
fWaveParam=-0.400000
fModWaveAlphaStart=0.500000
fModWaveAlphaEnd=1.000000
fWarpAnimSpeed=100.000000
fWarpScale=100.000000
fZoomExponent=1.000000
fShader=0.000000
zoom=1.000000
rot=0.000000
cx=0.500000
cy=0.500000
dx=0.000010
dy=0.000010
warp=0.972365
sx=1.000000
sy=1.000000
wave_r=0.700000
wave_g=0.400000
wave_b=0.000000
wave_x=0.500000
wave_y=0.000000
ob_size=0.005000
ob_r=0.000000
ob_g=0.000000
ob_b=0.000000
ob_a=1.000000
ib_size=0.500000
ib_r=1.000000
ib_g=1.000000
ib_b=1.000000
ib_a=0.000000
nMotionVectorsX=64.000000
nMotionVectorsY=48.000000
mv_dx=0.000000
mv_dy=0.000000
mv_l=1.000000
mv_r=1.000000
mv_g=1.000000
mv_b=1.000000
mv_a=0.000000
per_frame_1=warp = 0;
per_frame_2=vol = (bass+mid+att)/6;
per_frame_3=xamptarg = if(equal(frame%15,0),min(0.5*vol*bass_att,0.5),xamptarg);
per_frame_4=xamp = xamp + 0.5*(xamptarg-xamp);
per_frame_5=xdir = if(above(abs(xpos),xamp),-sign(xpos),if(below(abs(xspeed),0.1),2*above(xpos,0)-1,xdir));
per_frame_6=xaccel = xdir*xamp - xpos - xspeed*0.055*below(abs(xpos),xamp);
per_frame_7=xspeed = xspeed + xdir*xamp - xpos - xspeed*0.055*below(abs(xpos),xamp);
per_frame_8=xpos = xpos + 0.001*xspeed;
per_frame_9=wave_x = xpos + 0.5;
per_frame_10=wave_mystery = wave_mystery + bass*.11;
per_frame_11=ob_b = .2 + .075*sin(time);
per_pixel_1=dy = dy - .005*y-.00173;
