[preset00]
fRating=5.000000
fGammaAdj=1.700000
fDecay=0.968000
fVideoEchoZoom=1.000000
fVideoEchoAlpha=0.000000
nVideoEchoOrientation=3
nWaveMode=0
bAdditiveWaves=1
bWaveDots=0
bModWaveAlphaByVolume=0
bMaximizeWaveColor=0
bTexWrap=0
bDarkenCenter=0
bMotionVectorsOn=0
bRedBlueStereo=0
nMotionVectorsX=64
nMotionVectorsY=48
bBrighten=0
bDarken=0
bSolarize=0
bInvert=0
fWaveAlpha=4.099998
fWaveScale=0.010000
fWaveSmoothing=0.630000
fWaveParam=0.050000
fModWaveAlphaStart=0.710000
fModWaveAlphaEnd=1.300000
fWarpAnimSpeed=1.000000
fWarpScale=1.331000
fZoomExponent=1.000000
fShader=0.000000
zoom=1.000000
rot=0.000000
cx=0.500000
cy=0.500000
dx=0.000000
dy=0.000000
warp=0.010000
sx=1.000000
sy=1.000000
wave_r=0.650000
wave_g=0.650000
wave_b=0.650000
wave_x=0.500000
wave_y=0.500000
ob_size=0.500000
ob_r=0.010000
ob_g=0.000000
ob_b=0.000000
ob_a=0.000000
ib_size=0.260000
ib_r=0.250000
ib_g=0.250000
ib_b=0.250000
ib_a=0.000000
per_frame_1=wave_r = 0.5 + sin(time/3)/2;
per_frame_2=wave_b = 0.5+ 0.5*sin(time*47);
per_frame_3=wave_g = 0.65 + sin(time*0.23)/10;
per_frame_4=dx = dx-0.0005;
per_frame_5=dy = dy-0.0005;
per_frame_6=bass_effect = max(0,max(bass_att,bass)-1);
per_frame_7=treb_effect = max(0,max(treb_att,treb)-1);
per_frame_8=wave_mystery = 0.05 + bass_effect/25 - treb_effect/25;
per_pixel_1=zoom = 1- log(sqrt(2)-rad)/7;
per_pixel_2=rot = log(sqrt(2)-rad)/10;
