[preset00]
fRating=5.000000
fGammaAdj=1.000000
fDecay=1.000000
fVideoEchoZoom=0.999609
fVideoEchoAlpha=0.500000
nVideoEchoOrientation=1
nWaveMode=6
bAdditiveWaves=0
bWaveDots=0
bWaveThick=1
bModWaveAlphaByVolume=1
bMaximizeWaveColor=0
bTexWrap=0
bDarkenCenter=0
bRedBlueStereo=0
bBrighten=0
bDarken=1
bSolarize=0
bInvert=0
fWaveAlpha=4.099998
fWaveScale=0.972366
fWaveSmoothing=0.630000
fWaveParam=0.000000
fModWaveAlphaStart=0.710000
fModWaveAlphaEnd=1.300000
fWarpAnimSpeed=1.000000
fWarpScale=1.331000
fZoomExponent=1.000000
fShader=0.000000
zoom=0.999514
rot=0.000000
cx=0.500000
cy=0.500000
dx=0.000000
dy=0.040000
warp=0.010000
sx=1.000000
sy=1.000000
wave_r=0.000000
wave_g=0.000000
wave_b=0.000000
wave_x=1.000000
wave_y=0.500000
ob_size=0.010000
ob_r=1.000000
ob_g=1.000000
ob_b=1.000000
ob_a=0.100000
ib_size=0.260000
ib_r=0.250000
ib_g=0.250000
ib_b=0.250000
ib_a=0.000000
nMotionVectorsX=8.000000
nMotionVectorsY=9.600006
mv_dx=0.000000
mv_dy=0.000000
mv_l=5.000000
mv_r=1.000000
mv_g=1.000000
mv_b=1.000000
mv_a=1.000000
per_frame_1=vol = 0.3333*(bass_att + mid_att + treb_att);
per_frame_2=ob_r = .6+.4*sin(time);
per_frame_3=ob_g = 0;
per_frame_4=ob_b = 0;
per_frame_5=rot = 0.1*(1 - bass_att)*above(bass_att,1);
per_frame_6=warp = 0.5 + 0.9*(1 - vol);
per_frame_7=mv_a = 10;
per_frame_8=mv_x = 5;
per_frame_9=mv_y = 5;
per_frame_10=mv_r = 1;
per_frame_11=mv_g = 1;
per_frame_12=mv_b = 1;
per_frame_13=mv_l = 5;
per_frame_14=mv_dy = .2*sin(time*.222);
per_frame_15=mv_dx = .2*cos(time*.777);
per_frame_init_1=wr1 = 1 + int(rand(0.404));
per_frame_init_2=wg1 = 1 + int(rand(0.446));
per_frame_init_3=wb1 = 1 + int(rand(0.465));
per_frame_init_4=wr2 = 1 + int(rand(0.454));
per_frame_init_5=wg2 = 1 + int(rand(0.489));
per_frame_init_6=wb2 = 1 + int(rand(0.432));
per_frame_init_7=ws = int(rand(1));
