[preset00]
fRating=3.000000
fGammaAdj=1.000000
fDecay=1.000000
fVideoEchoZoom=0.999600
fVideoEchoAlpha=0.500000
nVideoEchoOrientation=1
nWaveMode=6
bAdditiveWaves=1
bWaveDots=0
bWaveThick=0
bModWaveAlphaByVolume=0
bMaximizeWaveColor=0
bTexWrap=1
bDarkenCenter=0
bRedBlueStereo=0
bBrighten=0
bDarken=0
bSolarize=0
bInvert=0
fWaveAlpha=0.011566
fWaveScale=100.000000
fWaveSmoothing=0.630000
fWaveParam=0.000000
fModWaveAlphaStart=0.710000
fModWaveAlphaEnd=1.300000
fWarpAnimSpeed=1.000000
fWarpScale=1.331000
fZoomExponent=1.000000
fShader=0.000000
zoom=0.904846
rot=0.200000
cx=0.500000
cy=0.500000
dx=0.000000
dy=0.000000
warp=0.010000
sx=1.000000
sy=1.000002
wave_r=1.000000
wave_g=1.000000
wave_b=1.000000
wave_x=0.500000
wave_y=0.500000
ob_size=0.050000
ob_r=1.000000
ob_g=0.000000
ob_b=0.000000
ob_a=1.000000
ib_size=0.010000
ib_r=0.250000
ib_g=0.250000
ib_b=0.250000
ib_a=1.000000
nMotionVectorsX=10.240001
nMotionVectorsY=7.200006
mv_dx=0.000000
mv_dy=0.080000
mv_l=0.550000
mv_r=0.000000
mv_g=1.000000
mv_b=0.000000
mv_a=0.000000
per_frame_1=ob_r=rand(10)*Sin(above(bass,bass_att));
per_frame_2=ob_g=rand(10)*sin(above(mid,mid_Att));
per_frame_3=ob_b=rand(10)*Sin(above(treb,treb_Att));
per_frame_4=zoom = .9+bass*.05;
per_pixel_1=rot=rot*atan2(-rad,sin(ang*20-ang*20*ang*10*atan2(above(bass,bass_Att),above(Treb,t
per_pixel_2=reb_Att))))*sin(Rad*ang*above(Bass,bass_Att))*rad-ang;
