[preset00]
fRating=5.000000
fGammaAdj=1.000000
fDecay=0.996000
fVideoEchoZoom=0.496635
fVideoEchoAlpha=0.220001
nVideoEchoOrientation=1
nWaveMode=7
bAdditiveWaves=0
bWaveDots=0
bWaveThick=1
bModWaveAlphaByVolume=0
bMaximizeWaveColor=0
bTexWrap=1
bDarkenCenter=0
bRedBlueStereo=0
bBrighten=0
bDarken=0
bSolarize=0
bInvert=0
fWaveAlpha=1.000000
fWaveScale=1.001829
fWaveSmoothing=0.000000
fWaveParam=0.660000
fModWaveAlphaStart=0.750000
fModWaveAlphaEnd=0.950000
fWarpAnimSpeed=0.010000
fWarpScale=0.010000
fZoomExponent=1.000000
fShader=0.000000
zoom=1.003861
rot=0.000000
cx=0.500000
cy=0.500000
dx=0.000000
dy=0.000000
warp=0.010000
sx=1.000000
sy=1.000000
wave_r=0.650000
wave_g=0.650000
wave_b=0.650000
wave_x=0.500000
wave_y=0.500000
ob_size=0.000000
ob_r=0.000000
ob_g=0.000000
ob_b=0.000000
ob_a=0.000000
ib_size=0.000000
ib_r=0.250000
ib_g=0.250000
ib_b=0.250000
ib_a=0.000000
nMotionVectorsX=12.000000
nMotionVectorsY=9.000000
mv_dx=0.000000
mv_dy=0.000000
mv_l=0.900000
mv_r=0.000000
mv_g=0.530000
mv_b=1.000000
mv_a=0.000000
per_frame_1=wave_y=sqrt(abs(sin(time*4)));
per_frame_2=wave_b=.5+(bass/3);
per_frame_3=wave_g=(treb/5);
per_frame_4=wave_r=0;
per_frame_5=q2=(bass_att+mid_att+treb_att)/3;
per_frame_6=q3=time*8;
per_frame_7=q4=time/10;
per_pixel_1=// water-like waves
per_pixel_2=dy=dy+.004*sin(x/.02+ y/.07+q3/4 );
per_pixel_3=dx=dx+.004*cos(x/.07+y/.07+q3/2);
per_pixel_4=zoom=1+2*(dy+dx);
per_pixel_5=
per_pixel_6=// heartbeat vibes
per_pixel_7=dx=dx+(1-rad)*.05*(sin(q3+q2)*(x-0.5)+cos(q3+q2)*(y-0.5));
per_pixel_8=dy=dy+(1-rad)*.05*(cos(q3+q2)*(x-0.5)-sin(q3+q2)*(y-0.5));
per_pixel_9=zoom=zoom+4*(dy+dx);
per_pixel_10=
per_pixel_11=// twirl effect
per_pixel_12=s=.02*(mid_att/1.7)*cos(q3/32);
per_pixel_13=z=.4;
per_pixel_14=arctan=atan2(x-.5,y-.5);
per_pixel_15=t = s/(rad+z);
per_pixel_16=dx=dx+t*sin(arctan-1.5);
per_pixel_17=dy=dy+t*cos(arctan-1.5);
