[preset00]
fRating=3.000000
fGammaAdj=1.000000
fDecay=0.975000
fVideoEchoZoom=2.000000
fVideoEchoAlpha=0.000000
nVideoEchoOrientation=3
nWaveMode=2
bAdditiveWaves=0
bWaveDots=0
bWaveThick=0
bModWaveAlphaByVolume=1
bMaximizeWaveColor=0
bTexWrap=0
bDarkenCenter=1
bRedBlueStereo=0
bBrighten=0
bDarken=0
bSolarize=0
bInvert=0
fWaveAlpha=0.001000
fWaveScale=0.625314
fWaveSmoothing=0.000000
fWaveParam=0.000000
fModWaveAlphaStart=0.000000
fModWaveAlphaEnd=0.000000
fWarpAnimSpeed=0.010000
fWarpScale=100.000000
fZoomExponent=1.000000
fShader=0.700000
zoom=1.046000
rot=0.000000
cx=0.500000
cy=0.500000
dx=0.000000
dy=0.000000
warp=0.010000
sx=0.999995
sy=1.000000
wave_r=0.500000
wave_g=1.000000
wave_b=1.000000
wave_x=0.500000
wave_y=0.470000
ob_size=0.010000
ob_r=0.000000
ob_g=0.000000
ob_b=0.000000
ob_a=0.000000
ib_size=0.010000
ib_r=0.250000
ib_g=0.250000
ib_b=0.250000
ib_a=0.000000
nMotionVectorsX=64.000000
nMotionVectorsY=48.000000
mv_dx=0.000000
mv_dy=0.000000
mv_l=0.000000
mv_r=1.000000
mv_g=0.000000
mv_b=0.000000
mv_a=0.000000
per_frame_1=wave_r = wave_r*x*bass*1000000 + 0.400*( 0.60*sin(0.933*time) + 0.40*sin(1.045*time) );
per_frame_2=wave_g = wave_g*200000*treb/x + 0.400*( 0.60*sin(0.900*time) + 0.40*sin(0.956*time) );
per_frame_3=wave_b = wave_b +0.400*( 0.60*sin(0.910*time) + 0.40*sin(0.920*time) );
per_frame_4=zoom = zoom + 0.023*( 0.60*sin(0.339*time) + 0.40*sin(0.276*time) );
per_frame_5=q=rot/5 + 0.030*( 0.60*sin(0.381*time) + 0.40*sin(0.579*time) );
per_frame_6=cx = cx + 0.070*( 0.60*sin(0.374*time) + 0.40*sin(0.294*time) );
per_frame_7=cy = cy + 0.070*( 0.60*sin(0.393*time) + 0.40*sin(0.223*time) );
per_frame_8=zoom=zoom+0.013*(0.60*sin(0.33*time)+0.40*sin(0276*time));
per_frame_9=x=x+100;
per_pixel_1=zoom=zoom-max(0.001,(bass-1.2))*sin(time*1.4+rad*6);
per_pixel_2=zoom=zoom+0.07*sin(rad*25+time*2.5);
