[preset00]
fRating=2.000000
fGammaAdj=1.000000
fDecay=1.000000
fVideoEchoZoom=2.987792
fVideoEchoAlpha=0.000000
nVideoEchoOrientation=3
nWaveMode=0
bAdditiveWaves=0
bWaveDots=0
bWaveThick=0
bModWaveAlphaByVolume=0
bMaximizeWaveColor=0
bTexWrap=1
bDarkenCenter=0
bRedBlueStereo=0
bBrighten=0
bDarken=0
bSolarize=0
bInvert=0
fWaveAlpha=4.099998
fWaveScale=0.378117
fWaveSmoothing=0.000000
fWaveParam=-0.140000
fModWaveAlphaStart=0.410000
fModWaveAlphaEnd=2.000000
fWarpAnimSpeed=1.000000
fWarpScale=1.331000
fZoomExponent=1.986880
fShader=1.000000
zoom=0.999800
rot=0.000000
cx=0.500000
cy=0.500000
dx=0.000000
dy=0.000000
warp=0.010000
sx=0.999999
sy=1.000000
wave_r=0.000000
wave_g=1.000000
wave_b=0.000000
wave_x=0.500000
wave_y=0.500000
ob_size=0.500000
ob_r=0.010000
ob_g=0.000000
ob_b=0.000000
ob_a=0.000000
ib_size=0.260000
ib_r=0.000000
ib_g=1.000000
ib_b=1.000000
ib_a=0.000000
nMotionVectorsX=9.023985
nMotionVectorsY=9.000004
mv_dx=0.000000
mv_dy=0.000000
mv_l=0.900000
mv_r=0.000000
mv_g=0.550000
mv_b=1.000000
mv_a=0.000000
per_frame_1=warp=0;
per_frame_2=wave_r=abs(sin(mid+time*.42));
per_frame_3=wave_g=abs(sin(bass+time*.51));
per_frame_4=wave_b=abs(sin(treb+time*.71));
per_frame_5=dx=sin(time*.434)*.01;
per_frame_6=dy=cos(time*.574)*.01;
per_pixel_1=zoom=if(below(rad,.222),.1,1);
