[preset00]
fRating=3.000000
fGammaAdj=1.800000
fDecay=0.970000
fVideoEchoZoom=1.009660
fVideoEchoAlpha=0.400000
nVideoEchoOrientation=2
nWaveMode=4
bAdditiveWaves=0
bWaveDots=0
bWaveThick=1
bModWaveAlphaByVolume=0
bMaximizeWaveColor=1
bTexWrap=1
bDarkenCenter=0
bRedBlueStereo=0
bBrighten=0
bDarken=0
bSolarize=0
bInvert=0
fWaveAlpha=100.000000
fWaveScale=0.007307
fWaveSmoothing=0.500000
fWaveParam=-0.400000
fModWaveAlphaStart=0.500000
fModWaveAlphaEnd=1.000000
fWarpAnimSpeed=1.000000
fWarpScale=1.000000
fZoomExponent=1.000000
fShader=0.000000
zoom=1.020000
rot=0.000000
cx=0.500000
cy=0.500000
dx=0.000010
dy=0.000010
warp=0.010000
sx=1.000000
sy=1.000000
wave_r=0.500000
wave_g=0.500000
wave_b=0.500000
wave_x=0.500000
wave_y=0.500000
ob_size=0.000000
ob_r=0.000000
ob_g=0.000000
ob_b=0.000000
ob_a=1.000000
ib_size=0.000000
ib_r=0.000000
ib_g=0.000000
ib_b=0.000000
ib_a=0.000000
nMotionVectorsX=64.000000
nMotionVectorsY=48.000000
mv_dx=0.000000
mv_dy=0.000000
mv_l=0.000000
mv_r=1.000000
mv_g=1.000000
mv_b=1.000000
mv_a=0.000000
per_frame_1=wave_r = wave_r + 0.35*sin(1.4*time) + 0.15*sin(2.5*time);
per_frame_2=wave_g = wave_g + 0.34*sin(1.7*time) + 0.16*sin(2.11*time);
per_frame_3=wave_b = wave_b + 0.33*sin(1.84*time) + 0.17*sin(2.3*time);
per_frame_4=warp = 0;
per_frame_5=wave_mystery = wave_mysteyr + 0.12 + 0.12*sin(75*time);
per_frame_6=rot = rot + 0.01*zoom;
per_frame_7=thresh = above(bass_att,thresh)*2+(1-above(bass_att,thresh))*((thresh-1.3)*0.96+1.3);
per_frame_8=dx_r = equal(thresh,2)*0.015*sin(5*time)+(1-equal(thresh,2))*dx_r;
per_frame_9=dy_r = equal(thresh,2)*0.015*sin(6*time)+(1-equal(thresh,2))*dy_r;
per_frame_10=dx = dx + 0.3*dx_r;
per_frame_11=dy = dy +0.3* dy_r;
per_pixel_1=zoom = zoom + 0.01*above(rad,0.75*sin(1.75*treb));
per_pixel_2=zoom = zoom - 0.01*below(rad,0.75*sin(1.8*bass));
per_pixel_3=rot = rot + 1.3*sin(time)*if(below(rad,0.5*sin(time)),+0.2*sin(1.5*time),0);
