[preset00]
fRating=4.000000
fGammaAdj=1.000000
fDecay=0.990000
fVideoEchoZoom=1.644627
fVideoEchoAlpha=0.500000
nVideoEchoOrientation=3
nWaveMode=5
bAdditiveWaves=0
bWaveDots=1
bWaveThick=0
bModWaveAlphaByVolume=0
bMaximizeWaveColor=0
bTexWrap=1
bDarkenCenter=0
bRedBlueStereo=0
bBrighten=0
bDarken=0
bSolarize=0
bInvert=0
fWaveAlpha=100.000000
fWaveScale=2.380900
fWaveSmoothing=0.500000
fWaveParam=0.000000
fModWaveAlphaStart=0.500000
fModWaveAlphaEnd=1.000000
fWarpAnimSpeed=100.000000
fWarpScale=0.010000
fZoomExponent=0.499805
fShader=0.000000
zoom=1.000000
rot=0.000000
cx=0.500000
cy=0.500000
dx=0.000010
dy=0.000010
warp=0.400279
sx=1.000000
sy=1.000000
wave_r=0.000000
wave_g=0.000000
wave_b=0.000000
wave_x=0.500000
wave_y=0.500000
ob_size=0.000000
ob_r=0.000000
ob_g=0.000000
ob_b=0.000000
ob_a=1.000000
ib_size=0.250000
ib_r=0.250000
ib_g=0.250000
ib_b=0.250000
ib_a=0.000000
nMotionVectorsX=64.000000
nMotionVectorsY=48.000000
mv_dx=0.000000
mv_dy=0.000000
mv_l=1.000000
mv_r=1.000000
mv_g=1.000000
mv_b=1.000000
mv_a=0.010000
per_frame_1=wave_b = -1;
per_frame_2=wave_r = -1+int(rand(5));
per_frame_3=wave_g = -1+int(rand(5));
per_frame_4=zoom = zoom + 0.025*sin(10*time);
per_pixel_1=sy = sy + if (below(rad, 0.5 + 0.08*sin(bass/4 - sin(time))), 0.05*sin(bass), 0);
per_pixel_2=sx = sx + if(below(rad, 0.5 + 0.08*sin(bass/4 - sin(time))),0.05*sin(bass),0);
