[preset00]
fRating=2.000000
fGammaAdj=1.000000
fDecay=0.980000
fVideoEchoZoom=1.000000
fVideoEchoAlpha=0.000000
nVideoEchoOrientation=1
nWaveMode=7
bAdditiveWaves=0
bWaveDots=0
bWaveThick=1
bModWaveAlphaByVolume=0
bMaximizeWaveColor=0
bTexWrap=0
bDarkenCenter=0
bRedBlueStereo=0
bBrighten=0
bDarken=0
bSolarize=0
bInvert=0
fWaveAlpha=100.000000
fWaveScale=0.100191
fWaveSmoothing=0.900000
fWaveParam=0.000000
fModWaveAlphaStart=0.500000
fModWaveAlphaEnd=1.000000
fWarpAnimSpeed=1.000000
fWarpScale=1.000000
fZoomExponent=1.000000
fShader=0.000000
zoom=1.000000
rot=0.000000
cx=0.500000
cy=0.500000
dx=0.000010
dy=0.000010
warp=0.010000
sx=1.000000
sy=1.000000
wave_r=0.000000
wave_g=1.000000
wave_b=0.000000
wave_x=0.500000
wave_y=0.600000
ob_size=0.005000
ob_r=0.500000
ob_g=0.500000
ob_b=0.600000
ob_a=1.000000
ib_size=0.250000
ib_r=0.250000
ib_g=0.250000
ib_b=0.250000
ib_a=0.000000
nMotionVectorsX=0.000000
nMotionVectorsY=0.000000
mv_dx=0.000000
mv_dy=0.000000
mv_l=1.000000
mv_r=1.000000
mv_g=1.000000
mv_b=1.000000
mv_a=0.000000
per_frame_1=volt = (bass*treb*mid)/3;
per_frame_2=wave_y = wave_y + 0 + 0.3*sin(0.2*volt);
per_pixel_1=sy = sy + if (above(x,0.1), if(below(x,0.3), 0.00 -0.08*sin(3*bass), 0), 0);
per_pixel_2=sy = sy + if (above(x,0.4), if(below(x,0.6), 0.00 -0.08*sin(3*mid), 0), 0);
per_pixel_3=sy = sy + if (above(x,0.7), if(below(x,0.9), 0.00 -0.08*sin(3*treb), 0), 0);
