[preset00]
fRating=2.000000
fGammaAdj=1.000000
fDecay=0.990000
fVideoEchoZoom=1.000000
fVideoEchoAlpha=0.000000
nVideoEchoOrientation=1
nWaveMode=0
bAdditiveWaves=0
bWaveDots=0
bWaveThick=0
bModWaveAlphaByVolume=1
bMaximizeWaveColor=0
bTexWrap=0
bDarkenCenter=0
bRedBlueStereo=0
bBrighten=0
bDarken=0
bSolarize=0
bInvert=0
fWaveAlpha=100.000000
fWaveScale=100.000000
fWaveSmoothing=0.500000
fWaveParam=-0.200000
fModWaveAlphaStart=0.500000
fModWaveAlphaEnd=1.000000
fWarpAnimSpeed=1.000000
fWarpScale=1.000000
fZoomExponent=1.000000
fShader=0.000000
zoom=1.000000
rot=0.000000
cx=0.500000
cy=0.500000
dx=0.000010
dy=0.000010
warp=0.010000
sx=1.000000
sy=1.000000
wave_r=1.000000
wave_g=1.000000
wave_b=0.500000
wave_x=0.500000
wave_y=0.500000
ob_size=0.150000
ob_r=0.000000
ob_g=1.000000
ob_b=0.000000
ob_a=0.100000
ib_size=0.150000
ib_r=1.000000
ib_g=0.000000
ib_b=0.000000
ib_a=0.100000
nMotionVectorsX=64.000000
nMotionVectorsY=1.488000
mv_dx=0.000000
mv_dy=0.000000
mv_l=5.000000
mv_r=1.000000
mv_g=1.000000
mv_b=1.000000
mv_a=0.000000
per_frame_1=wave_r = -2;
per_frame_2=wave_g = -2;
per_frame_3=wave_b = 5;
per_frame_4=zoom = zoom - 0.025 + 0.05*bass - 0.02*treb;
per_pixel_1=warp = warp + if (above(rad,0.5 + 0.05*sin(bass)), +2*sin(time*bass*rad), 0);
per_pixel_2=rot = rot - warp*0.05*(bass/treb *sin(abs(treb)*time));
per_pixel_3=zoom = zoom + if (below(rad,0.6), -(1-rad)*0.09*bass,0);
