[preset00]
fRating=3.000000
fGammaAdj=1.990000
fDecay=0.980000
fVideoEchoZoom=2.000000
fVideoEchoAlpha=0.300000
nVideoEchoOrientation=3
nWaveMode=2
bAdditiveWaves=0
bWaveDots=0
bWaveThick=0
bModWaveAlphaByVolume=0
bMaximizeWaveColor=0
bTexWrap=0
bDarkenCenter=0
bRedBlueStereo=0
bBrighten=0
bDarken=0
bSolarize=0
bInvert=0
fWaveAlpha=1.691362
fWaveScale=0.724042
fWaveSmoothing=0.500000
fWaveParam=0.000000
fModWaveAlphaStart=0.750000
fModWaveAlphaEnd=0.950000
fWarpAnimSpeed=1.000000
fWarpScale=2.853000
fZoomExponent=1.000000
fShader=0.000000
zoom=1.000343
rot=0.000000
cx=0.500000
cy=0.500000
dx=0.000000
dy=0.000000
warp=0.000000
sx=1.000000
sy=1.000000
wave_r=0.500000
wave_g=0.500000
wave_b=0.500000
wave_x=0.500000
wave_y=0.500000
ob_size=0.005000
ob_r=0.000000
ob_g=0.000000
ob_b=0.000000
ob_a=1.000000
ib_size=0.010000
ib_r=0.250000
ib_g=0.250000
ib_b=0.250000
ib_a=0.000000
nMotionVectorsX=12.000000
nMotionVectorsY=9.000000
mv_dx=0.000000
mv_dy=0.000000
mv_l=0.900000
mv_r=1.000000
mv_g=1.000000
mv_b=1.000000
mv_a=0.000000
per_frame_1=wave_r = wave_r + 0.500*( 0.60*sin(0.933*time) + 0.40*sin(1.045*time) );
per_frame_2=wave_g = wave_g + 0.500*( 0.60*sin(0.900*time) + 0.40*sin(0.956*time) );
per_frame_3=wave_b = wave_b + 0.500*( 0.60*sin(0.910*time) + 0.40*sin(0.920*time) );
per_pixel_1=vox = (bass_att+treb_att+mid_att)/3;
per_pixel_2=
per_pixel_3=xy = abs(cos(12*vox)*0.25*(rad*0.5*y*bass_att+1.1*sin(vox)));
per_pixel_4=xe = abs(sin(12*vox)*0.25*(rad*0.5*x*bass_att+1.1*cos(vox)));
per_pixel_5=dx = dx + 0.023*xy*sin(time*vox);
per_pixel_6=dy = dy + 0.023*xe*sin(time*vox);
per_pixel_7=zoom = zoom + 0.82*xe*xy;
per_pixel_8=rot = rot + 0.05*sin(12*tan(time*xe-xy));
