[preset00]
fRating=4.000000
fGammaAdj=1.000000
fDecay=0.990000
fVideoEchoZoom=0.999608
fVideoEchoAlpha=0.500000
nVideoEchoOrientation=1
nWaveMode=2
bAdditiveWaves=0
bWaveDots=0
bWaveThick=0
bModWaveAlphaByVolume=0
bMaximizeWaveColor=1
bTexWrap=1
bDarkenCenter=0
bRedBlueStereo=0
bBrighten=0
bDarken=0
bSolarize=0
bInvert=0
fWaveAlpha=13.668588
fWaveScale=1.315365
fWaveSmoothing=0.900000
fWaveParam=-0.500000
fModWaveAlphaStart=0.750000
fModWaveAlphaEnd=0.950000
fWarpAnimSpeed=1.000000
fWarpScale=2.853000
fZoomExponent=1.000000
fShader=0.000000
zoom=1.000343
rot=0.000000
cx=0.500000
cy=0.500000
dx=0.000000
dy=0.000000
warp=0.000000
sx=1.000000
sy=1.000000
wave_r=0.500000
wave_g=0.500000
wave_b=0.500000
wave_x=0.500000
wave_y=0.500000
ob_size=0.005000
ob_r=0.000000
ob_g=0.000000
ob_b=0.000000
ob_a=0.800000
ib_size=0.005000
ib_r=0.000000
ib_g=0.000000
ib_b=0.000000
ib_a=0.000000
nMotionVectorsX=12.000000
nMotionVectorsY=9.000000
mv_dx=0.000000
mv_dy=0.000000
mv_l=0.900000
mv_r=1.000000
mv_g=1.000000
mv_b=1.000000
mv_a=0.000000
per_frame_1=wave_r = wave_r + 0.602*(0.61*sin(0.933*time) + 0.301*sin(1.045*time));
per_frame_2=wave_g = wave_g + 0.404*(0.605*sin(1.209*time) + 0.37*sin(0.956*time));
per_frame_3=wave_b = wave_b + 0.201*(0.60*sin(0.910*time) + 0.60*sin(0.992*time));
per_frame_4=
per_frame_5=ob_r = wave_g;
per_frame_6=ob_b = wave_r;
per_frame_7=ob_g = wave_b;
per_pixel_1=thresh = above(bass_att,thresh)*2+(1-above(bass_att,thresh))*((thresh-1.3)*0.96+1.3);
per_pixel_2=dx_r = equal(thresh,2)*0.15*sin(5*time)+(1-equal(thresh,2))*dx_r;
per_pixel_3=dy_r = equal(thresh,2)*0.15*sin(6*time)+(1-equal(thresh,2))*dy_r;
per_pixel_4=
per_pixel_5=
per_pixel_6=rot = rot + 0.25*cos(2*sin(6*time)*(0.5-x-rad));
per_pixel_7=rot = rot - 0.25*cos(cos(2*cos(6*time)*(0.5-y-rad)));
per_pixel_8=cx = cx + 6*dx_r*(3*sin(3*bass_att)*(0.5-x));
per_pixel_9=cy = cy + 6*dy_r*(3*sin(3*bass_att)*(0.5-y));
