[preset00]
fRating=3.000000
fGammaAdj=1.990000
fDecay=0.970000
fVideoEchoZoom=0.996630
fVideoEchoAlpha=0.500000
nVideoEchoOrientation=1
nWaveMode=0
bAdditiveWaves=0
bWaveDots=0
bModWaveAlphaByVolume=0
bMaximizeWaveColor=0
bTexWrap=0
bDarkenCenter=0
bRedBlueStereo=0
bBrighten=1
bDarken=1
bSolarize=0
bInvert=0
fWaveAlpha=100.000000
fWaveScale=2.163279
fWaveSmoothing=0.000000
fWaveParam=-0.380000
fModWaveAlphaStart=0.750000
fModWaveAlphaEnd=0.950000
fWarpAnimSpeed=1.000000
fWarpScale=2.853000
fZoomExponent=1.674618
fShader=1.000000
zoom=0.949700
rot=0.000000
cx=2.000000
cy=0.500000
dx=0.000000
dy=0.000000
warp=4.456553
sx=1.000000
sy=1.000000
wave_r=0.500000
wave_g=0.500000
wave_b=0.500000
wave_x=0.500000
wave_y=0.500000
ob_size=0.010000
ob_r=0.000000
ob_g=0.000000
ob_b=0.000000
ob_a=0.000000
ib_size=0.010000
ib_r=0.250000
ib_g=0.250000
ib_b=0.250000
ib_a=0.000000
nMotionVectorsX=0.000000
nMotionVectorsY=0.000000
mv_l=1.900000
mv_r=1.000000
mv_g=1.000000
mv_b=1.000000
mv_a=0.200000
per_frame_1=wave_r = wave_r + 0.500*( 0.60*sin(0.933*time) + 0.40*sin(1.045*time) );
per_frame_2=wave_g = wave_g + 0.500*( 0.60*sin(0.900*time) + 0.40*sin(0.956*time) );
per_frame_3=wave_b = wave_b + 0.500*( 0.60*sin(0.910*time) + 0.40*sin(0.920*time) );
per_frame_4=rot = rot + 0.060*( 0.60*sin(0.381*time) + 0.60*sin(0.579*time) );
per_frame_5=mv_x=3;
per_frame_6=mv_y=48;
per_frame_7=mv_l=mid+1;
per_pixel_1=zoom=zoom+0.07*cos(rad*20+time*2.5);
per_pixel_2=cx=zoom;
