[preset00]
fRating=4.000000
fGammaAdj=2.760000
fDecay=0.995000
fVideoEchoZoom=0.996630
fVideoEchoAlpha=0.500000
nVideoEchoOrientation=1
nWaveMode=7
bAdditiveWaves=0
bWaveDots=0
bModWaveAlphaByVolume=0
bMaximizeWaveColor=0
bTexWrap=0
bDarkenCenter=1
bRedBlueStereo=0
bBrighten=0
bDarken=1
bSolarize=0
bInvert=0
fWaveAlpha=100.000000
fWaveScale=1.190776
fWaveSmoothing=0.900000
fWaveParam=-1.000000
fModWaveAlphaStart=0.750000
fModWaveAlphaEnd=0.950000
fWarpAnimSpeed=1.000000
fWarpScale=2.853000
fZoomExponent=0.100000
fShader=1.000000
zoom=0.868371
rot=0.000000
cx=2.000000
cy=0.500000
dx=0.000000
dy=0.000000
warp=4.325479
sx=1.000000
sy=1.000000
wave_r=0.500000
wave_g=0.000000
wave_b=0.000000
wave_x=0.500000
wave_y=0.500000
ob_size=0.010000
ob_r=0.000000
ob_g=0.000000
ob_b=0.000000
ob_a=0.000000
ib_size=0.010000
ib_r=0.250000
ib_g=0.250000
ib_b=0.250000
ib_a=0.000000
nMotionVectorsX=0.000000
nMotionVectorsY=0.000000
mv_l=0.900000
mv_r=0.000000
mv_g=0.000000
mv_b=0.500000
mv_a=1.000000
per_frame_1=wave_r = wave_r + 0.800*( 0.60*sin(0.933*time) + 0.40*sin(1.045*time) );
per_frame_2=rot = rot + .006*( 0.60*sin(0.381*time) + .0060*sin(0.579*time) );
per_frame_3=mv_x=2;
per_frame_4=mv_y=48;
per_frame_5=mv_b=mid+1;
per_frame_6=volume=(bass+mid+treb)/2;
per_frame_7=mv_l=volume;
per_frame_8=mv_a=volume;
per_pixel_1=zoom=zoom+0.09*cos(rad*20+time*2.5);
per_pixel_2=dy = (zoom*.004);
