[preset00]
fRating=2.000000
fGammaAdj=1.210000
fDecay=0.986000
fVideoEchoZoom=2.440377
fVideoEchoAlpha=0.160000
nVideoEchoOrientation=0
nWaveMode=1
bAdditiveWaves=1
bWaveDots=0
bWaveThick=1
bModWaveAlphaByVolume=1
bMaximizeWaveColor=0
bTexWrap=0
bDarkenCenter=1
bRedBlueStereo=0
bBrighten=0
bDarken=0
bSolarize=0
bInvert=0
fWaveAlpha=45.111797
fWaveScale=0.477126
fWaveSmoothing=0.810000
fWaveParam=-0.860000
fModWaveAlphaStart=1.000000
fModWaveAlphaEnd=0.950000
fWarpAnimSpeed=1.220190
fWarpScale=3.481186
fZoomExponent=49.831490
fShader=0.600000
zoom=1.816690
rot=0.020000
cx=0.620000
cy=0.500000
dx=0.000000
dy=0.000000
warp=0.653093
sx=1.000000
sy=1.000000
wave_r=0.110001
wave_g=0.330000
wave_b=0.350000
wave_x=0.500000
wave_y=0.500000
ob_size=0.500000
ob_r=1.000000
ob_g=0.000000
ob_b=0.000000
ob_a=0.000000
ib_size=0.500000
ib_r=1.000000
ib_g=0.250000
ib_b=0.250000
ib_a=0.000000
nMotionVectorsX=64.000000
nMotionVectorsY=48.000000
mv_dx=-0.100000
mv_dy=-0.060000
mv_l=0.000000
mv_r=0.000000
mv_g=0.800000
mv_b=1.000000
mv_a=0.700000
per_frame_1=wave_r = wave_r + 0.100*( 0.60*sin(0.933*time) + 0.40*sin(1.045*time) );
per_frame_2=wave_g = wave_g + 0.050*( 0.60*sin(0.900*time) + 0.40*sin(0.956*time) );
per_frame_3=decay = decay - 0.01*equal(frame%40,0);
per_pixel_1=zoom=0.9615+rad*0.1;
