[preset00]
fRating=3.000000
fGammaAdj=1.700000
fDecay=0.980000
fVideoEchoZoom=1.980197
fVideoEchoAlpha=0.380000
nVideoEchoOrientation=3
nWaveMode=5
bAdditiveWaves=0
bWaveDots=0
bWaveThick=0
bModWaveAlphaByVolume=0
bMaximizeWaveColor=1
bTexWrap=1
bDarkenCenter=0
bRedBlueStereo=0
bBrighten=0
bDarken=0
bSolarize=0
bInvert=0
fWaveAlpha=100.000000
fWaveScale=0.824024
fWaveSmoothing=0.360000
fWaveParam=-1.000000
fModWaveAlphaStart=0.870000
fModWaveAlphaEnd=1.289900
fWarpAnimSpeed=1.000000
fWarpScale=2.853000
fZoomExponent=1.000000
fShader=0.300000
zoom=1.002336
rot=0.040000
cx=0.500000
cy=-0.010000
dx=0.000000
dy=0.000000
warp=0.000000
sx=0.932718
sy=0.980296
wave_r=0.110000
wave_g=0.250000
wave_b=0.360001
wave_x=0.080001
wave_y=0.280000
ob_size=0.000000
ob_r=0.000000
ob_g=0.000000
ob_b=0.000000
ob_a=0.000000
ib_size=0.010000
ib_r=0.630000
ib_g=0.250000
ib_b=0.250000
ib_a=0.000000
nMotionVectorsX=64.000000
nMotionVectorsY=8.639999
mv_dx=0.160000
mv_dy=0.240000
mv_l=2.000000
mv_r=0.390000
mv_g=0.350000
mv_b=0.500000
mv_a=0.200000
per_frame_1=wave_r = wave_r + 0.3*( 0.60*sin(0.633*time) + 0.40*sin(0.845*time) );
per_frame_2=wave_g = wave_g + 0.3*( 0.60*sin(0.370*time) + 0.40*sin(0.656*time) );
per_frame_3=wave_b = wave_b + 0.3*( 0.60*sin(0.740*time) + 0.40*sin(0.520*time) );
per_frame_4=zoom = zoom + 0.013*( 0.60*sin(0.339*time) + 0.40*sin(0.276*time) );
per_frame_5=rot = rot + 0.030*( 0.60*sin(0.381*time) + 0.40*sin(0.579*time) );
per_frame_6=decay = decay - 0.01*equal(frame%50,0);
per_frame_7=
