[preset00]
fRating=0.000000
fGammaAdj=1.000000
fDecay=0.980000
fVideoEchoZoom=0.999608
fVideoEchoAlpha=0.500000
nVideoEchoOrientation=1
nWaveMode=3
bAdditiveWaves=0
bWaveDots=0
bWaveThick=0
bModWaveAlphaByVolume=0
bMaximizeWaveColor=0
bTexWrap=1
bDarkenCenter=0
bRedBlueStereo=0
bBrighten=1
bDarken=0
bSolarize=0
bInvert=1
fWaveAlpha=0.001306
fWaveScale=0.102221
fWaveSmoothing=0.000000
fWaveParam=-0.250000
fModWaveAlphaStart=0.750000
fModWaveAlphaEnd=0.950000
fWarpAnimSpeed=1.000000
fWarpScale=1.000000
fZoomExponent=1.000000
fShader=0.000000
zoom=1.000000
rot=0.000000
cx=0.500000
cy=0.500000
dx=0.000000
dy=0.000000
warp=0.010000
sx=1.000000
sy=0.990097
wave_r=0.000000
wave_g=0.000000
wave_b=0.000000
wave_x=0.500000
wave_y=0.500000
ob_size=0.010000
ob_r=0.000000
ob_g=0.000000
ob_b=0.000000
ob_a=0.000000
ib_size=0.015000
ib_r=1.000000
ib_g=1.000000
ib_b=0.830000
ib_a=1.000000
nMotionVectorsX=64.000000
nMotionVectorsY=48.000000
mv_dx=0.000000
mv_dy=0.000000
mv_l=0.200000
mv_r=1.000000
mv_g=0.800000
mv_b=0.600000
mv_a=0.120000
per_frame_1=wave_b=bass*2;
per_frame_2=wave_g=mid*4;
per_frame_3=wave_r=treb*0.6;
per_frame_4=warp=1
per_pixel_1=xd=(x-0.5)*2;yd=(y-0.5)*2;
per_pixel_2=zoom=1+(( (sin( (x*28)+time  )/28) + (cos( (y*28)+time )/28) ) *0.4   );
per_pixel_3=rot=sin(rad+time)*0.1
