[preset00] 
fRating=3.000000 
fGammaAdj=2.000000 
fDecay=0.990000 
fVideoEchoZoom=2.000000 
fVideoEchoAlpha=0.000000 
nVideoEchoOrientation=0 
nWaveMode=0 
bAdditiveWaves=0 
bWaveDots=0 
bModWaveAlphaByVolume=0 
bMaximizeWaveColor=1 
bTexWrap=1 
bDarkenCenter=0 
bMotionVectorsOn=0 
bRedBlueStereo=0 
nMotionVectorsX=0 
nMotionVectorsY=48 
bBrighten=0 
bDarken=0 
bSolarize=0 
bInvert=0 
fWaveAlpha=0.800000 
fWaveScale=3.072676 
fWaveSmoothing=0.900000 
fWaveParam=1.000000 
fModWaveAlphaStart=0.750000 
fModWaveAlphaEnd=0.950000 
fWarpAnimSpeed=1.082800 
fWarpScale=1.000000 
fZoomExponent=1.040600 
fShader=1.000000 
zoom=1.020000 
rot=0.000000 
cx=0.500000 
cy=1.459999 
dx=0.000000 
dy=-0.040000 
warp=1.030301 
sx=0.923400 
sy=1.000000 
wave_r=0.199900 
wave_g=0.199900 
wave_b=0.799900 
wave_x=0.500000 
wave_y=0.500000 
