[preset00]
fRating=0.250000
fGammaAdj=1.750000
fDecay=0.900000
fVideoEchoZoom=1.000000
fVideoEchoAlpha=0.500000
nVideoEchoOrientation=0
nWaveMode=5
bAdditiveWaves=1
bWaveDots=0
bWaveThick=1
bModWaveAlphaByVolume=1
bMaximizeWaveColor=0
bTexWrap=0
bDarkenCenter=0
bRedBlueStereo=0
bBrighten=0
bDarken=0
bSolarize=0
bInvert=0
fWaveAlpha=2.500000
fWaveScale=0.550000
fWaveSmoothing=0.900000
fWaveParam=0.000000
fModWaveAlphaStart=1.000000
fModWaveAlphaEnd=0.950000
fWarpAnimSpeed=1.000000
fWarpScale=2.000000
fZoomExponent=1.000000
fShader=0.000000
zoom=1.050000
rot=0.020000
cx=0.500000
cy=0.500000
dx=0.000000
dy=0.000000
warp=1.420000
sx=1.000000
sy=1.000000
wave_r=0.000000
wave_g=0.000000
wave_b=1.000000
wave_x=0.500000
wave_y=0.500000
ob_size=0.500000
ob_r=0.000000
ob_g=0.300000
ob_b=0.200000
ob_a=0.000000
ib_size=0.005000
ib_r=1.000000
ib_g=0.000000
ib_b=0.000000
ib_a=1.000000
nMotionVectorsX=6.400000
nMotionVectorsY=2.400000
mv_dx=0.000000
mv_dy=0.000000
mv_l=0.900000
mv_r=0.759900
mv_g=0.480000
mv_b=0.390000
mv_a=0.000000
per_frame_1=wave_r = int(rand(100))/100;
per_frame_2=wave_g = int(rand(100))/75;
per_frame_3=wave_b = int(rand(100))/50;
per_frame_4=time = time/100;
per_frame_5=zoom =zoom+pow(.8+x&.8+y,pow(.1,y))&bass;
per_frame_6=wave_mystery=.2*sin(time);
per_frame_7=bass_eff = max(max(bass,bass_att)-1,0);
per_frame_8=bass_thresh = above(bass_att,bass_thresh)*2 + (1-above(bass_att,bass_thresh))*((bass_thresh-1.3)*0.96+1.3);
per_frame_9=decay = decay - 0.05*equal(frame%16,0);
per_frame_10=rot = rot - bass_eff/bass_thresh+0.05;
per_frame_11=cx = cx + 0.110*( 0.60*sin(0.374*time) + 0.40*sin(0.294*time) );
per_frame_12=cy = cy + 0.110*( 0.60*sin(0.393*time) + 0.40*sin(0.223*time) );
per_frame_13=dx = dx - .01;
per_frame_14=dy = dy - .01;
per_frame_15=mv_r = mv_r + 0.350*( 0.60*sin(0.823*time) + 0.40*sin(0.916*time) );
per_frame_16=mv_g = mv_g + 0.350*( 0.60*sin(0.900*time) + 0.40*sin(1.023*time) );
per_frame_17=mv_b = mv_b + 0.350*( 0.60*sin(0.808*time) + 0.40*sin(0.949*time) );
per_frame_18=dx = 0.05 * sin(time * 1.9);
per_frame_19=dy = dy + 0.01;
per_frame_20=ob_size = bass;
per_frame_21=ib_a = 1-bass_eff;
per_frame_22=ib_r = 1-wave_r;
per_frame_23=ib_b = 1-wave_g;
per_frame_24=ib_g = 1-wave_b;
per_frame_25=wave_a =bass-treb;
per_pixel_1=sy=sy-0.05*log10(y*5+0.3*treb_att);
per_pixel_2=sx = sx + if(below(y,0.9), if(above(1-rad,0.7*(1+bass_att/30)), 0.125*sin(rad*ang*5*time)+0.5, 0), 0);
per_pixel_3=zoom=zoom-0.03*sin((x*2-1)*4+time*1.63)+0.03*sin((y*2-1)*3+time*1.37)-0.1*sin(rad*0.1+time*1.6);
per_pixel_4=ray = pow(rad,1.85)+.037;
