[preset00]
fRating=3.500000
fGammaAdj=1.000000
fDecay=0.985000
fVideoEchoZoom=0.999600
fVideoEchoAlpha=0.500000
nVideoEchoOrientation=1
nWaveMode=3
bAdditiveWaves=1
bWaveDots=0
bWaveThick=0
bModWaveAlphaByVolume=1
bMaximizeWaveColor=1
bTexWrap=1
bDarkenCenter=1
bRedBlueStereo=0
bBrighten=0
bDarken=0
bSolarize=0
bInvert=0
fWaveAlpha=1.005730
fWaveScale=0.535239
fWaveSmoothing=0.000000
fWaveParam=0.000000
fModWaveAlphaStart=1.489999
fModWaveAlphaEnd=0.750000
fWarpAnimSpeed=1.000000
fWarpScale=1.007348
fZoomExponent=0.225200
fShader=0.000000
zoom=1.009495
rot=0.000000
cx=0.020000
cy=0.020000
dx=1.000000
dy=-0.000005
warp=1.001829
sx=1.000000
sy=1.000000
wave_r=0.000000
wave_g=0.000000
wave_b=0.000000
wave_x=0.500000
wave_y=0.500000
ob_size=0.005000
ob_r=1.000000
ob_g=1.000000
ob_b=1.000000
ob_a=1.000000
ib_size=0.030000
ib_r=0.000000
ib_g=0.000000
ib_b=0.000000
ib_a=1.000000
nMotionVectorsX=64.000000
nMotionVectorsY=48.000000
mv_dx=0.000000
mv_dy=0.000000
mv_l=0.050000
mv_r=0.300000
mv_g=0.500000
mv_b=0.700000
mv_a=1.000000
per_frame_1=wave_r = wave_r + 0.350*( 0.60*sin(0.825*time) + 0.40*sin(0.915*time) );
per_frame_2=wave_g = wave_g + 0.350*( 0.60*sin(0.900*time) + 0.40*sin(1.025*time) );
per_frame_3=wave_b = wave_b + 0.350*( 0.60*sin(0.810*time) + 0.40*sin(0.950*time) );
per_frame_4=warp=zoomexp;
per_frame_5=zoom=zoom+sqrt(bass_att-1.25)*0.115;
per_frame_6=zoomexp=zoomexp-(sqrt(ang+ang));
per_frame_7=decay = decay - 0.01*equal(frame%60,0);
per_frame_8=wave_x = 0.5;
per_frame_9=wave_y = 0.5;
per_frame_10=bass_thresh = above(bass_att,bass_thresh)*2 + (1-above(bass_att,bass_thresh))*((bass_thresh-1.3)*0.96+1.3);
per_frame_11=ob_r=bass_thresh;
per_frame_12=ob_g=bass_att;
per_frame_13=ob_b=treb_att;
per_frame_14=mv_a = zoom;
per_pixel_1=zoom=zoom+(bass_att+treb_att-3)*0.1;
