[preset00]
fGammaAdj=2.000000
fDecay=0.990000
fVideoEchoZoom=2.000000
fVideoEchoAlpha=0.000000
nVideoEchoOrientation=0
nWaveMode=0
bAdditiveWaves=0
bWaveDots=0
bModWaveAlphaByVolume=0
bMaximizeWaveColor=1
bTexWrap=1
bDarkenCenter=0
bMotionVectorsOn=0
nMotionVectorsX=12
nMotionVectorsY=9
fWaveAlpha=0.500000
fWaveScale=71.269997
fWaveSmoothing=0.500000
fWaveParam=0.000000
fModWaveAlphaStart=0.750000
fModWaveAlphaEnd=0.950000
fWarpAnimSpeed=1.000000
fWarpScale=2.853000
fZoomExponent=3.600000
fShader=0.000000
zoom=1.014000
rot=-0.020000
cx=0.500000
cy=0.500000
dx=0.000000
dy=0.000000
warp=0.309000
sx=1.000000
sy=1.000000
wave_r=0.600000
wave_g=0.600000
wave_b=0.600000
wave_x=0.500000
wave_y=0.470000
per_frame_1=zoom = zoom + 0.023*( 0.60*sin(0.339*time) + 0.40*sin(0.276*time) );
per_frame_2=rot = rot + 0.030*( 0.60*sin(0.381*time) + 0.40*sin(0.579*time) );
per_pixel_1=rot=rot+0.04*rad*cos(ang*4+time*1.9);
bRedBlueStereo=1