[preset00]
fRating=3.000000
fGammaAdj=1.000000
fDecay=0.990000
fVideoEchoZoom=1.348520
fVideoEchoAlpha=0.500000
nVideoEchoOrientation=0
nWaveMode=3
bAdditiveWaves=0
bWaveDots=1
bWaveThick=0
bModWaveAlphaByVolume=0
bMaximizeWaveColor=0
bTexWrap=0
bDarkenCenter=1
bRedBlueStereo=0
bBrighten=0
bDarken=0
bSolarize=0
bInvert=0
fWaveAlpha=1.000416
fWaveScale=0.294622
fWaveSmoothing=0.000000
fWaveParam=0.000000
fModWaveAlphaStart=1.000000
fModWaveAlphaEnd=1.000000
fWarpAnimSpeed=1.000000
fWarpScale=1.000000
fZoomExponent=1.000158
fShader=1.000000
zoom=1.000200
rot=0.040000
cx=0.500000
cy=0.500000
dx=0.000000
dy=0.000000
warp=0.010000
sx=1.030301
sy=1.020100
wave_r=0.000000
wave_g=0.500000
wave_b=0.900000
wave_x=0.500000
wave_y=0.500000
ob_size=0.150000
ob_r=0.000000
ob_g=0.200000
ob_b=0.400000
ob_a=0.000000
ib_size=0.005000
ib_r=0.250000
ib_g=0.150000
ib_b=0.550000
ib_a=1.000000
nMotionVectorsX=19.199995
nMotionVectorsY=14.400000
mv_dx=0.000000
mv_dy=0.000000
mv_l=1.500000
mv_r=0.000000
mv_g=0.000000
mv_b=0.000000
mv_a=0.000000
per_frame_1=wave_r = wave_r + 0.350*( 0.60*sin(0.825*time) + 0.40*sin(0.915*time) );
per_frame_2=wave_g = wave_g + 0.350*( 0.60*sin(0.900*time) + 0.40*sin(1.025*time) );
per_frame_3=wave_b = wave_b + 0.350*( 0.60*sin(0.810*time) + 0.40*sin(0.950*time) );
per_frame_4=ib_r = max(min(0.5+wave_g,0.99),0);
per_frame_5=ib_b = max(min(0.5+wave_b,0.99),0);
per_frame_6=ib_g = max(min(0.5+wave_r,0.99),0);
per_frame_7=brot=brot+bass;
per_frame_8=mrot=mrot+mid;
per_frame_9=wx=if(above(treb,2),.1*(frame%8)+.2,wx);
per_frame_10=wr=if(above(mid,2),sin(frame),wr);
per_frame_11=wave_x=wx;
per_frame_12=wave_mystery=wr;
per_frame_13=mtrot=mtrot+mid+treb;
per_frame_14=q1=.02*mtrot;
per_frame_15=ob_size = 0.175 * sin(0.107 * brot) + sin (0.118 * time) + bass;
per_frame_16=ib_size = (ob_size / 8 * sin (bass));
per_frame_17=rot = -0.03 * pow (max (1, bass), 3);
per_frame_18=sx = sx - 0.05 * bass_att;
per_frame_19=ib_a=min(1,.2*(bass+mid));
per_pixel_1=dx=.01*sin((20+10*sin(q1*1.5))*(y+.2*sin(q1*.7)))*bass;
per_pixel_2=dy=.01*sin((20+10*sin(q1))*(x+.2*sin(q1*.77)))*bass;
