[preset00]
fRating=3.000000
fGammaAdj=1.000000
fDecay=0.993000
fVideoEchoZoom=7.523862
fVideoEchoAlpha=0.880000
nVideoEchoOrientation=0
nWaveMode=6
bAdditiveWaves=1
bWaveDots=1
bModWaveAlphaByVolume=0
bMaximizeWaveColor=0
bTexWrap=1
bDarkenCenter=0
bRedBlueStereo=0
bBrighten=1
bDarken=0
bSolarize=0
bInvert=0
fWaveAlpha=2.518211
fWaveScale=2.594509
fWaveSmoothing=0.180000
fWaveParam=0.000000
fModWaveAlphaStart=0.550000
fModWaveAlphaEnd=2.000000
fWarpAnimSpeed=1.530000
fWarpScale=1.731000
fZoomExponent=0.998170
fShader=0.000000
zoom=1.000223
rot=0.000000
cx=0.500000
cy=0.500000
dx=0.000000
dy=0.000000
warp=0.140100
sx=1.006000
sy=0.999900
wave_r=1.000000
wave_g=0.500000
wave_b=0.500000
wave_x=0.500000
wave_y=0.500000
ob_size=0.010000
ob_r=0.000000
ob_g=0.000000
ob_b=0.000000
ob_a=0.000000
ib_size=0.010000
ib_r=0.250000
ib_g=0.250000
ib_b=0.250000
ib_a=0.000000
nMotionVectorsX=64.000000
nMotionVectorsY=48.000000
mv_l=0.900000
mv_r=0.500000
mv_g=0.600000
mv_b=0.600000
mv_a=1.000000
per_frame_1=warp=0;
per_frame_2=mv_r = sin(8*time)*0.5+0.5;
per_frame_3=mv_x = sin(time*3)*4 + 60;
per_frame_4=mv_y = sin(time*5)*5 + 43;
per_frame_5=wave_r = sin(time*56)*0.5+0.5;
