[preset00]
fRating=0.000000
fGammaAdj=1.000000
fDecay=0.999000
fVideoEchoZoom=0.999609
fVideoEchoAlpha=0.500000
nVideoEchoOrientation=1
nWaveMode=3
bAdditiveWaves=1
bWaveDots=0
bModWaveAlphaByVolume=1
bMaximizeWaveColor=0
bTexWrap=1
bDarkenCenter=0
bRedBlueStereo=0
bBrighten=0
bDarken=0
bSolarize=0
bInvert=0
fWaveAlpha=100.000000
fWaveScale=7.523895
fWaveSmoothing=0.900000
fWaveParam=0.000000
fModWaveAlphaStart=0.710000
fModWaveAlphaEnd=1.300000
fWarpAnimSpeed=1.000000
fWarpScale=1.331000
fZoomExponent=1.000000
fShader=1.000000
zoom=1.000000
rot=0.000000
cx=2.000000
cy=2.000000
dx=0.000000
dy=0.000000
warp=0.010000
sx=1.010000
sy=0.999998
wave_r=0.650000
wave_g=0.650000
wave_b=0.650000
wave_x=0.200000
wave_y=0.500000
ob_size=0.000000
ob_r=0.010000
ob_g=0.000000
ob_b=0.000000
ob_a=0.100000
ib_size=0.000000
ib_r=1.000000
ib_g=1.000000
ib_b=0.250000
ib_a=0.000000
nMotionVectorsX=3.840000
nMotionVectorsY=21.600025
mv_l=0.000000
mv_r=0.000000
mv_g=0.000000
mv_b=0.000000
mv_a=1.000000
per_frame_1=mv_l = 1500 + 1000*bass;
per_frame_2=mv_r = bass * 0.343;
per_frame_3=mv_b = mid * 0.865;
per_frame_4=mv_g = treb * 0.434;
per_frame_5=bass_effect = max(max(bass,bass_att)-1.3,0);
per_frame_6=decay = if(above(bass_effect,0),0.99-0.1*bass_effect,0.998);
per_frame_7=wave_r = wave_r - 0.6*sin(time);
per_frame_8=wave_b = 0.1 + abs(cos(time)/4);
per_frame_9=wave_g = wave_g + atan(2*time)/6;
