[preset00]
fRating=3.000000
fGammaAdj=1.000000
fDecay=0.990000
fVideoEchoZoom=1.006596
fVideoEchoAlpha=0.000000
nVideoEchoOrientation=3
nWaveMode=6
bAdditiveWaves=1
bWaveDots=0
bModWaveAlphaByVolume=1
bMaximizeWaveColor=0
bTexWrap=0
bDarkenCenter=0
bRedBlueStereo=0
bBrighten=0
bDarken=0
bSolarize=0
bInvert=0
fWaveAlpha=100.000000
fWaveScale=0.193551
fWaveSmoothing=0.450000
fWaveParam=0.400000
fModWaveAlphaStart=0.710000
fModWaveAlphaEnd=1.300000
fWarpAnimSpeed=1.000000
fWarpScale=1.331000
fZoomExponent=1.030301
fShader=0.000000
zoom=1.093138
rot=-0.020000
cx=0.500000
cy=0.500000
dx=0.000000
dy=0.000000
warp=0.743278
sx=1.000000
sy=1.000000
wave_r=0.000000
wave_g=0.000000
wave_b=0.000000
wave_x=0.000000
wave_y=0.000000
ob_size=0.500000
ob_r=0.010000
ob_g=0.000000
ob_b=0.000000
ob_a=0.000000
ib_size=0.260000
ib_r=0.250000
ib_g=0.250000
ib_b=0.250000
ib_a=0.000000
nMotionVectorsX=21.599998
nMotionVectorsY=13.319996
mv_l=3.349900
mv_r=1.000000
mv_g=1.000000
mv_b=1.000000
mv_a=0.990000
per_frame_1=mv_x = bass_att*30;
per_frame_2=mv_y = 100-bass_att*4;
per_frame_3=mv_r = bass_att;
per_frame_4=mv_g = 1-treb_att;
per_frame_5=mv_b = 1-mid_att;
per_frame_6=zoom = zoom + 0.013*( 0.60*sin(0.339*time) + 0.40*sin(0.276*time) );
per_frame_7=rot = rot + 0.040*( 0.60*sin(0.381*time) + 0.40*sin(0.579*time) );
per_frame_8=cx = cx + 0.110*( 0.60*sin(0.344*time) + 0.40*sin(0.294*time) );
per_frame_9=cy = cy + 0.110*( 0.60*sin(0.313*time) + 0.40*sin(0.223*time) );
per_pixel_1=zoom= zoom + 0.2*log(sqrt(2)-rad);
per_pixel_2=zoom = zoom -  0.05*atan2(x,y);
per_pixel_3=rot = rot+zoom-1;
