[preset00]
fRating=3.000000
fGammaAdj=1.350000
fDecay=0.999000
fVideoEchoZoom=4.522532
fVideoEchoAlpha=0.500000
nVideoEchoOrientation=1
nWaveMode=1
bAdditiveWaves=1
bWaveDots=0
bModWaveAlphaByVolume=0
bMaximizeWaveColor=0
bTexWrap=0
bDarkenCenter=0
bMotionVectorsOn=0
bRedBlueStereo=0
nMotionVectorsX=12
nMotionVectorsY=9
bBrighten=0
bDarken=0
bSolarize=0
bInvert=0
fWaveAlpha=4.099998
fWaveScale=0.944483
fWaveSmoothing=0.630000
fWaveParam=-0.140000
fModWaveAlphaStart=0.710000
fModWaveAlphaEnd=1.300000
fWarpAnimSpeed=1.000000
fWarpScale=1.331000
fZoomExponent=1.000000
fShader=0.000000
zoom=0.999514
rot=0.000000
cx=0.500000
cy=0.500000
dx=0.000000
dy=0.000000
warp=0.010000
sx=1.000000
sy=1.000000
wave_r=0.000000
wave_g=0.000000
wave_b=0.000000
wave_x=0.500000
wave_y=0.500000
ob_size=0.500000
ob_r=0.010000
ob_g=0.000000
ob_b=0.000000
ob_a=0.000000
ib_size=0.260000
ib_r=0.250000
ib_g=0.250000
ib_b=0.250000
ib_a=0.000000
per_frame_1=wave_r=bass_att;
per_frame_2=wave_g=treb_att
per_pixel_1=zoom=1+(0.1*rad);
per_pixel_2=rot=bass_att*(sin(rad*(time*(0.001*bass_att)))-(0.5*sin(bass)));
per_pixel_3=decay=1-( 0.0001*min(max(bass_att-1,0),1) )
