[preset00]
fRating=2.000000
fGammaAdj=2.000992
fDecay=0.900000
fVideoEchoZoom=2.000000
fVideoEchoAlpha=0.290000
nVideoEchoOrientation=0
nWaveMode=3
bAdditiveWaves=0
bWaveDots=0
bModWaveAlphaByVolume=1
bMaximizeWaveColor=0
bTexWrap=0
bDarkenCenter=1
bMotionVectorsOn=0
bRedBlueStereo=0
nMotionVectorsX=1
nMotionVectorsY=2
bBrighten=0
bDarken=0
bSolarize=0
bInvert=0
fWaveAlpha=100.000000
fWaveScale=0.404374
fWaveSmoothing=0.000000
fWaveParam=1.000000
fModWaveAlphaStart=1.100000
fModWaveAlphaEnd=2.000000
fWarpAnimSpeed=1.000000
fWarpScale=4.574824
fZoomExponent=100.000000
fShader=1.000000
zoom=0.869789
rot=0.000000
cx=0.500000
cy=0.500000
dx=0.005000
dy=0.000000
warp=1.567673
sx=1.000000
sy=1.000000
wave_r=0.700000
wave_g=0.300000
wave_b=0.300000
wave_x=0.500000
wave_y=0.500000
ob_size=0.010000
ob_r=0.000000
ob_g=0.000000
ob_b=0.000000
ob_a=0.000000
ib_size=0.040000
ib_r=0.250000
ib_g=0.250000
ib_b=0.250000
ib_a=0.190000
per_frame_1=zoom=zoom*(bass_att);
per_frame_2=rot=0.2*(treb_att)-(0.3*(sin(treb)));
per_frame_3=wave_b=(bass_att)-1;
per_frame_4=wave_g=(treb_att)-1;
per_frame_5=wave_r=2*(mid)-0.2*(max(wave_b,wave_g))
