[preset00]
fRating=3.000000
fGammaAdj=1.000000
fDecay=1.000000
fVideoEchoZoom=0.999833
fVideoEchoAlpha=0.000000
nVideoEchoOrientation=0
nWaveMode=2
bAdditiveWaves=1
bWaveDots=1
bWaveThick=1
bModWaveAlphaByVolume=1
bMaximizeWaveColor=0
bTexWrap=1
bDarkenCenter=1
bRedBlueStereo=0
bBrighten=1
bDarken=0
bSolarize=0
bInvert=0
fWaveAlpha=4.099998
fWaveScale=0.999596
fWaveSmoothing=0.500400
fWaveParam=0.000000
fModWaveAlphaStart=0.390000
fModWaveAlphaEnd=1.540000
fWarpAnimSpeed=1.000000
fWarpScale=1.331000
fZoomExponent=1.000000
fShader=0.000000
zoom=1.138000
rot=0.000000
cx=0.500000
cy=0.500000
dx=0.000000
dy=0.000000
warp=0.010000
sx=1.000000
sy=1.000000
wave_r=0.650000
wave_g=0.650000
wave_b=0.650000
wave_x=0.500000
wave_y=0.500000
ob_size=0.500000
ob_r=0.010000
ob_g=0.000000
ob_b=0.000000
ob_a=0.000000
ib_size=0.000000
ib_r=0.250000
ib_g=0.250000
ib_b=0.250000
ib_a=0.000000
nMotionVectorsX=18.762955
nMotionVectorsY=12.864544
mv_dx=0.000000
mv_dy=0.000000
mv_l=0.572922
mv_r=1.000000
mv_g=1.000000
mv_b=1.000000
mv_a=0.000000
per_frame_1=warp=0;
per_pixel_1=rot=sin(rad*bass*5)*.1;
per_pixel_2=rot=if(above(rot,.05),-rot,rot);
