[preset00]
fRating=3.000000
fGammaAdj=1.000000
fDecay=0.920000
fVideoEchoZoom=0.687885
fVideoEchoAlpha=0.000000
nVideoEchoOrientation=1
nWaveMode=5
bAdditiveWaves=1
bWaveDots=1
bWaveThick=1
bModWaveAlphaByVolume=1
bMaximizeWaveColor=0
bTexWrap=1
bDarkenCenter=0
bRedBlueStereo=0
bBrighten=1
bDarken=0
bSolarize=0
bInvert=0
fWaveAlpha=5.472163
fWaveScale=1.972313
fWaveSmoothing=0.000000
fWaveParam=-1.000000
fModWaveAlphaStart=0.710000
fModWaveAlphaEnd=1.300000
fWarpAnimSpeed=1.000000
fWarpScale=14.497856
fZoomExponent=1.000000
fShader=0.000000
zoom=2.905229
rot=-0.000000
cx=0.500000
cy=0.500000
dx=0.000000
dy=0.000000
warp=0.010000
sx=0.999834
sy=0.999999
wave_r=0.650000
wave_g=0.650000
wave_b=0.650000
wave_x=0.500000
wave_y=0.500000
ob_size=0.000000
ob_r=0.380000
ob_g=0.000000
ob_b=0.000000
ob_a=0.000000
ib_size=0.090000
ib_r=1.000000
ib_g=0.250000
ib_b=0.250000
ib_a=1.000000
nMotionVectorsX=30.047899
nMotionVectorsY=30.023979
mv_dx=-0.000000
mv_dy=0.000000
mv_l=2.449900
mv_r=0.000000
mv_g=0.800000
mv_b=0.600000
mv_a=0.000000
per_frame_1=ci=abs(sin(time*7))+.2;
per_frame_2=ib_r=sin(time*6)*ci;
per_frame_3=ib_g=sin(time*6.15342)*ci;
per_frame_4=ib_b=sin(time*6.7438)*ci;
per_frame_5=zoom=bass*.75;
per_frame_6=rot=mid_att;
