[preset00]
fRating=3.000000
fGammaAdj=1.000000
fDecay=0.925000
fVideoEchoZoom=1.244714
fVideoEchoAlpha=0.000000
nVideoEchoOrientation=3
nWaveMode=1
bAdditiveWaves=1
bWaveDots=0
bWaveThick=1
bModWaveAlphaByVolume=1
bMaximizeWaveColor=1
bTexWrap=1
bDarkenCenter=0
bRedBlueStereo=0
bBrighten=0
bDarken=0
bSolarize=0
bInvert=0
fWaveAlpha=4.099998
fWaveScale=0.838178
fWaveSmoothing=0.000000
fWaveParam=0.000000
fModWaveAlphaStart=0.710000
fModWaveAlphaEnd=1.300000
fWarpAnimSpeed=1.000000
fWarpScale=1.331000
fZoomExponent=1.000000
fShader=0.000000
zoom=1.149474
rot=0.000000
cx=0.500000
cy=0.500000
dx=0.000000
dy=0.000000
warp=0.010000
sx=1.000000
sy=1.000000
wave_r=0.650000
wave_g=0.650000
wave_b=0.650000
wave_x=0.500000
wave_y=0.500000
ob_size=0.065000
ob_r=0.430000
ob_g=0.000000
ob_b=0.000000
ob_a=0.980000
ib_size=0.260000
ib_r=0.250000
ib_g=0.250000
ib_b=0.250000
ib_a=0.000000
nMotionVectorsX=3.615999
nMotionVectorsY=3.720001
mv_dx=0.000000
mv_dy=0.000000
mv_l=0.350000
mv_r=1.000000
mv_g=1.000000
mv_b=1.000000
mv_a=0.170000
per_frame_1=wave_r=wave_r+sin(time * 1.254243);
per_frame_2=wave_g=wave_g+sin(time * 1.54243);
per_frame_3=wave_b=wave_b+sin(time * 1.4243);
per_pixel_1=zoom = zoom+rad-1.95+(sin(time/2.421)-.3)*.4;
per_pixel_2=rot = (sin(x)+cos(y))*sin(time*2.5)/5;
