[preset00]
fRating=2.000000
fGammaAdj=1.700000
fDecay=0.979000
fVideoEchoZoom=1.011911
fVideoEchoAlpha=0.011297
nVideoEchoOrientation=3
nWaveMode=5
bAdditiveWaves=1
bWaveDots=0
bWaveThick=0
bModWaveAlphaByVolume=0
bMaximizeWaveColor=1
bTexWrap=1
bDarkenCenter=0
bRedBlueStereo=0
bBrighten=0
bDarken=0
bSolarize=0
bInvert=0
fWaveAlpha=4.085551
fWaveScale=4.118385
fWaveSmoothing=0.810000
fWaveParam=0.809002
fModWaveAlphaStart=0.707946
fModWaveAlphaEnd=1.298106
fWarpAnimSpeed=0.997554
fWarpScale=1.337923
fZoomExponent=1.691300
fShader=0.009412
zoom=1.056700
rot=0.018800
cx=-0.013000
cy=0.495800
dx=0.002131
dy=-0.003700
warp=0.178313
sx=0.992700
sy=1.018800
wave_r=0.435777
wave_g=0.216881
wave_b=0.031711
wave_x=0.500295
wave_y=0.502823
ob_size=0.000000
ob_r=0.722170
ob_g=0.638340
ob_b=0.300415
ob_a=0.000000
ib_size=0.000000
ib_r=0.423335
ib_g=0.955441
ib_b=0.774831
ib_a=0.000000
nMotionVectorsX=0.000000
nMotionVectorsY=0.000000
mv_dx=-0.617033
mv_dy=-0.391616
mv_l=2.219923
mv_r=0.778354
mv_g=0.351503
mv_b=0.390785
mv_a=0.000000
per_pixel_1=zoom=(zoom-1.0)*sin(rad)+.98;
