[preset00]
fRating=3.000000
fGammaAdj=1.000000
fDecay=0.999000
fVideoEchoZoom=0.999609
fVideoEchoAlpha=0.500000
nVideoEchoOrientation=3
nWaveMode=5
bAdditiveWaves=1
bWaveDots=1
bModWaveAlphaByVolume=0
bMaximizeWaveColor=1
bTexWrap=0
bDarkenCenter=0
bRedBlueStereo=0
bBrighten=0
bDarken=0
bSolarize=0
bInvert=0
fWaveAlpha=100.000000
fWaveScale=1.074097
fWaveSmoothing=0.900000
fWaveParam=1.000000
fModWaveAlphaStart=1.000000
fModWaveAlphaEnd=1.300000
fWarpAnimSpeed=1.000000
fWarpScale=1.331000
fZoomExponent=1.000000
fShader=0.000000
zoom=0.999500
rot=0.000000
cx=0.500000
cy=0.500000
dx=-0.001000
dy=0.000000
warp=0.294622
sx=0.999999
sy=1.000000
wave_r=0.650000
wave_g=0.650000
wave_b=0.650000
wave_x=0.500000
wave_y=0.500000
ob_size=0.100000
ob_r=0.010000
ob_g=0.700000
ob_b=0.000000
ob_a=0.000000
ib_size=0.300000
ib_r=0.650000
ib_g=0.650000
ib_b=0.250000
ib_a=0.000000
nMotionVectorsX=31.999994
nMotionVectorsY=24.000004
mv_l=0.900000
mv_r=0.000000
mv_g=1.000000
mv_b=1.000000
mv_a=0.000000
per_frame_1=zoom=if(above(bass_att,1.4),0.99,1.055);
per_frame_2=wave_x=wave_x+0.25*sin(3*time)*sin(0.5*time);
per_frame_3=wave_y=wave_y+0.32*cos(3*time)*sin(0.5*time);
per_frame_4=wave_r=abs(sin(time*0.7));
per_frame_5=wave_g=abs(sin(time*0.8));
per_frame_6=wave_b=abs(wave_b+sin(time*0.9));
per_frame_7=decay=if(above(sin(time),0.7),1,0.98);
per_frame_8=monitor=wave_r;
