[preset00]
fRating=2.000000
fGammaAdj=1.000000
fDecay=1.000000
fVideoEchoZoom=4.053647
fVideoEchoAlpha=0.000000
nVideoEchoOrientation=3
nWaveMode=0
bAdditiveWaves=0
bWaveDots=1
bWaveThick=1
bModWaveAlphaByVolume=0
bMaximizeWaveColor=0
bTexWrap=1
bDarkenCenter=0
bRedBlueStereo=0
bBrighten=0
bDarken=0
bSolarize=0
bInvert=0
fWaveAlpha=100.000000
fWaveScale=0.010000
fWaveSmoothing=0.000000
fWaveParam=-0.440000
fModWaveAlphaStart=0.710000
fModWaveAlphaEnd=1.300000
fWarpAnimSpeed=0.671653
fWarpScale=1.000355
fZoomExponent=0.900000
fShader=0.000000
zoom=0.999514
rot=0.000000
cx=0.500000
cy=0.500000
dx=0.000000
dy=0.000000
warp=0.010000
sx=1.000000
sy=1.000000
wave_r=0.800000
wave_g=0.000000
wave_b=1.000000
wave_x=0.500000
wave_y=0.500000
ob_size=0.030000
ob_r=0.000000
ob_g=0.000000
ob_b=0.000000
ob_a=1.000000
ib_size=0.010000
ib_r=1.000000
ib_g=1.000000
ib_b=1.000000
ib_a=1.000000
nMotionVectorsX=64.000000
nMotionVectorsY=48.000000
mv_dx=0.000000
mv_dy=0.000000
mv_l=1.000000
mv_r=1.000000
mv_g=1.000000
mv_b=1.000000
mv_a=0.000000
per_frame_1=wave_r=0.55+0.25*sin(time);
per_frame_2=wave_b=0.55+0.25*cos(time);
per_frame_3=
per_frame_4=ob_r=0.85*abs(sin(time*0.2));
per_frame_5=ob_g=0.85*abs(sin(time*0.3));
per_frame_6=ob_b=0.85*abs(sin(time*0.4));
per_frame_7=
per_frame_8=zmena=above(bass_att,1.1);
per_frame_9=
per_frame_10=x=zmena*int(rand(100*(1-delka_x)))/100+x*(1-zmena);
per_frame_11=y=zmena*int(rand(100*(1-delka_y)))/100+y*(1-zmena);
per_frame_12=
per_frame_13=//ib_size=zmena*int(rand(50))*0.01+ob_size*(1-zmena);
per_frame_14=
per_frame_15=wave_x=x+delka_x*0.5;
per_frame_16=wave_y=1-y-delka_y*0.5;
per_frame_17=
per_frame_18=q1=x; q2=y; q3=delka_x; q4=delka_y;
per_frame_19=
per_frame_20=//rot=(0.5-abs(sin(time*0.2)))*0.2;
per_pixel_1=action=above(x,q1)*below(x,q1+q3)*above(y,q2)*below(y,q2+q4);
per_pixel_2=zoom=0.95+0.3*action;
per_frame_init_1=delka_x=0.03;
per_frame_init_2=delka_y=0.04;
per_frame_init_3=x=0.4;
per_frame_init_4=y=0.4;
