[preset00]
fRating=4.000000
fGammaAdj=3.100000
fDecay=0.935900
fVideoEchoZoom=1.674618
fVideoEchoAlpha=1.000000
nVideoEchoOrientation=3
nWaveMode=0
bAdditiveWaves=1
bWaveDots=0
bWaveThick=1
bModWaveAlphaByVolume=1
bMaximizeWaveColor=0
bTexWrap=1
bDarkenCenter=0
bRedBlueStereo=0
bBrighten=0
bDarken=0
bSolarize=0
bInvert=0
fWaveAlpha=4.099998
fWaveScale=0.010000
fWaveSmoothing=0.630000
fWaveParam=-0.380000
fModWaveAlphaStart=1.000000
fModWaveAlphaEnd=1.100000
fWarpAnimSpeed=1.000000
fWarpScale=0.010000
fZoomExponent=1.008148
fShader=0.000000
zoom=1.001800
rot=0.000000
cx=0.500000
cy=0.500000
dx=0.000000
dy=0.000000
warp=0.010000
sx=1.001829
sy=100.000000
wave_r=1.000000
wave_g=0.650000
wave_b=0.650000
wave_x=0.500000
wave_y=0.500000
ob_size=0.000000
ob_r=0.000000
ob_g=0.000000
ob_b=0.000000
ob_a=0.000000
ib_size=0.000000
ib_r=0.000000
ib_g=0.000000
ib_b=0.000000
ib_a=1.000000
nMotionVectorsX=3.840000
nMotionVectorsY=6.600001
mv_dx=1.000000
mv_dy=0.000000
mv_l=5.000000
mv_r=1.000000
mv_g=1.000000
mv_b=1.000000
mv_a=0.000000
per_frame_1=
per_frame_2=
per_frame_3=doen=above(bass,1.2);
per_frame_4=doen2=doen+(doen2*.9);
per_frame_5=
per_frame_6=monitor=doen2;
per_frame_7=rot=above(doen,0);
per_frame_8=decay=1-(doen2*.05);
per_frame_9=
per_frame_10=wave_x=sin(time)*.2+.5;
per_frame_11=wave_y=cos(time)*.2+.5;
per_frame_12=
per_frame_13=warp=0;
per_frame_14=//zoom=0.998;
per_frame_15=
per_frame_16=dx=0;
per_frame_17=dy=0;
per_frame_18=sx=1;
per_frame_19=sy=1;
per_frame_20=wave_r = sin(time*.4)*.99;
per_frame_21=wave_g = sin(time*.6)*.99;
per_frame_22=wave_b = sin(time*.7)*.99;
per_frame_23=
per_frame_24=
per_frame_25=
