[preset00]
fGammaAdj=1.160000
fDecay=1.000000
fVideoEchoZoom=2.000000
fVideoEchoAlpha=0.000000
nVideoEchoOrientation=0
nWaveMode=0
bAdditiveWaves=0
bWaveDots=1
bModWaveAlphaByVolume=1
bMaximizeWaveColor=1
bTexWrap=1
bDarkenCenter=1
bRedBlueStereo=0
bBrighten=0
bDarken=1
bSolarize=0
bInvert=0
fWaveAlpha=5.298400
fWaveScale=0.579587
fWaveSmoothing=0.750000
fWaveParam=-0.460000
fModWaveAlphaStart=0.750000
fModWaveAlphaEnd=0.950000
fWarpAnimSpeed=2.010432
fWarpScale=1.402577
fZoomExponent=1.072135
fShader=0.000000
zoom=4.108037
rot=1.000000
cx=0.500000
cy=0.500000
dx=0.000000
dy=0.000000
warp=1.533977
sx=1.694465
sy=1.416602
wave_r=0.500000
wave_g=0.500000
wave_b=0.500000
wave_x=0.500000
wave_y=0.500000
ob_size=0.010000
ob_r=0.000000
ob_g=0.000000
ob_b=0.000000
ob_a=0.000000
ib_size=0.010000
ib_r=0.250000
ib_g=0.250000
ib_b=0.250000
ib_a=0.000000
nMotionVectorsX=12.000000
nMotionVectorsY=9.000000
mv_l=0.900000
mv_r=1.000000
mv_g=1.000000
mv_b=1.000000
mv_a=0.000000
per_frame_1=warp = 0;
per_frame_2=wave_r = wave_r + .5*sin(time*333) + bass*.3;
per_frame_3=wave_g = wave_g + .5*sin(time*222) + treb*.01;
per_frame_4=wave_b = wave_b + .5*sin(time*111) + mid*.3;
per_frame_5=dx = dx -.0001;
per_frame_6=dy = dy - .0005;
per_frame_7=rot = .5*sin(mid_att*.1)
per_pixel_1=bass_effect = max(0,max(bass_att,bass)-1);
per_pixel_2=ray = pow(rad,1.85)+.037;
per_pixel_3=zoom = (ray/rad)*1.85+.05 + if(above(bass_effect,0),.3*sin(ang*3+time),.3*sin(ang*3+time));
