[preset00]
fRating=3.000000
fGammaAdj=1.000000
fDecay=0.985000
fVideoEchoZoom=1.089998
fVideoEchoAlpha=0.000000
nVideoEchoOrientation=0
nWaveMode=5
bAdditiveWaves=1
bWaveDots=0
bWaveThick=0
bModWaveAlphaByVolume=0
bMaximizeWaveColor=0
bTexWrap=1
bDarkenCenter=0
bRedBlueStereo=0
bBrighten=0
bDarken=0
bSolarize=0
bInvert=0
fWaveAlpha=5.053452
fWaveScale=1.628305
fWaveSmoothing=0.270000
fWaveParam=-0.380000
fModWaveAlphaStart=0.000000
fModWaveAlphaEnd=0.950000
fWarpAnimSpeed=0.608037
fWarpScale=1.220618
fZoomExponent=1.104618
fShader=0.000000
zoom=0.989628
rot=0.000000
cx=0.500000
cy=0.500000
dx=0.000000
dy=0.000000
warp=0.591235
sx=0.970590
sy=1.000000
wave_r=0.700000
wave_g=0.200000
wave_b=0.000000
wave_x=0.470000
wave_y=0.260000
ob_size=0.005000
ob_r=0.020000
ob_g=0.100000
ob_b=0.000000
ob_a=0.100000
ib_size=0.005000
ib_r=0.100000
ib_g=0.100000
ib_b=0.100000
ib_a=0.100000
nMotionVectorsX=12.000000
nMotionVectorsY=9.000000
mv_dx=0.000000
mv_dy=0.000000
mv_l=0.900000
mv_r=1.000000
mv_g=1.000000
mv_b=1.000000
mv_a=0.000000
per_frame_1=vol = (bass_att*2 + bass*3 + mid_att * 3 + treb_att*2)/20;
per_frame_2=wave_g = wave_g + vol/10 + 0.1*sin(3.21*time);
per_frame_3=wave_r = wave_r + vol/10;
per_frame_4=wave_b = vol/10;
per_frame_5=dy = dy - vol/45 + 0.015*sin(0.56*time);
per_frame_6=sx = sx - vol/50;
per_frame_7=wave_x = wave_x + vol/30;
per_frame_8=cx = cx + 0.03*( 0.60*sin(0.374*time) + 0.40*sin(0.294*time) );
per_frame_9=cy = cy + 0.03*( 0.60*sin(0.393*time) + 0.40*sin(0.223*time) );
per_frame_10=dy = dy + 0.002*( 0.60*sin(0.234*time) + 0.40*sin(0.277*time) );
per_frame_11=decay=decay-0.02*pow(0.5+0.5*sin(time*1.5),3.8);
per_frame_12=monitor = decay;
per_frame_13=//echo_alpha = 0.5 + 0.1*sin(3.32*time)+ 0.2*sin(0.743*time);
per_frame_14=ob_a = 1;
per_frame_15=ob_size = 0.005;
per_pixel_1=rot = 1*tan(.1*sin(pow(rad,0.5)*20+time)+sin(time*.222)*.1);
