[preset00]
fRating=3.000000
fGammaAdj=1.000000
fDecay=0.980000
fVideoEchoZoom=0.999608
fVideoEchoAlpha=0.000000
nVideoEchoOrientation=3
nWaveMode=5
bAdditiveWaves=1
bWaveDots=0
bModWaveAlphaByVolume=0
bMaximizeWaveColor=0
bTexWrap=0
bDarkenCenter=0
bMotionVectorsOn=0
bRedBlueStereo=0
nMotionVectorsX=2
nMotionVectorsY=2
bBrighten=0
bDarken=0
bSolarize=0
bInvert=0
fWaveAlpha=1.287560
fWaveScale=1.661034
fWaveSmoothing=0.000000
fWaveParam=-0.200000
fModWaveAlphaStart=0.750000
fModWaveAlphaEnd=0.950000
fWarpAnimSpeed=4.913790
fWarpScale=3.795043
fZoomExponent=1.000000
fShader=0.000000
zoom=1.040084
rot=0.000000
cx=0.500000
cy=0.500000
dx=0.000000
dy=0.000000
warp=0.484544
sx=1.000000
sy=1.000000
wave_r=0.500000
wave_g=0.500000
wave_b=0.500000
wave_x=0.500000
wave_y=0.500000
ob_size=0.000000
ob_r=0.000000
ob_g=0.000000
ob_b=0.000000
ob_a=0.000000
ib_size=0.000000
ib_r=0.250000
ib_g=0.250000
ib_b=0.250000
ib_a=0.000000
per_frame_1=vol = (5*bass_att + 3*mid_att + 2*treb_att)/10;
per_frame_2=wave_r = wave_r + pow(sin(time),3);
per_frame_3=wave_g = wave_g + pow(sin(1.32*time),4);
per_frame_4=wave_b = wave_b + pow(sin(2.31*time),sin(1.33*time));
per_frame_5=wave_x = wave_x + (0.1*sin(1.44*time)+ 0.065*sin(time*3.62) + 0.14*sin(0.35*time))/5;
per_frame_6=wave_y = wave_y + (0.14*sin(1.341*time)+ 0.045*sin(time*3.12) + 0.13*sin(0.45*time))/5;
per_frame_7=dx = dx + 1.8*vol*(0.006*sin(2.11*time)+0.0085*sin(0.649*time));
per_frame_8=dy = dy + 1.8*vol*(0.007*sin(2.32*time)+0.0075*sin(0.789*time));
per_frame_9=rot = rot + 0.1*sin(0.45*time);
per_frame_10=rot = rot*vol;
