[preset00]
fGammaAdj=1.700000
fDecay=0.980000
fVideoEchoZoom=0.120321
fVideoEchoAlpha=0.000000
nVideoEchoOrientation=3
nWaveMode=0
bAdditiveWaves=1
bWaveDots=0
bModWaveAlphaByVolume=1
bMaximizeWaveColor=1
bTexWrap=0
bDarkenCenter=1
bRedBlueStereo=0
bBrighten=0
bDarken=1
bSolarize=1
bInvert=1
fWaveAlpha=4.099998
fWaveScale=0.475355
fWaveSmoothing=0.630000
fWaveParam=0.060000
fModWaveAlphaStart=0.710000
fModWaveAlphaEnd=1.300000
fWarpAnimSpeed=1.000000
fWarpScale=1.331000
fZoomExponent=1.000000
fShader=1.000000
zoom=1.000000
rot=0.000000
cx=0.500000
cy=0.500000
dx=0.000000
dy=0.000000
warp=0.010000
sx=1.000000
sy=1.000000
wave_r=0.650000
wave_g=0.650000
wave_b=0.650000
wave_x=0.500000
wave_y=0.500000
ob_size=0.500000
ob_r=0.010000
ob_g=0.000000
ob_b=0.000000
ob_a=0.000000
ib_size=0.260000
ib_r=0.250000
ib_g=0.250000
ib_b=0.250000
ib_a=0.000000
nMotionVectorsX=64.000000
nMotionVectorsY=48.000000
mv_l=0.150000
mv_r=0.000000
mv_g=0.300000
mv_b=0.500000
mv_a=0.000000
per_frame_1=wave_r = 0.7 + 0.3*sin(0.31*time);
per_frame_2=wave_b = 0.3+ 0.2*sin(time*0.457);
per_frame_3=dx = dx-0.0005;
per_frame_4=dy = dy-0.0005;
per_pixel_1=basscontrol = 0.7*min(max((0.5*bass+0.5*bass_att)-0.5,0),1.5);
per_pixel_2=zoom = 1- basscontrol*log(sqrt(2)-rad);
per_pixel_3=xrot = (rad-0.4)*1.7*max(0.1*log(sqrt(2)-rad),min((bass_att-1.2),4));
