[preset00]
fRating=3.000000
fGammaAdj=1.980000
fDecay=0.999000
fVideoEchoZoom=1.006596
fVideoEchoAlpha=0.000000
nVideoEchoOrientation=3
nWaveMode=6
bAdditiveWaves=1
bWaveDots=0
bWaveThick=0
bModWaveAlphaByVolume=0
bMaximizeWaveColor=0
bTexWrap=0
bDarkenCenter=0
bRedBlueStereo=0
bBrighten=0
bDarken=0
bSolarize=0
bInvert=1
fWaveAlpha=4.099998
fWaveScale=0.035061
fWaveSmoothing=0.810000
fWaveParam=0.000000
fModWaveAlphaStart=0.710000
fModWaveAlphaEnd=1.300000
fWarpAnimSpeed=1.000000
fWarpScale=1.331000
fZoomExponent=1.000000
fShader=0.000000
zoom=0.999514
rot=0.000000
cx=0.500000
cy=0.500000
dx=0.000000
dy=0.000000
warp=0.010000
sx=1.000995
sy=1.000000
wave_r=0.050000
wave_g=0.100000
wave_b=0.100000
wave_x=0.920000
wave_y=0.500000
ob_size=0.005000
ob_r=1.000000
ob_g=0.030000
ob_b=0.070000
ob_a=0.005000
ib_size=0.005000
ib_r=0.250000
ib_g=0.250000
ib_b=0.250000
ib_a=1.000000
nMotionVectorsX=12.000000
nMotionVectorsY=9.000000
mv_dx=0.000000
mv_dy=0.000000
mv_l=5.000000
mv_r=1.000000
mv_g=1.000000
mv_b=1.000000
mv_a=1.000000
per_frame_1=mv_x =1;
per_frame_2=mv_y =1;
per_frame_3=xmv_dx = 6*sin(time);
per_frame_4=xmv_dy = 8*cos(time);
per_frame_5=wave_r = 0.7+0.3*sin(time*1.125) + 0.1*sin(time*0.145) + 0.1*tan(frame);
per_frame_6=wave_y = wave_y + 0.1*sin(20*time);
per_frame_7=sx = 1.0006;
per_frame_8=LifeSign = if(above(bass+bass_att,2),1,0);
per_frame_9=xwave_mode = if(LifeSign,0,wave_mode);
per_frame_10=wave_mystery = if(LifeSign,-0.5,wave_mystery);
per_frame_11=wave_y = if(LifeSIgn,0.9,wave_y);
per_frame_12=wave_x = if(LifeSIgn,0.5-abs(0.5*sin(bass*treb*50)),wave_x);
per_frame_13=wave_r = if(LifeSign,0,wave_r);
per_frame_14=wave_b = if(LifeSign,0.2+0.2*sin(time*0.245),wave_b);
per_frame_15=wave_g = if(LifeSign,0.8+0.2*sin(time*0.865),wave_g);
per_frame_16=montior = wave_mode;
per_frame_17=ib_a = if(LifeSign,0.7,0.4);
per_pixel_1=dx = 0.01;
