[preset00]
fRating=3.000000
fGammaAdj=1.000000
fDecay=0.900000
fVideoEchoZoom=1.006596
fVideoEchoAlpha=0.000000
nVideoEchoOrientation=3
nWaveMode=1
bAdditiveWaves=1
bWaveDots=0
bModWaveAlphaByVolume=0
bMaximizeWaveColor=0
bTexWrap=0
bDarkenCenter=0
bMotionVectorsOn=0
bRedBlueStereo=0
nMotionVectorsX=2
nMotionVectorsY=48
bBrighten=0
bDarken=0
bSolarize=0
bInvert=0
fWaveAlpha=4.099998
fWaveScale=1.420309
fWaveSmoothing=0.630000
fWaveParam=0.000000
fModWaveAlphaStart=1.000000
fModWaveAlphaEnd=1.000000
fWarpAnimSpeed=1.000000
fWarpScale=1.331000
fZoomExponent=1.000000
fShader=0.000000
zoom=0.999514
rot=0.000000
cx=0.500000
cy=0.500000
dx=0.000000
dy=0.000000
warp=0.010000
sx=1.000000
sy=1.000000
wave_r=1.000000
wave_g=0.800000
wave_b=0.400000
wave_x=0.500000
wave_y=0.500000
ob_size=0.010000
ob_r=0.000000
ob_g=0.000000
ob_b=0.300000
ob_a=0.000000
ib_size=0.025000
ib_r=0.000000
ib_g=0.000000
ib_b=0.000000
ib_a=1.000000
per_frame_1=ib_r=bass;
per_frame_2=ib_g=1+mid-bass;
per_frame_3=ib_b = ib_b + abs(0.5*sin(mid));
per_frame_4=zoom=sin(bass);
per_frame_5=wave_r = wave_r + 0.5*sin(time*1.22);
per_frame_6=wave_b = wave_b + 0.5*sin(time*0.62);
per_frame_7=wave_g = wave_g + 0.5*sin(time*0.81);
per_frame_8=wave_mystery = -0.15 + if(above(bass_att,1.15),0.15,0);
per_frame_9=wave_x = wave_x + sin(2*time)/8;
per_frame_10=wave_y = wave_y - cos(time)/6;
per_frame_11=dy = -0.0005;
per_frame_12=dx = -0.0005;
per_frame_13=ob_a = if(above(treb,1.1),1,0);
per_pixel_1=zoom = zoom - 0.5*log(sqrt(2)-rad) - 0.1*cos(1-rad);
