[preset00]
fRating=2.000000
fGammaAdj=1.000000
fDecay=0.980000
fVideoEchoZoom=2.000000
fVideoEchoAlpha=0.000000
nVideoEchoOrientation=0
nWaveMode=2
bAdditiveWaves=1
bWaveDots=0
bWaveThick=1
bModWaveAlphaByVolume=0
bMaximizeWaveColor=1
bTexWrap=1
bDarkenCenter=0
bRedBlueStereo=0
bBrighten=0
bDarken=0
bSolarize=0
bInvert=0
fWaveAlpha=1.531167
fWaveScale=1.674099
fWaveSmoothing=0.000000
fWaveParam=0.000000
fModWaveAlphaStart=1.050000
fModWaveAlphaEnd=1.350000
fWarpAnimSpeed=1.000000
fWarpScale=1.772000
fZoomExponent=1.001000
fShader=0.000000
zoom=1.007000
rot=0.000000
cx=0.500000
cy=0.500000
dx=0.000000
dy=0.000000
warp=0.000000
sx=1.000000
sy=1.000000
wave_r=0.700000
wave_g=0.300000
wave_b=0.300000
wave_x=0.500000
wave_y=0.500000
ob_size=0.010000
ob_r=0.000000
ob_g=0.000000
ob_b=0.000000
ob_a=0.000000
ib_size=0.010000
ib_r=0.250000
ib_g=0.250000
ib_b=0.250000
ib_a=0.000000
nMotionVectorsX=12.000000
nMotionVectorsY=9.000000
mv_dx=0.000000
mv_dy=0.000000
mv_l=0.900000
mv_r=1.000000
mv_g=1.000000
mv_b=1.000000
mv_a=0.000000
per_frame_1=wave_x = wave_x + 0.2*( 0.60*sin(2.121*time) + 0.5*sin(1.621*time) );
per_frame_2=wave_y = wave_y + 0.2*( 0.60*sin(1.742*time) + 0.5*sin(2.322*time) );
per_frame_3=wave_r = wave_r + 0.200*( 0.60*sin(0.823*time) + 0.40*sin(0.916*time) );
per_frame_4=wave_g = wave_g + 0.500*( 0.60*sin(0.900*time) + 0.40*sin(1.023*time) );
per_frame_5=wave_b = wave_b + 0.500*( 0.60*sin(0.808*time) + 0.40*sin(0.949*time) );
per_pixel_1=zoom = zoom + 0.02 * ( sin(5*cos(2*(sqrt(2)-rad)*ang)) + 0.0 );
