[preset00]
fRating=3.000000
fGammaAdj=2.000000
fDecay=0.980000
fVideoEchoZoom=2.000000
fVideoEchoAlpha=0.000000
nVideoEchoOrientation=0
nWaveMode=0
bAdditiveWaves=0
bWaveDots=0
bWaveThick=1
bModWaveAlphaByVolume=0
bMaximizeWaveColor=1
bTexWrap=0
bDarkenCenter=0
bRedBlueStereo=0
bBrighten=0
bDarken=0
bSolarize=0
bInvert=0
fWaveAlpha=0.800000
fWaveScale=0.010000
fWaveSmoothing=0.700000
fWaveParam=-0.200000
fModWaveAlphaStart=0.750000
fModWaveAlphaEnd=0.950000
fWarpAnimSpeed=1.000000
fWarpScale=2.853000
fZoomExponent=1.000000
fShader=0.000000
zoom=1.014000
rot=0.000000
cx=0.500000
cy=0.500000
dx=0.000000
dy=0.000000
warp=0.000000
sx=1.000000
sy=1.000000
wave_r=0.650000
wave_g=0.650000
wave_b=0.592000
wave_x=0.500000
wave_y=0.500000
ob_size=0.010000
ob_r=0.000000
ob_g=0.000000
ob_b=0.000000
ob_a=0.000000
ib_size=0.010000
ib_r=0.250000
ib_g=0.250000
ib_b=0.250000
ib_a=0.000000
nMotionVectorsX=64.000000
nMotionVectorsY=48.000000
mv_dx=0.000000
mv_dy=0.000000
mv_l=0.000000
mv_r=1.000000
mv_g=1.000000
mv_b=1.000000
mv_a=1.000000
per_frame_1=warp=0;
per_frame_2=wave_r = wave_r + 0.3500*( 0.60*sin(0.933*time) + 0.40*sin(1.045*time) );
per_frame_3=wave_g = wave_g + 0.3500*( 0.60*sin(1.900*time) + 0.40*sin(0.956*time) );
per_frame_4=wave_b = wave_b + 0.3500*( 0.60*sin(0.910*time) + 0.40*sin(0.920*time) );
per_frame_5=q8 = oldq8+if(above(bass+bass_att,2.8),q8+0.0005*pow((bass+bass_att-1),8),0);
per_frame_6=oldq8 = q8;
per_frame_7=monitor = q8;
per_frame_8=mv_r = wave_r;
per_frame_9=mv_b = wave_b;
per_frame_10=mv_g = wave_g;
per_frame_11=mv_l = bass*0.1;
per_pixel_1=rot=0.06+0.06*tan(ang*4+sin(q8));
