[preset00]
fRating=5.000000
fGammaAdj=2.000000
fDecay=1.000000
fVideoEchoZoom=1.001799
fVideoEchoAlpha=0.500000
nVideoEchoOrientation=1
nWaveMode=5
bAdditiveWaves=1
bWaveDots=1
bModWaveAlphaByVolume=1
bMaximizeWaveColor=1
bTexWrap=1
bDarkenCenter=1
bMotionVectorsOn=0
bRedBlueStereo=0
nMotionVectorsX=64
nMotionVectorsY=1
bBrighten=0
bDarken=1
bSolarize=0
bInvert=0
fWaveAlpha=0.995648
fWaveScale=0.995868
fWaveSmoothing=0.837000
fWaveParam=0.000000
fModWaveAlphaStart=0.750000
fModWaveAlphaEnd=0.950000
fWarpAnimSpeed=1.000000
fWarpScale=10.784680
fZoomExponent=1.001700
fShader=0.820000
zoom=1.009989
rot=0.000000
cx=0.500000
cy=0.500000
dx=0.500000
dy=0.500000
warp=1.000000
sx=0.999900
sy=1.000000
wave_r=0.500000
wave_g=0.499900
wave_b=0.500000
wave_x=0.500000
wave_y=0.500000
ob_size=0.010000
ob_r=0.150000
ob_g=0.500000
ob_b=0.200000
ob_a=0.949999
ib_size=0.010000
ib_r=0.250000
ib_g=0.200000
ib_b=0.500000
ib_a=0.949999
per_frame_1=warp = warp*0.5 + bass_att*0.25;
per_frame_2=sx=0.99;
per_frame_3=sy=1.5;
per_frame_4=ib_b=0.5+0.5*sin(time*7);
per_frame_5=zoom=1.35+0.2*sin(time);
per_pixel_1=sy = .99;
per_pixel_2=sx = .98;
per_pixel_3=rot = rot + 1.2566;
per_pixel_4=zoom=zoom-0.5*rad;
