[preset00]
fRating=4.000000
fGammaAdj=1.999993
fDecay=0.980000
fVideoEchoZoom=1.513600
fVideoEchoAlpha=0.000000
nVideoEchoOrientation=0
nWaveMode=3
bAdditiveWaves=1
bWaveDots=1
bModWaveAlphaByVolume=1
bMaximizeWaveColor=1
bTexWrap=1
bDarkenCenter=0
bMotionVectorsOn=0
bRedBlueStereo=0
nMotionVectorsX=64
nMotionVectorsY=1
bBrighten=0
bDarken=0
bSolarize=0
bInvert=0
fWaveAlpha=0.981842
fWaveScale=1.479331
fWaveSmoothing=0.855000
fWaveParam=0.000000
fModWaveAlphaStart=0.750000
fModWaveAlphaEnd=0.950000
fWarpAnimSpeed=2.677198
fWarpScale=1.862300
fZoomExponent=0.364400
fShader=0.600000
zoom=0.970509
rot=0.000000
cx=0.500000
cy=0.500000
dx=0.000000
dy=0.000000
warp=0.198300
sx=0.990099
sy=0.990099
wave_r=0.200000
wave_g=0.200000
wave_b=0.200000
wave_x=0.500000
wave_y=0.500000
ob_size=0.005000
ob_r=0.390000
ob_g=0.150000
ob_b=0.260000
ob_a=0.870000
ib_size=0.015000
ib_r=0.490000
ib_g=0.490000
ib_b=0.490000
ib_a=0.890000
per_frame_1=wave_r = wave_r + 0.350*( 0.60*sin(0.823*time) + 0.40*sin(0.916*time) );
per_frame_2=wave_g = wave_g + 0.350*( 0.60*sin(0.900*time) + 0.40*sin(1.023*time) );
per_frame_3=wave_b = wave_b + 0.350*( 0.60*sin(0.808*time) + 0.40*sin(0.949*time) );
per_frame_4=rot = rot + 0.35*( 0.60*sin(0.21*time) + 0.30*sin(0.339*time) );
per_frame_5=dx = dx + 0.01*( 0.60*sin(0.324*time) + 0.40*sin(0.234*time) );
per_frame_6=dy = dy + 0.01*( 0.60*sin(0.244*time) + 0.40*sin(0.264*time) );
per_frame_7=ib_r = ib_r + 0.2*sin(time*0.54)*bass_att;
per_frame_8=ib_g = ib_g + 0.2*sin(time*0.64)*mid_att;
per_frame_9=ib_b = ib_b + 0.2*sin(time*0.74)*treb_att;
per_pixel_1=bass_factor=.45+.15*bass+att;
per_pixel_2=rot=if(below(rad,bass_factor),sin(time*.3+ang*8+rad*7.5)*.063,rot);
per_pixel_3=zoom=if(below(rad,bass_factor),1-.23*(1-rad)*sin(time*.3+ang*8+rad*7.5),zoom);
per_pixel_4=warp=if(below(rad,bass_factor),0,warp);
