[preset00]
fRating=4.000000
fGammaAdj=2.000000
fDecay=0.996000
fVideoEchoZoom=12.162793
fVideoEchoAlpha=0.000000
nVideoEchoOrientation=0
nWaveMode=5
bAdditiveWaves=0
bWaveDots=0
bWaveThick=0
bModWaveAlphaByVolume=0
bMaximizeWaveColor=1
bTexWrap=0
bDarkenCenter=0
bRedBlueStereo=0
bBrighten=0
bDarken=0
bSolarize=0
bInvert=0
fWaveAlpha=4.141529
fWaveScale=0.432993
fWaveSmoothing=0.720000
fWaveParam=-0.400000
fModWaveAlphaStart=0.000000
fModWaveAlphaEnd=0.950000
fWarpAnimSpeed=1.000000
fWarpScale=1.000000
fZoomExponent=1.000000
fShader=0.000000
zoom=1.019963
rot=0.000000
cx=0.500000
cy=0.500000
dx=0.000000
dy=0.000000
warp=0.018800
sx=1.000000
sy=0.999831
wave_r=0.500000
wave_g=0.500000
wave_b=0.500000
wave_x=0.500000
wave_y=0.500000
ob_size=0.010000
ob_r=0.000000
ob_g=0.000000
ob_b=0.000000
ob_a=0.000000
ib_size=0.010000
ib_r=0.250000
ib_g=0.250000
ib_b=0.250000
ib_a=0.000000
nMotionVectorsX=12.000000
nMotionVectorsY=9.000000
mv_dx=0.000000
mv_dy=0.000000
mv_l=0.900000
mv_r=1.000000
mv_g=1.000000
mv_b=1.000000
mv_a=0.000000
per_frame_1=wave_r =  abs(bass_att);
per_frame_2=wave_g = abs(treb_att);
per_frame_3=wave_b =abs(bass*bass/4);
per_frame_4=decay = 1.06 - max(min(treb,2),.6)*.1;
per_frame_5=wave_x = -1*((treb)/5)*cos((bass/treb)+.2)+.5;
per_frame_6=wave_y = ((treb)/5)*sin((bass/treb)+.2)+.5;
per_frame_7=wave_size = (1.5-bass);
per_frame_8=wave_x = .5*sin(time*time)+.5;
per_frame_9=wave_y = .5*sin(time*time*1.1)+.5;
per_frame_10=wave_rad = sqrt(sqr(wave_x-.5)+sqr(wave_y-.5));
per_frame_11=wave_r =  wave_x + 0*if(above(wave_x,.5),1,.2);
per_frame_12=wave_g = 1-wave_rad;
per_frame_13=wave_b = if(above(wave_x,wave_y),1,.2);
per_frame_14=monitor = wave_rad;
per_pixel_1=dx = (y-.5)*.02*sin(time*.1);
per_pixel_2=dy = (x-.5)*.02*cos(time*.112);
per_pixel_3=
