[preset00]
fRating=2.000000
fGammaAdj=1.000000
fDecay=0.945000
fVideoEchoZoom=1.006596
fVideoEchoAlpha=0.000000
nVideoEchoOrientation=3
nWaveMode=5
bAdditiveWaves=1
bWaveDots=0
bModWaveAlphaByVolume=0
bMaximizeWaveColor=0
bTexWrap=0
bDarkenCenter=0
bRedBlueStereo=0
bBrighten=0
bDarken=0
bSolarize=0
bInvert=0
fWaveAlpha=4.099998
fWaveScale=3.375433
fWaveSmoothing=0.900000
fWaveParam=0.000000
fModWaveAlphaStart=1.649999
fModWaveAlphaEnd=1.220000
fWarpAnimSpeed=1.269734
fWarpScale=1.304774
fZoomExponent=2.130218
fShader=0.000000
zoom=0.804865
rot=-0.200000
cx=0.500000
cy=0.500000
dx=0.000000
dy=0.000000
warp=15.249665
sx=1.000000
sy=1.000000
wave_r=0.000000
wave_g=1.000000
wave_b=0.500000
wave_x=0.500000
wave_y=0.500000
ob_size=0.305000
ob_r=0.350000
ob_g=0.500000
ob_b=0.100000
ob_a=1.000000
ib_size=0.275000
ib_r=0.120000
ib_g=0.300000
ib_b=0.500000
ib_a=0.100000
nMotionVectorsX=12.000000
nMotionVectorsY=9.000000
mv_l=0.550000
mv_r=1.000000
mv_g=1.000000
mv_b=1.000000
mv_a=0.000000
