[preset00] 
fRating=3.000000 
fGammaAdj=1.998000 
fDecay=0.978000 
fVideoEchoZoom=2.298900 
fVideoEchoAlpha=0.680000 
nVideoEchoOrientation=0 
nWaveMode=2 
bAdditiveWaves=0 
bWaveDots=0 
bModWaveAlphaByVolume=0 
bMaximizeWaveColor=1 
bTexWrap=0 
bDarkenCenter=0 
bMotionVectorsOn=0 
bRedBlueStereo=0 
nMotionVectorsX=12 
nMotionVectorsY=9 
bBrighten=0 
bDarken=0 
bSolarize=0 
bInvert=0 
fWaveAlpha=0.800000 
fWaveScale=2.417196 
fWaveSmoothing=0.600000 
fWaveParam=0.000000 
fModWaveAlphaStart=0.750000 
fModWaveAlphaEnd=0.950000 
fWarpAnimSpeed=1.000000 
fWarpScale=2.582783 
fZoomExponent=17.914183 
fShader=0.300000 
zoom=0.898417 
rot=0.000000 
cx=0.500000 
cy=0.500000 
dx=0.000000 
dy=0.000000 
warp=2.155456 
sx=1.000000 
sy=1.000000 
wave_r=0.600000 
wave_g=0.600000 
wave_b=0.600000 
wave_x=0.500000 
wave_y=0.500000 
ob_size=0.010000 
ob_r=0.000000 
ob_g=0.000000 
ob_b=0.000000 
ob_a=1.000000 
ib_size=0.010000 
ib_r=0.250000 
ib_g=0.250000 
ib_b=0.250000 
ib_a=1.000000 
per_frame_1=wave_r = wave_r + 0.400*( 0.60*sin(2.933*time) + 0.40*sin(1.045*time) ); 
per_frame_2=wave_g = wave_g + 0.400*( 0.60*sin(3.900*time) + 0.40*sin(0.956*time) ); 
per_frame_3=wave_b = wave_b + 0.400*( 0.60*sin(1.910*time) + 0.40*sin(0.920*time) ); 
per_frame_4=zoom = zoom + 0.013*( 0.60*sin(0.339*time) + 0.40*sin(0.276*time) ); 
per_frame_5=rot = rot + 0.040*( 0.60*sin(0.381*time) + 0.40*sin(0.579*time) ); 
per_frame_6=ib_r=wave_g; 
per_frame_7=ib_g=wave_b; 
per_frame_8=ib_b=wave_r; 
per_frame_9=ob_r=wave_b; 
per_frame_10=ob_g=wave_r; 
per_frame_11=ob_b=wave_g; 
per_frame_12=q1=.25+.2*sin(time*0.382)+.05*sin(time*0.671); 
per_frame_13=q2=.1+.08*sin(time*1.321)+.02*sin(time*1.599); 
per_frame_14=ib_a=q1; 
per_frame_15=ib_size=q2; 
per_pixel_1=zoom = if(above(bass_att,1),zoom + (x*2-1)*(0.08+0.15*sin(time*0.321)) + (y*2-1)*(0.08+0.25*cos(time*0.321)),1); 
per_pixel_2=rot = if(below(bass,1),rot-sin(time*0.88)*.3*rad,q1); 
per_pixel_3=sx=if(above(treb,.7),sx+(zoom-1)*0.8,sx); 
per_pixel_4=sy=if(above(treb,.7),sy+(zoom-1)*0.8,sy); 
