[preset00]
fRating=5.000000
fGammaAdj=1.000000
fDecay=0.979000
fVideoEchoZoom=0.999510
fVideoEchoAlpha=0.500000
nVideoEchoOrientation=1
nWaveMode=2
bAdditiveWaves=1
bWaveDots=0
bWaveThick=0
bModWaveAlphaByVolume=0
bMaximizeWaveColor=1
bTexWrap=1
bDarkenCenter=0
bRedBlueStereo=0
bBrighten=0
bDarken=0
bSolarize=0
bInvert=0
fWaveAlpha=2.781664
fWaveScale=0.620217
fWaveSmoothing=0.360000
fWaveParam=0.000000
fModWaveAlphaStart=0.750000
fModWaveAlphaEnd=0.950000
fWarpAnimSpeed=1.000000
fWarpScale=1.000000
fZoomExponent=6.811273
fShader=0.800000
zoom=1.009898
rot=0.000000
cx=0.470000
cy=0.500000
dx=0.000000
dy=0.000000
warp=1.000000
sx=0.990000
sy=0.446651
wave_r=0.500000
wave_g=0.500000
wave_b=0.500000
wave_x=0.500000
wave_y=0.500000
ob_size=0.010000
ob_r=0.000000
ob_g=0.000000
ob_b=0.000000
ob_a=0.000000
ib_size=0.000000
ib_r=0.500000
ib_g=0.500000
ib_b=0.500000
ib_a=0.000000
nMotionVectorsX=12.000000
nMotionVectorsY=9.000000
mv_dx=0.000000
mv_dy=0.000000
mv_l=0.900000
mv_r=1.000000
mv_g=1.000000
mv_b=1.000000
mv_a=0.000000
per_frame_1=warp=0;
per_frame_2=state=if(above(bass_att,1.3),2+bass_att,if(above(treb_att,1.3),3,1));
per_frame_3=wave_b=if(above(state,2.8),.2+.2*sin(time),if(equal(state,3),.9+.1*sin(time),.6+.08*sin(time)));
per_frame_4=wave_g=if(above(state,2),0,if(equal(state,2),0,.29));
per_frame_5=wave_r=if(above(state,1),.75+.1*sin(time*.55),0);
per_frame_6=q1=state;
per_frame_7=wave_mystery=time/3+bass/10;
per_frame_8=wave_x=wave_x+.1*sin(time*.876);
per_frame_9=wave_y=wave_y+.1*sin(time*.654);
per_pixel_1=myval=  q1+sin(time/3)/10;
per_pixel_2=zoom=0.9+if(above(myval,2.85),0.135+sin(pow(1-rad,myval%1))/30,0.085+sin(pow(rad,myval%1))/30);
per_pixel_3=rot = if(above(myval,3),sin((rad+x)*q1)-rad,sin(ang*(q1+1))*rad);
per_pixel_4=sx= max(0.9+abs(cos(x+rad)*sin(time)),1);
per_pixel_5=sy= 1+abs(sin(rad*myval))/10;
