[preset00]
fRating=4.000000
fGammaAdj=2.000000
fDecay=0.972000
fVideoEchoZoom=1.008149
fVideoEchoAlpha=0.000000
nVideoEchoOrientation=0
nWaveMode=7
bAdditiveWaves=1
bWaveDots=0
bModWaveAlphaByVolume=0
bMaximizeWaveColor=1
bTexWrap=1
bDarkenCenter=0
bMotionVectorsOn=0
bRedBlueStereo=0
nMotionVectorsX=12
nMotionVectorsY=9
bBrighten=0
bDarken=1
bSolarize=0
bInvert=0
fWaveAlpha=0.463935
fWaveScale=100.000000
fWaveSmoothing=0.000000
fWaveParam=1.000000
fModWaveAlphaStart=0.750000
fModWaveAlphaEnd=0.950000
fWarpAnimSpeed=1.000000
fWarpScale=2.853000
fZoomExponent=1.000000
fShader=1.000000
zoom=1.046000
rot=-0.040000
cx=0.500000
cy=0.500000
dx=0.000000
dy=0.000000
warp=1.805540
sx=1.000000
sy=1.000000
wave_r=0.500000
wave_g=0.500000
wave_b=0.500000
wave_x=0.500000
wave_y=0.500000
ob_size=0.010000
ob_r=0.000000
ob_g=0.000000
ob_b=0.000000
ob_a=0.000000
ib_size=0.010000
ib_r=0.250000
ib_g=0.250000
ib_b=0.250000
ib_a=0.000000
per_frame_1=wave_r = wave_r + 0.400*( 0.60*cos(0.900*time) + 0.40*cos(1.1*time) );
per_frame_2=wave_g = wave_g + 0.400*( 0.60*cos(0.910*time) + 0.40*cos(1.5*time) );
per_frame_3=wave_b = wave_b + 0.400*( 0.60*cos(0.920*time) + 0.40*cos(2.0*time) );
per_frame_4=warp=0;
per_frame_5=zoom=zoom+.1*sin(time*.72);
per_frame_6=cx=cx+.1*sin(time*1.3);
per_frame_7=cy=cy+.1*sin(time*1.7);
per_pixel_1=unchained_factor=max(sin(ang*3+time*2),mid_att*2*sin(rad*10*sin(time)-10*sin(time*.5)));
per_pixel_2=zoom=zoom-unchained_factor*.2;
per_pixel_3=warp=abs(unchained_factor)*2;
