[preset00]
fRating=4.000000
fGammaAdj=1.910000
fDecay=0.980000
fVideoEchoZoom=0.419996
fVideoEchoAlpha=0.000000
nVideoEchoOrientation=0
nWaveMode=3
bAdditiveWaves=0
bWaveDots=0
bWaveThick=0
bModWaveAlphaByVolume=1
bMaximizeWaveColor=1
bTexWrap=1
bDarkenCenter=0
bRedBlueStereo=0
bBrighten=1
bDarken=1
bSolarize=0
bInvert=0
fWaveAlpha=100.000000
fWaveScale=0.897854
fWaveSmoothing=0.900000
fWaveParam=0.000000
fModWaveAlphaStart=0.750000
fModWaveAlphaEnd=0.950000
fWarpAnimSpeed=0.080814
fWarpScale=2.853000
fZoomExponent=2.188900
fShader=0.000000
zoom=0.683898
rot=0.100000
cx=0.500000
cy=0.500000
dx=0.000000
dy=0.000000
warp=0.010000
sx=1.000000
sy=1.000000
wave_r=0.400000
wave_g=0.400000
wave_b=0.000000
wave_x=0.500000
wave_y=0.470000
ob_size=0.010000
ob_r=1.000000
ob_g=1.000000
ob_b=0.000000
ob_a=0.300000
ib_size=0.000000
ib_r=0.250000
ib_g=0.250000
ib_b=0.250000
ib_a=0.000000
nMotionVectorsX=64.000000
nMotionVectorsY=48.000000
mv_dx=-0.500000
mv_dy=0.100000
mv_l=0.050000
mv_r=0.000000
mv_g=0.000000
mv_b=1.000000
mv_a=1.000000
per_frame_1=zoom =zoom+ 0.023*( 0.60*sin(0.339*time) + 0.40*sin(0.276*time) );
per_frame_2=rot = sin(time*0.5-bass/5)+ 0.030*( 0.60*sin(0.381*time) + 0.40*sin(0.579*time) );
per_frame_3=decay = decay*10 - 0.02*equal(frame%40,0);
per_frame_4=wave_r= sin(bass*1000*mid);
per_frame_5=wave_b=wave_b+cos(bass*treb);
