[preset00]
fRating=4.000000
fGammaAdj=2.000000
fDecay=0.980000
fVideoEchoZoom=2.000000
fVideoEchoAlpha=0.000000
nVideoEchoOrientation=0
nWaveMode=2
bAdditiveWaves=0
bWaveDots=0
bModWaveAlphaByVolume=0
bMaximizeWaveColor=1
bTexWrap=0
bDarkenCenter=1
bRedBlueStereo=0
bBrighten=0
bDarken=0
bSolarize=0
bInvert=0
fWaveAlpha=0.800000
fWaveScale=8.926907
fWaveSmoothing=0.750000
fWaveParam=-0.280000
fModWaveAlphaStart=0.750000
fModWaveAlphaEnd=0.950000
fWarpAnimSpeed=1.000000
fWarpScale=1.000000
fZoomExponent=1.000000
fShader=0.000000
zoom=1.000000
rot=0.000000
cx=0.500000
cy=0.500000
dx=0.000000
dy=0.000000
warp=1.000000
sx=1.000000
sy=1.000000
wave_r=0.500000
wave_g=0.500000
wave_b=0.500000
wave_x=0.500000
wave_y=0.500000
ob_size=0.010000
ob_r=0.000000
ob_g=0.000000
ob_b=0.000000
ob_a=1.000000
ib_size=0.010000
ib_r=0.200000
ib_g=0.000000
ib_b=0.250000
ib_a=0.090000
nMotionVectorsX=12.000000
nMotionVectorsY=9.000000
mv_l=0.900000
mv_r=1.000000
mv_g=1.000000
mv_b=1.000000
mv_a=0.000000
per_frame_1=warp = 0;
per_frame_2=dx = dx - .001;
per_frame_3=dy = dy - .001;
per_frame_4=wave_r = wave_r + .29*sin(time*.555)+bass_att;
per_frame_5=wave_g = wave_g + .29*sin(time*.555) + treb_att;
per_frame_6=wave_b = wave_b + .29*sin(time*.555) + mid_att;
per_frame_7=q1 = .5;
per_frame_8=q2 = .5;
per_frame_9=q1 = q1 + .3*sin(time*.666);
per_frame_10=q2 = q2 + .3*sin(time*.444);
per_pixel_1=crad = abs((x*q1)*(y*q2))*10 + bass_att*.1;
per_pixel_2=dx = if(above(x,q1),(dx / (crad - q1))*.1,(dx + (crad * q1))*.07);
per_pixel_3=dy = if(above(y,q2),(dy / (crad - q2))*.1,(dy + (crad * q2))*.07);
