[preset00]
fRating=4.000000
fGammaAdj=2.000000
fDecay=0.970000
fVideoEchoZoom=2.000000
fVideoEchoAlpha=0.000000
nVideoEchoOrientation=0
nWaveMode=5
bAdditiveWaves=0
bWaveDots=0
bWaveThick=0
bModWaveAlphaByVolume=0
bMaximizeWaveColor=1
bTexWrap=1
bDarkenCenter=0
bRedBlueStereo=0
bBrighten=0
bDarken=0
bSolarize=0
bInvert=0
fWaveAlpha=1.958904
fWaveScale=3.300357
fWaveSmoothing=0.540000
fWaveParam=0.000000
fModWaveAlphaStart=0.750000
fModWaveAlphaEnd=0.950000
fWarpAnimSpeed=1.000000
fWarpScale=1.000000
fZoomExponent=1.000000
fShader=0.000000
zoom=1.000000
rot=0.000000
cx=0.500000
cy=0.500000
dx=0.000000
dy=0.000000
warp=1.000000
sx=1.000000
sy=1.000000
wave_r=0.500000
wave_g=0.500000
wave_b=0.500000
wave_x=0.500000
wave_y=0.500000
ob_size=0.310000
ob_r=0.300000
ob_g=0.000000
ob_b=0.000000
ob_a=0.000000
ib_size=0.010000
ib_r=0.250000
ib_g=0.250000
ib_b=0.250000
ib_a=0.000000
nMotionVectorsX=12.000000
nMotionVectorsY=9.000000
mv_dx=0.000000
mv_dy=0.000000
mv_l=0.900000
mv_r=1.000000
mv_g=1.000000
mv_b=1.000000
mv_a=0.000000
per_frame_1=warp = 0;
per_frame_2=dcounter = if( equal(dcounter,0),if(above(bass,1.5),bass,dcounter), if(below(dcounter,0),0,if(above(bass_att,1.35),dcounter+.05,dcounter-.05)));
per_frame_3=tcounter = if( equal(dcounter,0),if(above(treb,1.5),treb*.5,tcounter), if(below(tcounter,0),0,if(above(treb_att,1.35),tcounter+.05,tcounter-.05)));
per_frame_4=q1 = dcounter;
per_frame_5=q2 = tcounter;
per_frame_6=wave_r = .4 + .2*sin(time)+.3*bass;
per_frame_7=wave_g = .4 + .2*sin(time*.222)+.3*treb;
per_frame_8=wave_b = .4 + .2*sin(time*.555)+.3*mid;
per_pixel_1=zoom = (q1*.05)+1;
per_pixel_2=rot = sin(rad*15)*q2*.1;
per_frame_init_1=dcounter = 0;
per_frame_init_2=tcounter = 0;
