[preset00]
fRating=4.000000
fGammaAdj=2.000000
fDecay=0.980000
fVideoEchoZoom=2.000000
fVideoEchoAlpha=0.000000
nVideoEchoOrientation=0
nWaveMode=6
bAdditiveWaves=0
bWaveDots=0
bWaveThick=0
bModWaveAlphaByVolume=0
bMaximizeWaveColor=1
bTexWrap=1
bDarkenCenter=0
bRedBlueStereo=0
bBrighten=0
bDarken=0
bSolarize=0
bInvert=0
fWaveAlpha=1.315701
fWaveScale=1.028415
fWaveSmoothing=0.720000
fWaveParam=0.000000
fModWaveAlphaStart=0.750000
fModWaveAlphaEnd=0.950000
fWarpAnimSpeed=1.000000
fWarpScale=1.000000
fZoomExponent=1.000000
fShader=0.000000
zoom=1.000000
rot=0.000000
cx=0.500000
cy=0.500000
dx=0.000000
dy=0.000000
warp=1.000000
sx=1.000000
sy=1.000000
wave_r=0.500000
wave_g=0.500000
wave_b=0.500000
wave_x=0.500000
wave_y=0.500000
ob_size=0.500000
ob_r=0.000000
ob_g=0.000000
ob_b=0.000000
ob_a=0.000000
ib_size=0.010000
ib_r=0.500000
ib_g=0.500000
ib_b=0.500000
ib_a=1.000000
nMotionVectorsX=12.000000
nMotionVectorsY=9.000000
mv_dx=0.000000
mv_dy=0.000000
mv_l=0.900000
mv_r=1.000000
mv_g=1.000000
mv_b=1.000000
mv_a=0.000000
per_frame_1=warp = 0;
per_frame_2=wave_r = wave_r + .35*sin(time);
per_frame_3=wave_b = wave_b + .35*sin(time*2);
per_frame_4=wave_g = wave_g + .35*sin(time*3);
per_frame_5=wave_mystery = .5*time;
per_frame_6=ib_a = ib_a - mid_att*.5;
per_frame_7=ib_r = wave_b;
per_frame_8=ib_g = wave_r;
per_frame_9=ib_b = wave_g;
per_pixel_1=unknown = rad + (x+y)*(ang*.01);
per_pixel_2=zoom = zoom + .1*sin(unknown*time*10);
per_pixel_3=zoom = zoom + .1*atan(unknown/time);
per_pixel_4=zoom = zoom + pow(rad,2)*.1;
